# 2Theta    Intensity
4.8253e-03  0.0000e+00
8.6884e-03  1.0000e+00
1.4671e-02  8.5714e-01
2.0661e-02  -4.4444e-01
2.6684e-02  2.1250e+00
3.2709e-02  -4.0000e-01
3.8745e-02  -3.8095e-01
4.4782e-02  2.4000e+00
5.0824e-02  -2.5829e-08
5.6866e-02  5.2174e-01
6.2910e-02  1.3714e+00
6.8956e-02  9.1892e-01
7.5003e-02  5.2632e-01
8.1050e-02  8.3333e-01
8.7098e-02  1.0889e+00
9.3147e-02  -2.7660e-01
9.9196e-02  1.2000e+00
1.0525e-01  -5.6364e-01
1.1130e-01  5.7627e-01
1.1735e-01  -2.1429e-01
1.2340e-01  1.2833e+00
1.2945e-01  9.8592e-01
1.3550e-01  4.8438e-01
1.4155e-01  1.0132e+00
1.4760e-01  6.7606e-01
1.5365e-01  1.2558e+00
1.5970e-01  -2.6761e-01
1.6575e-01  5.3333e-01
1.7180e-01  1.5217e-01
1.7786e-01  1.1609e+00
1.8391e-01  9.8914e-01
1.8996e-01  2.7835e-01
1.9601e-01  1.0094e+00
2.0206e-01  1.0639e-02
2.0811e-01  1.7257e+00
2.1417e-01  1.0797e+00
2.2022e-01  1.7947e+00
2.2627e-01  1.2411e+00
2.3232e-01  1.5041e+00
2.3837e-01  1.5403e+00
2.4442e-01  1.8017e+00
2.5048e-01  1.8672e+00
2.5653e-01  1.3357e+00
2.6258e-01  2.3226e+00
2.6863e-01  2.0000e+00
2.7468e-01  3.1449e+00
2.8074e-01  3.3264e+00
2.8679e-01  3.5525e+00
2.9284e-01  3.4935e+00
2.9889e-01  3.2516e+00
3.0494e-01  3.7104e+00
3.1100e-01  3.8344e+00
3.1705e-01  4.9346e+00
3.2310e-01  4.3581e+00
3.2915e-01  4.6059e+00
3.3521e-01  4.2866e+00
3.4126e-01  5.2693e+00
3.4731e-01  5.2236e+00
3.5336e-01  5.0383e+00
3.5941e-01  5.8377e+00
3.6547e-01  5.2291e+00
3.7152e-01  5.8797e+00
3.7757e-01  5.5159e+00
3.8362e-01  6.1215e+00
3.8967e-01  6.6044e+00
3.9573e-01  6.1925e+00
4.0178e-01  6.5626e+00
4.0783e-01  7.3002e+00
4.1388e-01  7.0188e+00
4.1993e-01  6.4486e+00
4.2599e-01  7.1882e+00
4.3204e-01  7.3460e+00
4.3809e-01  6.9563e+00
4.4414e-01  7.7688e+00
4.5019e-01  7.0413e+00
4.5625e-01  6.9590e+00
4.6230e-01  8.0043e+00
4.6835e-01  7.8019e+00
4.7440e-01  8.1885e+00
4.8045e-01  6.9843e+00
4.8651e-01  8.0680e+00
4.9256e-01  8.1443e+00
4.9861e-01  8.3478e+00
5.0466e-01  7.8084e+00
5.1071e-01  8.6011e+00
5.1677e-01  8.2703e+00
5.2282e-01  8.1578e+00
5.2887e-01  8.6011e+00
5.3492e-01  8.2408e+00
5.4097e-01  8.3491e+00
5.4703e-01  9.1599e+00
5.5308e-01  8.6572e+00
5.5913e-01  8.3091e+00
5.6518e-01  8.4289e+00
5.7123e-01  9.0786e+00
5.7729e-01  8.3485e+00
5.8334e-01  8.8463e+00
5.8939e-01  8.4938e+00
5.9544e-01  8.8004e+00
6.0149e-01  9.1208e+00
6.0754e-01  8.8678e+00
6.1360e-01  8.8982e+00
6.1965e-01  8.7106e+00
6.2570e-01  9.0634e+00
6.3175e-01  9.5179e+00
6.3780e-01  9.3150e+00
6.4386e-01  9.3615e+00
6.4991e-01  8.9770e+00
6.5596e-01  9.2924e+00
6.6201e-01  9.7900e+00
6.6806e-01  9.2256e+00
6.7411e-01  9.8477e+00
6.8017e-01  9.7419e+00
6.8622e-01  9.3728e+00
6.9227e-01  9.7769e+00
6.9832e-01  9.8655e+00
7.0437e-01  9.7965e+00
7.1042e-01  1.0035e+01
7.1648e-01  1.0211e+01
7.2253e-01  9.6655e+00
7.2858e-01  1.0231e+01
7.3463e-01  1.0254e+01
7.4068e-01  9.9219e+00
7.4673e-01  1.0132e+01
7.5279e-01  1.0370e+01
7.5884e-01  1.0412e+01
7.6489e-01  1.0326e+01
7.7094e-01  1.0544e+01
7.7699e-01  1.0626e+01
7.8304e-01  1.0413e+01
7.8909e-01  1.0520e+01
7.9515e-01  1.0838e+01
8.0120e-01  1.0799e+01
8.0725e-01  1.1010e+01
8.1330e-01  1.1126e+01
8.1935e-01  1.1333e+01
8.2540e-01  1.1630e+01
8.3145e-01  1.1448e+01
8.3751e-01  1.1544e+01
8.4356e-01  1.1605e+01
8.4961e-01  1.1463e+01
8.5566e-01  1.2092e+01
8.6171e-01  1.2110e+01
8.6776e-01  1.2226e+01
8.7381e-01  1.2518e+01
8.7986e-01  1.2374e+01
8.8592e-01  1.2735e+01
8.9197e-01  1.3080e+01
8.9802e-01  1.3062e+01
9.0407e-01  1.3206e+01
9.1012e-01  1.2893e+01
9.1617e-01  1.3056e+01
9.2222e-01  1.3841e+01
9.2827e-01  1.3731e+01
9.3432e-01  1.4279e+01
9.4037e-01  1.4155e+01
9.4643e-01  1.3943e+01
9.5248e-01  1.4627e+01
9.5853e-01  1.4386e+01
9.6458e-01  1.4415e+01
9.7063e-01  1.4325e+01
9.7668e-01  1.4584e+01
9.8273e-01  1.4875e+01
9.8878e-01  1.4899e+01
9.9483e-01  1.4590e+01
1.0009e+00  1.4874e+01
1.0069e+00  1.4850e+01
1.0130e+00  1.4521e+01
1.0190e+00  1.5144e+01
1.0251e+00  1.5008e+01
1.0311e+00  1.4664e+01
1.0372e+00  1.5266e+01
1.0432e+00  1.4932e+01
1.0493e+00  1.5185e+01
1.0553e+00  1.5089e+01
1.0614e+00  1.5493e+01
1.0674e+00  1.5172e+01
1.0735e+00  1.5266e+01
1.0795e+00  1.5396e+01
1.0856e+00  1.5479e+01
1.0916e+00  1.5091e+01
1.0977e+00  1.5018e+01
1.1037e+00  1.5073e+01
1.1098e+00  1.5253e+01
1.1158e+00  1.5127e+01
1.1219e+00  1.5184e+01
1.1279e+00  1.5874e+01
1.1340e+00  1.6024e+01
1.1400e+00  1.5233e+01
1.1461e+00  1.5762e+01
1.1521e+00  1.6270e+01
1.1582e+00  1.5483e+01
1.1642e+00  1.5807e+01
1.1703e+00  1.5533e+01
1.1763e+00  1.6302e+01
1.1824e+00  1.5977e+01
1.1884e+00  1.5915e+01
1.1945e+00  1.6425e+01
1.2005e+00  1.5810e+01
1.2066e+00  1.6475e+01
1.2126e+00  1.6419e+01
1.2187e+00  1.6141e+01
1.2247e+00  1.6318e+01
1.2308e+00  1.6459e+01
1.2368e+00  1.6645e+01
1.2429e+00  1.6690e+01
1.2489e+00  1.6659e+01
1.2550e+00  1.7309e+01
1.2610e+00  1.6542e+01
1.2671e+00  1.7057e+01
1.2731e+00  1.7018e+01
1.2792e+00  1.6847e+01
1.2852e+00  1.7304e+01
1.2913e+00  1.7123e+01
1.2973e+00  1.7327e+01
1.3034e+00  1.7506e+01
1.3094e+00  1.7485e+01
1.3155e+00  1.7671e+01
1.3215e+00  1.7739e+01
1.3276e+00  1.7858e+01
1.3336e+00  1.7981e+01
1.3397e+00  1.8423e+01
1.3457e+00  1.8474e+01
1.3518e+00  1.8152e+01
1.3578e+00  1.8403e+01
1.3639e+00  1.7167e+01
1.3699e+00  1.7587e+01
1.3760e+00  1.7808e+01
1.3820e+00  1.8186e+01
1.3881e+00  1.8180e+01
1.3941e+00  1.7646e+01
1.4002e+00  1.8481e+01
1.4062e+00  1.8050e+01
1.4123e+00  1.7857e+01
1.4183e+00  1.8065e+01
1.4244e+00  1.7975e+01
1.4304e+00  1.7588e+01
1.4365e+00  1.8199e+01
1.4425e+00  1.7732e+01
1.4486e+00  1.7359e+01
1.4546e+00  1.8034e+01
1.4607e+00  1.7762e+01
1.4667e+00  1.7708e+01
1.4728e+00  1.7685e+01
1.4788e+00  1.7630e+01
1.4849e+00  1.7733e+01
1.4909e+00  1.7196e+01
1.4970e+00  1.7184e+01
1.5030e+00  1.7989e+01
1.5091e+00  1.7303e+01
1.5151e+00  1.8083e+01
1.5212e+00  1.7551e+01
1.5272e+00  1.7625e+01
1.5333e+00  1.7153e+01
1.5393e+00  1.7584e+01
1.5454e+00  1.7396e+01
1.5514e+00  1.7448e+01
1.5575e+00  1.7474e+01
1.5635e+00  1.7584e+01
1.5695e+00  1.7422e+01
1.5756e+00  1.7274e+01
1.5816e+00  1.6956e+01
1.5877e+00  1.6957e+01
1.5937e+00  1.7491e+01
1.5998e+00  1.7450e+01
1.6058e+00  1.7051e+01
1.6119e+00  1.7081e+01
1.6179e+00  1.7272e+01
1.6240e+00  1.6802e+01
1.6300e+00  1.7208e+01
1.6361e+00  1.7449e+01
1.6421e+00  1.7405e+01
1.6482e+00  1.7268e+01
1.6542e+00  1.7233e+01
1.6603e+00  1.7467e+01
1.6663e+00  1.7283e+01
1.6724e+00  1.7284e+01
1.6784e+00  1.7135e+01
1.6845e+00  1.7445e+01
1.6905e+00  1.7518e+01
1.6966e+00  1.7576e+01
1.7026e+00  1.7233e+01
1.7086e+00  1.7579e+01
1.7147e+00  1.7666e+01
1.7207e+00  1.7232e+01
1.7268e+00  1.7567e+01
1.7328e+00  1.7532e+01
1.7389e+00  1.7338e+01
1.7449e+00  1.7618e+01
1.7510e+00  1.7724e+01
1.7570e+00  1.7719e+01
1.7631e+00  1.7546e+01
1.7691e+00  1.7447e+01
1.7752e+00  1.7804e+01
1.7812e+00  1.8075e+01
1.7873e+00  1.7833e+01
1.7933e+00  1.7842e+01
1.7994e+00  1.7766e+01
1.8054e+00  1.7511e+01
1.8115e+00  1.7731e+01
1.8175e+00  1.7821e+01
1.8235e+00  1.7581e+01
1.8296e+00  1.7802e+01
1.8356e+00  1.7877e+01
1.8417e+00  1.7560e+01
1.8477e+00  1.7491e+01
1.8538e+00  1.7503e+01
1.8598e+00  1.7689e+01
1.8659e+00  1.7679e+01
1.8719e+00  1.7512e+01
1.8780e+00  1.7583e+01
1.8840e+00  1.7072e+01
1.8901e+00  1.7590e+01
1.8961e+00  1.7428e+01
1.9021e+00  1.7008e+01
1.9082e+00  1.7242e+01
1.9142e+00  1.6851e+01
1.9203e+00  1.7451e+01
1.9263e+00  1.7003e+01
1.9324e+00  1.7312e+01
1.9384e+00  1.7391e+01
1.9445e+00  1.7048e+01
1.9505e+00  1.6942e+01
1.9566e+00  1.7159e+01
1.9626e+00  1.7566e+01
1.9687e+00  1.7378e+01
1.9747e+00  1.7264e+01
1.9807e+00  1.7280e+01
1.9868e+00  1.7477e+01
1.9928e+00  1.7059e+01
1.9989e+00  1.7690e+01
2.0049e+00  1.7681e+01
2.0110e+00  1.7440e+01
2.0170e+00  1.7365e+01
2.0231e+00  1.7346e+01
2.0291e+00  1.7200e+01
2.0352e+00  1.7244e+01
2.0412e+00  1.7310e+01
2.0472e+00  1.7216e+01
2.0533e+00  1.7468e+01
2.0593e+00  1.7070e+01
2.0654e+00  1.7060e+01
2.0714e+00  1.7038e+01
2.0775e+00  1.7026e+01
2.0835e+00  1.7171e+01
2.0896e+00  1.7163e+01
2.0956e+00  1.6826e+01
2.1016e+00  1.6934e+01
2.1077e+00  1.6865e+01
2.1137e+00  1.6811e+01
2.1198e+00  1.7161e+01
2.1258e+00  1.6819e+01
2.1319e+00  1.6849e+01
2.1379e+00  1.6871e+01
2.1440e+00  1.6954e+01
2.1500e+00  1.6929e+01
2.1561e+00  1.6917e+01
2.1621e+00  1.6939e+01
2.1681e+00  1.6814e+01
2.1742e+00  1.6490e+01
2.1802e+00  1.6753e+01
2.1863e+00  1.6901e+01
2.1923e+00  1.6736e+01
2.1984e+00  1.6639e+01
2.2044e+00  1.6616e+01
2.2104e+00  1.6514e+01
2.2165e+00  1.6579e+01
2.2225e+00  1.6685e+01
2.2286e+00  1.6586e+01
2.2346e+00  1.6298e+01
2.2407e+00  1.6432e+01
2.2467e+00  1.6567e+01
2.2528e+00  1.6494e+01
2.2588e+00  1.6419e+01
2.2648e+00  1.6635e+01
2.2709e+00  1.6574e+01
2.2769e+00  1.6463e+01
2.2830e+00  1.6116e+01
2.2890e+00  1.6338e+01
2.2951e+00  1.6200e+01
2.3011e+00  1.6402e+01
2.3071e+00  1.6599e+01
2.3132e+00  1.6506e+01
2.3192e+00  1.6734e+01
2.3253e+00  1.6087e+01
2.3313e+00  1.6517e+01
2.3374e+00  1.6050e+01
2.3434e+00  1.6224e+01
2.3494e+00  1.6174e+01
2.3555e+00  1.5948e+01
2.3615e+00  1.6186e+01
2.3676e+00  1.6129e+01
2.3736e+00  1.6059e+01
2.3797e+00  1.5771e+01
2.3857e+00  1.5846e+01
2.3917e+00  1.6115e+01
2.3978e+00  1.5745e+01
2.4038e+00  1.6075e+01
2.4099e+00  1.5931e+01
2.4159e+00  1.5650e+01
2.4220e+00  1.5734e+01
2.4280e+00  1.6023e+01
2.4340e+00  1.5813e+01
2.4401e+00  1.6142e+01
2.4461e+00  1.5786e+01
2.4522e+00  1.6130e+01
2.4582e+00  1.5980e+01
2.4642e+00  1.6146e+01
2.4703e+00  1.6225e+01
2.4763e+00  1.6277e+01
2.4824e+00  1.6129e+01
2.4884e+00  1.5917e+01
2.4945e+00  1.6053e+01
2.5005e+00  1.6280e+01
2.5065e+00  1.6232e+01
2.5126e+00  1.5938e+01
2.5186e+00  1.6274e+01
2.5247e+00  1.6175e+01
2.5307e+00  1.6060e+01
2.5367e+00  1.6193e+01
2.5428e+00  1.6257e+01
2.5488e+00  1.6086e+01
2.5549e+00  1.6394e+01
2.5609e+00  1.6042e+01
2.5670e+00  1.6638e+01
2.5730e+00  1.6735e+01
2.5790e+00  1.7063e+01
2.5851e+00  1.7978e+01
2.5911e+00  1.9989e+01
2.5972e+00  2.5447e+01
2.6032e+00  3.9633e+01
2.6092e+00  6.5566e+01
2.6153e+00  1.0629e+02
2.6213e+00  1.2935e+02
2.6274e+00  1.0714e+02
2.6334e+00  6.6360e+01
2.6394e+00  3.8452e+01
2.6455e+00  2.6013e+01
2.6515e+00  2.0180e+01
2.6576e+00  1.8011e+01
2.6636e+00  1.7142e+01
2.6696e+00  1.6750e+01
2.6757e+00  1.6366e+01
2.6817e+00  1.6051e+01
2.6878e+00  1.6111e+01
2.6938e+00  1.6128e+01
2.6998e+00  1.6060e+01
2.7059e+00  1.5970e+01
2.7119e+00  1.5971e+01
2.7180e+00  1.5912e+01
2.7240e+00  1.5610e+01
2.7300e+00  1.5652e+01
2.7361e+00  1.5450e+01
2.7421e+00  1.5713e+01
2.7482e+00  1.5789e+01
2.7542e+00  1.5370e+01
2.7602e+00  1.5732e+01
2.7663e+00  1.5674e+01
2.7723e+00  1.5703e+01
2.7783e+00  1.5830e+01
2.7844e+00  1.5479e+01
2.7904e+00  1.5900e+01
2.7965e+00  1.5195e+01
2.8025e+00  1.5065e+01
2.8085e+00  1.4951e+01
2.8146e+00  1.4910e+01
2.8206e+00  1.4919e+01
2.8267e+00  1.4646e+01
2.8327e+00  1.4731e+01
2.8387e+00  1.4701e+01
2.8448e+00  1.4603e+01
2.8508e+00  1.4883e+01
2.8568e+00  1.4927e+01
2.8629e+00  1.5271e+01
2.8689e+00  1.5537e+01
2.8750e+00  1.5696e+01
2.8810e+00  1.5227e+01
2.8870e+00  1.5011e+01
2.8931e+00  1.4505e+01
2.8991e+00  1.4329e+01
2.9052e+00  1.4092e+01
2.9112e+00  1.4043e+01
2.9172e+00  1.3994e+01
2.9233e+00  1.3937e+01
2.9293e+00  1.4001e+01
2.9353e+00  1.3954e+01
2.9414e+00  1.4176e+01
2.9474e+00  1.3804e+01
2.9534e+00  1.3785e+01
2.9595e+00  1.4000e+01
2.9655e+00  1.3817e+01
2.9716e+00  1.3638e+01
2.9776e+00  1.3637e+01
2.9836e+00  1.3597e+01
2.9897e+00  1.3650e+01
2.9957e+00  1.3675e+01
3.0017e+00  1.3466e+01
3.0078e+00  1.3662e+01
3.0138e+00  1.3897e+01
3.0199e+00  1.3444e+01
3.0259e+00  1.3740e+01
3.0319e+00  1.3744e+01
3.0380e+00  1.3489e+01
3.0440e+00  1.3700e+01
3.0500e+00  1.3436e+01
3.0561e+00  1.3209e+01
3.0621e+00  1.3496e+01
3.0681e+00  1.3452e+01
3.0742e+00  1.3598e+01
3.0802e+00  1.3480e+01
3.0862e+00  1.3568e+01
3.0923e+00  1.3655e+01
3.0983e+00  1.3573e+01
3.1044e+00  1.3795e+01
3.1104e+00  1.3618e+01
3.1164e+00  1.3766e+01
3.1225e+00  1.3784e+01
3.1285e+00  1.3709e+01
3.1345e+00  1.3711e+01
3.1406e+00  1.3727e+01
3.1466e+00  1.3628e+01
3.1526e+00  1.3547e+01
3.1587e+00  1.3421e+01
3.1647e+00  1.3418e+01
3.1707e+00  1.3639e+01
3.1768e+00  1.3671e+01
3.1828e+00  1.3509e+01
3.1888e+00  1.3312e+01
3.1949e+00  1.3491e+01
3.2009e+00  1.3639e+01
3.2070e+00  1.3863e+01
3.2130e+00  1.3782e+01
3.2190e+00  1.3768e+01
3.2251e+00  1.3858e+01
3.2311e+00  1.3889e+01
3.2371e+00  1.3977e+01
3.2432e+00  1.4013e+01
3.2492e+00  1.3886e+01
3.2552e+00  1.4019e+01
3.2613e+00  1.4143e+01
3.2673e+00  1.4057e+01
3.2733e+00  1.3716e+01
3.2794e+00  1.3658e+01
3.2854e+00  1.3361e+01
3.2914e+00  1.3151e+01
3.2975e+00  1.3059e+01
3.3035e+00  1.2980e+01
3.3095e+00  1.3009e+01
3.3156e+00  1.2930e+01
3.3216e+00  1.2936e+01
3.3276e+00  1.2690e+01
3.3337e+00  1.2323e+01
3.3397e+00  1.2711e+01
3.3457e+00  1.2340e+01
3.3518e+00  1.2469e+01
3.3578e+00  1.2165e+01
3.3638e+00  1.2300e+01
3.3699e+00  1.2244e+01
3.3759e+00  1.2334e+01
3.3819e+00  1.2099e+01
3.3879e+00  1.2065e+01
3.3940e+00  1.2182e+01
3.4000e+00  1.1795e+01
3.4060e+00  1.1848e+01
3.4121e+00  1.1959e+01
3.4181e+00  1.1617e+01
3.4241e+00  1.1695e+01
3.4302e+00  1.1688e+01
3.4362e+00  1.1796e+01
3.4422e+00  1.1520e+01
3.4483e+00  1.1732e+01
3.4543e+00  1.1848e+01
3.4603e+00  1.1572e+01
3.4664e+00  1.1617e+01
3.4724e+00  1.1744e+01
3.4784e+00  1.1724e+01
3.4845e+00  1.1792e+01
3.4905e+00  1.1972e+01
3.4965e+00  1.1990e+01
3.5025e+00  1.1653e+01
3.5086e+00  1.1780e+01
3.5146e+00  1.1667e+01
3.5206e+00  1.1561e+01
3.5267e+00  1.1333e+01
3.5327e+00  1.1151e+01
3.5387e+00  1.1087e+01
3.5448e+00  1.1189e+01
3.5508e+00  1.1231e+01
3.5568e+00  1.1199e+01
3.5629e+00  1.1179e+01
3.5689e+00  1.1051e+01
3.5749e+00  1.1014e+01
3.5809e+00  1.1097e+01
3.5870e+00  1.1173e+01
3.5930e+00  1.1130e+01
3.5990e+00  1.1185e+01
3.6051e+00  1.1183e+01
3.6111e+00  1.1083e+01
3.6171e+00  1.1150e+01
3.6231e+00  1.1159e+01
3.6292e+00  1.1175e+01
3.6352e+00  1.1316e+01
3.6412e+00  1.1254e+01
3.6473e+00  1.1458e+01
3.6533e+00  1.1725e+01
3.6593e+00  1.2205e+01
3.6654e+00  1.3118e+01
3.6714e+00  1.5024e+01
3.6774e+00  1.9612e+01
3.6834e+00  3.1951e+01
3.6895e+00  6.1914e+01
3.6955e+00  1.1633e+02
3.7015e+00  2.0019e+02
3.7075e+00  2.3450e+02
3.7136e+00  2.1301e+02
3.7196e+00  1.2869e+02
3.7256e+00  6.2810e+01
3.7317e+00  3.5912e+01
3.7377e+00  2.0546e+01
3.7437e+00  1.5180e+01
3.7497e+00  1.3236e+01
3.7558e+00  1.1903e+01
3.7618e+00  1.1325e+01
3.7678e+00  1.1183e+01
3.7739e+00  1.0850e+01
3.7799e+00  1.0672e+01
3.7859e+00  1.0581e+01
3.7919e+00  1.0214e+01
3.7980e+00  1.0207e+01
3.8040e+00  1.0192e+01
3.8100e+00  1.0091e+01
3.8160e+00  1.0093e+01
3.8221e+00  9.7922e+00
3.8281e+00  9.7713e+00
3.8341e+00  9.6826e+00
3.8401e+00  9.8432e+00
3.8462e+00  9.5737e+00
3.8522e+00  9.2828e+00
3.8582e+00  9.5849e+00
3.8643e+00  9.5128e+00
3.8703e+00  9.7055e+00
3.8763e+00  9.4687e+00
3.8823e+00  9.3714e+00
3.8884e+00  9.2806e+00
3.8944e+00  9.5925e+00
3.9004e+00  9.7222e+00
3.9064e+00  9.6380e+00
3.9125e+00  9.8559e+00
3.9185e+00  9.5409e+00
3.9245e+00  9.6989e+00
3.9305e+00  9.5669e+00
3.9366e+00  9.4446e+00
3.9426e+00  9.1076e+00
3.9486e+00  9.4214e+00
3.9546e+00  9.2037e+00
3.9607e+00  9.1535e+00
3.9667e+00  9.2637e+00
3.9727e+00  9.0183e+00
3.9787e+00  9.1583e+00
3.9848e+00  9.1151e+00
3.9908e+00  9.0423e+00
3.9968e+00  8.9918e+00
4.0028e+00  9.1169e+00
4.0088e+00  9.1239e+00
4.0149e+00  9.1367e+00
4.0209e+00  9.2130e+00
4.0269e+00  9.2871e+00
4.0329e+00  9.6356e+00
4.0390e+00  9.7337e+00
4.0450e+00  1.0127e+01
4.0510e+00  1.0791e+01
4.0570e+00  1.1434e+01
4.0631e+00  1.1554e+01
4.0691e+00  1.1831e+01
4.0751e+00  1.1149e+01
4.0811e+00  1.0577e+01
4.0871e+00  1.0136e+01
4.0932e+00  1.0029e+01
4.0992e+00  1.0073e+01
4.1052e+00  1.0114e+01
4.1112e+00  1.0182e+01
4.1173e+00  1.0156e+01
4.1233e+00  1.0452e+01
4.1293e+00  1.0467e+01
4.1353e+00  1.0323e+01
4.1413e+00  1.0083e+01
4.1474e+00  9.5094e+00
4.1534e+00  9.5199e+00
4.1594e+00  9.1357e+00
4.1654e+00  8.8620e+00
4.1715e+00  8.8896e+00
4.1775e+00  8.8808e+00
4.1835e+00  8.7346e+00
4.1895e+00  8.7418e+00
4.1955e+00  8.4691e+00
4.2016e+00  8.4088e+00
4.2076e+00  8.4277e+00
4.2136e+00  8.3326e+00
4.2196e+00  8.4041e+00
4.2256e+00  8.2609e+00
4.2317e+00  8.4506e+00
4.2377e+00  8.2392e+00
4.2437e+00  8.3052e+00
4.2497e+00  8.5099e+00
4.2557e+00  8.3999e+00
4.2618e+00  8.3475e+00
4.2678e+00  8.5457e+00
4.2738e+00  8.4919e+00
4.2798e+00  8.6614e+00
4.2858e+00  8.4977e+00
4.2919e+00  8.3936e+00
4.2979e+00  8.3301e+00
4.3039e+00  8.2970e+00
4.3099e+00  8.2775e+00
4.3159e+00  8.1575e+00
4.3220e+00  8.2221e+00
4.3280e+00  8.4107e+00
4.3340e+00  8.1153e+00
4.3400e+00  8.1301e+00
4.3460e+00  8.1648e+00
4.3521e+00  8.2192e+00
4.3581e+00  8.2025e+00
4.3641e+00  8.2439e+00
4.3701e+00  8.2662e+00
4.3761e+00  8.4278e+00
4.3822e+00  8.7356e+00
4.3882e+00  8.6713e+00
4.3942e+00  8.7616e+00
4.4002e+00  8.3876e+00
4.4062e+00  8.2918e+00
4.4122e+00  8.3104e+00
4.4183e+00  8.1059e+00
4.4243e+00  8.2689e+00
4.4303e+00  8.0798e+00
4.4363e+00  8.0645e+00
4.4423e+00  8.1476e+00
4.4483e+00  8.1402e+00
4.4544e+00  8.0118e+00
4.4604e+00  8.3523e+00
4.4664e+00  8.3379e+00
4.4724e+00  8.0386e+00
4.4784e+00  8.3680e+00
4.4844e+00  8.3535e+00
4.4905e+00  8.6473e+00
4.4965e+00  9.0010e+00
4.5025e+00  9.3294e+00
4.5085e+00  1.1271e+01
4.5145e+00  1.4116e+01
4.5205e+00  2.4358e+01
4.5266e+00  4.6810e+01
4.5326e+00  6.4013e+01
4.5386e+00  8.8503e+01
4.5446e+00  8.2562e+01
4.5506e+00  6.6597e+01
4.5566e+00  3.8680e+01
4.5627e+00  2.2292e+01
4.5687e+00  1.4587e+01
4.5747e+00  1.0837e+01
4.5807e+00  9.4715e+00
4.5867e+00  9.0575e+00
4.5927e+00  8.6593e+00
4.5987e+00  8.2615e+00
4.6048e+00  8.1956e+00
4.6108e+00  8.2361e+00
4.6168e+00  8.0311e+00
4.6228e+00  8.1692e+00
4.6288e+00  8.0722e+00
4.6348e+00  7.8443e+00
4.6408e+00  7.9227e+00
4.6469e+00  7.9341e+00
4.6529e+00  7.9406e+00
4.6589e+00  7.8650e+00
4.6649e+00  7.6747e+00
4.6709e+00  7.8790e+00
4.6769e+00  7.4587e+00
4.6829e+00  7.8109e+00
4.6890e+00  7.7627e+00
4.6950e+00  7.7334e+00
4.7010e+00  7.6542e+00
4.7070e+00  7.5189e+00
4.7130e+00  7.6692e+00
4.7190e+00  7.5862e+00
4.7250e+00  7.7971e+00
4.7310e+00  7.7525e+00
4.7371e+00  7.6343e+00
4.7431e+00  7.7135e+00
4.7491e+00  7.9829e+00
4.7551e+00  7.9739e+00
4.7611e+00  7.8001e+00
4.7671e+00  7.9124e+00
4.7731e+00  7.4518e+00
4.7791e+00  7.4296e+00
4.7851e+00  7.3003e+00
4.7912e+00  7.5687e+00
4.7972e+00  7.3175e+00
4.8032e+00  7.4548e+00
4.8092e+00  7.5940e+00
4.8152e+00  7.3438e+00
4.8212e+00  7.3050e+00
4.8272e+00  7.4076e+00
4.8332e+00  7.5071e+00
4.8392e+00  7.4570e+00
4.8453e+00  7.4713e+00
4.8513e+00  7.3032e+00
4.8573e+00  7.2298e+00
4.8633e+00  7.4192e+00
4.8693e+00  7.2972e+00
4.8753e+00  7.4510e+00
4.8813e+00  7.4094e+00
4.8873e+00  7.7301e+00
4.8933e+00  7.6027e+00
4.8994e+00  7.7277e+00
4.9054e+00  7.6453e+00
4.9114e+00  7.6913e+00
4.9174e+00  7.6161e+00
4.9234e+00  7.3648e+00
4.9294e+00  7.7303e+00
4.9354e+00  7.8232e+00
4.9414e+00  7.6241e+00
4.9474e+00  7.6330e+00
4.9534e+00  7.7517e+00
4.9594e+00  7.8914e+00
4.9654e+00  8.0634e+00
4.9715e+00  8.5860e+00
4.9775e+00  8.5367e+00
4.9835e+00  8.3425e+00
4.9895e+00  8.0501e+00
4.9955e+00  7.9458e+00
5.0015e+00  7.8266e+00
5.0075e+00  7.5945e+00
5.0135e+00  7.4598e+00
5.0195e+00  7.2773e+00
5.0255e+00  7.2355e+00
5.0315e+00  7.3406e+00
5.0375e+00  7.2440e+00
5.0435e+00  7.3554e+00
5.0496e+00  7.2627e+00
5.0556e+00  7.1432e+00
5.0616e+00  7.1758e+00
5.0676e+00  7.3210e+00
5.0736e+00  7.0809e+00
5.0796e+00  7.3451e+00
5.0856e+00  7.1072e+00
5.0916e+00  7.6050e+00
5.0976e+00  7.2848e+00
5.1036e+00  7.4159e+00
5.1096e+00  7.2654e+00
5.1156e+00  7.2756e+00
5.1216e+00  7.2659e+00
5.1276e+00  7.1770e+00
5.1336e+00  7.5235e+00
5.1396e+00  7.4643e+00
5.1456e+00  7.7903e+00
5.1517e+00  7.7104e+00
5.1577e+00  7.8746e+00
5.1637e+00  7.6569e+00
5.1697e+00  7.5678e+00
5.1757e+00  7.3705e+00
5.1817e+00  7.5817e+00
5.1877e+00  7.3475e+00
5.1937e+00  7.4887e+00
5.1997e+00  7.7424e+00
5.2057e+00  8.1104e+00
5.2117e+00  8.8331e+00
5.2177e+00  1.1149e+01
5.2237e+00  1.5425e+01
5.2297e+00  2.4096e+01
5.2357e+00  3.5691e+01
5.2417e+00  4.7986e+01
5.2477e+00  4.1955e+01
5.2537e+00  3.5947e+01
5.2597e+00  2.4486e+01
5.2657e+00  1.4894e+01
5.2717e+00  1.0371e+01
5.2777e+00  8.7381e+00
5.2837e+00  7.8610e+00
5.2897e+00  7.5940e+00
5.2957e+00  7.4750e+00
5.3017e+00  7.6526e+00
5.3077e+00  7.3638e+00
5.3137e+00  7.0703e+00
5.3197e+00  7.2208e+00
5.3258e+00  7.2462e+00
5.3318e+00  7.1787e+00
5.3378e+00  7.1809e+00
5.3438e+00  7.2462e+00
5.3498e+00  7.1814e+00
5.3558e+00  7.2088e+00
5.3618e+00  7.1928e+00
5.3678e+00  7.4058e+00
5.3738e+00  7.3592e+00
5.3798e+00  7.1725e+00
5.3858e+00  7.4610e+00
5.3918e+00  7.3109e+00
5.3978e+00  7.3291e+00
5.4038e+00  7.5666e+00
5.4098e+00  7.6223e+00
5.4158e+00  7.4324e+00
5.4218e+00  7.1573e+00
5.4278e+00  7.3682e+00
5.4338e+00  7.2828e+00
5.4398e+00  7.2595e+00
5.4458e+00  7.0829e+00
5.4518e+00  7.0734e+00
5.4578e+00  7.0528e+00
5.4638e+00  7.3113e+00
5.4698e+00  7.0566e+00
5.4758e+00  6.9192e+00
5.4818e+00  6.9798e+00
5.4878e+00  7.1060e+00
5.4938e+00  7.0491e+00
5.4997e+00  7.0804e+00
5.5057e+00  7.0993e+00
5.5117e+00  7.0100e+00
5.5177e+00  7.2042e+00
5.5237e+00  7.0336e+00
5.5297e+00  7.1401e+00
5.5357e+00  6.9890e+00
5.5417e+00  7.1534e+00
5.5477e+00  7.0166e+00
5.5537e+00  7.3136e+00
5.5597e+00  7.1884e+00
5.5657e+00  7.1154e+00
5.5717e+00  7.2447e+00
5.5777e+00  7.2882e+00
5.5837e+00  7.3800e+00
5.5897e+00  6.9930e+00
5.5957e+00  7.2779e+00
5.6017e+00  7.1595e+00
5.6077e+00  7.1500e+00
5.6137e+00  7.4105e+00
5.6197e+00  7.1158e+00
5.6257e+00  7.1251e+00
5.6317e+00  7.2686e+00
5.6377e+00  7.2867e+00
5.6437e+00  7.4291e+00
5.6497e+00  7.0818e+00
5.6557e+00  7.3308e+00
5.6617e+00  7.0607e+00
5.6677e+00  7.3048e+00
5.6736e+00  7.1775e+00
5.6796e+00  7.1309e+00
5.6856e+00  7.1550e+00
5.6916e+00  7.2904e+00
5.6976e+00  7.2810e+00
5.7036e+00  7.0523e+00
5.7096e+00  7.2158e+00
5.7156e+00  7.1757e+00
5.7216e+00  7.3207e+00
5.7276e+00  7.5510e+00
5.7336e+00  7.6280e+00
5.7396e+00  7.7579e+00
5.7456e+00  7.9434e+00
5.7516e+00  7.9404e+00
5.7576e+00  7.7797e+00
5.7636e+00  7.6770e+00
5.7695e+00  7.6276e+00
5.7755e+00  7.2791e+00
5.7815e+00  7.5083e+00
5.7875e+00  7.2393e+00
5.7935e+00  7.1741e+00
5.7995e+00  7.1681e+00
5.8055e+00  7.4268e+00
5.8115e+00  7.7191e+00
5.8175e+00  7.9525e+00
5.8235e+00  8.4390e+00
5.8295e+00  1.0406e+01
5.8355e+00  1.3781e+01
5.8415e+00  2.3414e+01
5.8474e+00  4.3830e+01
5.8534e+00  7.2457e+01
5.8594e+00  1.0169e+02
5.8654e+00  1.0653e+02
5.8714e+00  9.0531e+01
5.8774e+00  5.8465e+01
5.8834e+00  3.2219e+01
5.8894e+00  1.8143e+01
5.8954e+00  1.1982e+01
5.9014e+00  9.3994e+00
5.9073e+00  8.2877e+00
5.9133e+00  7.7580e+00
5.9193e+00  7.6103e+00
5.9253e+00  7.2595e+00
5.9313e+00  7.4055e+00
5.9373e+00  7.1724e+00
5.9433e+00  7.1186e+00
5.9493e+00  7.0395e+00
5.9553e+00  6.9742e+00
5.9613e+00  6.8467e+00
5.9672e+00  6.8415e+00
5.9732e+00  6.8041e+00
5.9792e+00  6.9776e+00
5.9852e+00  6.7167e+00
5.9912e+00  6.7774e+00
5.9972e+00  6.7497e+00
6.0032e+00  6.7781e+00
6.0092e+00  6.6911e+00
6.0151e+00  6.6291e+00
6.0211e+00  6.6687e+00
6.0271e+00  6.6789e+00
6.0331e+00  6.4351e+00
6.0391e+00  6.8095e+00
6.0451e+00  6.6116e+00
6.0511e+00  6.4412e+00
6.0571e+00  6.5507e+00
6.0630e+00  6.6702e+00
6.0690e+00  6.6335e+00
6.0750e+00  6.6762e+00
6.0810e+00  6.7414e+00
6.0870e+00  6.6467e+00
6.0930e+00  6.7514e+00
6.0990e+00  6.9088e+00
6.1049e+00  6.6364e+00
6.1109e+00  6.6496e+00
6.1169e+00  6.8902e+00
6.1229e+00  6.8316e+00
6.1289e+00  6.8745e+00
6.1349e+00  6.9866e+00
6.1409e+00  7.0740e+00
6.1468e+00  7.0180e+00
6.1528e+00  7.1080e+00
6.1588e+00  7.2410e+00
6.1648e+00  7.1149e+00
6.1708e+00  7.1077e+00
6.1768e+00  7.4371e+00
6.1827e+00  7.3216e+00
6.1887e+00  7.2961e+00
6.1947e+00  7.1899e+00
6.2007e+00  6.8638e+00
6.2067e+00  7.0421e+00
6.2127e+00  6.8803e+00
6.2186e+00  6.9110e+00
6.2246e+00  6.6829e+00
6.2306e+00  6.6941e+00
6.2366e+00  6.5103e+00
6.2426e+00  6.8320e+00
6.2486e+00  6.5946e+00
6.2545e+00  6.6267e+00
6.2605e+00  6.6411e+00
6.2665e+00  6.5016e+00
6.2725e+00  6.6372e+00
6.2785e+00  6.4953e+00
6.2844e+00  6.6696e+00
6.2904e+00  6.6135e+00
6.2964e+00  6.5031e+00
6.3024e+00  6.4459e+00
6.3084e+00  6.4003e+00
6.3144e+00  6.6484e+00
6.3203e+00  6.6247e+00
6.3263e+00  6.5717e+00
6.3323e+00  6.5947e+00
6.3383e+00  6.8344e+00
6.3443e+00  6.6270e+00
6.3502e+00  6.6201e+00
6.3562e+00  6.7727e+00
6.3622e+00  6.5690e+00
6.3682e+00  6.7930e+00
6.3742e+00  6.9399e+00
6.3801e+00  7.1060e+00
6.3861e+00  7.8395e+00
6.3921e+00  9.1571e+00
6.3981e+00  1.2374e+01
6.4041e+00  1.9651e+01
6.4100e+00  3.2854e+01
6.4160e+00  5.1585e+01
6.4220e+00  6.3638e+01
6.4280e+00  5.8790e+01
6.4339e+00  4.6415e+01
6.4399e+00  3.1180e+01
6.4459e+00  1.8808e+01
6.4519e+00  1.1739e+01
6.4579e+00  8.9825e+00
6.4638e+00  7.9333e+00
6.4698e+00  7.2171e+00
6.4758e+00  6.6669e+00
6.4818e+00  6.7787e+00
6.4877e+00  6.8329e+00
6.4937e+00  6.8087e+00
6.4997e+00  6.6495e+00
6.5057e+00  6.8328e+00
6.5116e+00  6.8135e+00
6.5176e+00  6.6365e+00
6.5236e+00  6.4405e+00
6.5296e+00  6.5690e+00
6.5356e+00  6.3230e+00
6.5415e+00  6.3696e+00
6.5475e+00  6.2636e+00
6.5535e+00  6.3701e+00
6.5595e+00  6.2126e+00
6.5654e+00  6.3160e+00
6.5714e+00  6.2504e+00
6.5774e+00  6.2330e+00
6.5834e+00  6.1878e+00
6.5893e+00  6.2264e+00
6.5953e+00  6.0672e+00
6.6013e+00  6.2513e+00
6.6072e+00  6.3933e+00
6.6132e+00  6.2380e+00
6.6192e+00  6.0157e+00
6.6252e+00  6.2651e+00
6.6311e+00  6.1539e+00
6.6371e+00  6.2455e+00
6.6431e+00  6.2250e+00
6.6491e+00  6.0828e+00
6.6550e+00  6.1982e+00
6.6610e+00  6.2956e+00
6.6670e+00  6.1260e+00
6.6730e+00  6.1643e+00
6.6789e+00  6.0851e+00
6.6849e+00  6.2082e+00
6.6909e+00  6.2906e+00
6.6968e+00  6.0632e+00
6.7028e+00  6.3469e+00
6.7088e+00  6.1966e+00
6.7148e+00  6.1166e+00
6.7207e+00  6.0593e+00
6.7267e+00  6.2161e+00
6.7327e+00  6.2750e+00
6.7386e+00  6.2715e+00
6.7446e+00  6.2242e+00
6.7506e+00  6.1333e+00
6.7566e+00  6.1435e+00
6.7625e+00  6.2269e+00
6.7685e+00  6.2708e+00
6.7745e+00  6.1361e+00
6.7804e+00  6.3915e+00
6.7864e+00  6.0582e+00
6.7924e+00  6.2259e+00
6.7983e+00  6.1962e+00
6.8043e+00  6.2695e+00
6.8103e+00  6.1815e+00
6.8163e+00  6.4490e+00
6.8222e+00  6.3334e+00
6.8282e+00  6.3773e+00
6.8342e+00  6.4176e+00
6.8401e+00  6.4627e+00
6.8461e+00  6.3273e+00
6.8521e+00  6.3542e+00
6.8580e+00  6.2791e+00
6.8640e+00  6.2656e+00
6.8700e+00  6.0914e+00
6.8759e+00  6.2684e+00
6.8819e+00  6.2154e+00
6.8879e+00  6.1894e+00
6.8938e+00  6.3977e+00
6.8998e+00  6.1130e+00
6.9058e+00  6.3049e+00
6.9117e+00  6.3124e+00
6.9177e+00  6.2382e+00
6.9237e+00  6.2734e+00
6.9296e+00  6.4849e+00
6.9356e+00  6.3293e+00
6.9416e+00  6.3696e+00
6.9475e+00  6.3435e+00
6.9535e+00  6.1914e+00
6.9595e+00  6.0914e+00
6.9654e+00  6.2468e+00
6.9714e+00  6.1967e+00
6.9774e+00  6.2189e+00
6.9833e+00  6.1880e+00
6.9893e+00  6.2517e+00
6.9953e+00  6.2893e+00
7.0012e+00  6.2322e+00
7.0072e+00  6.2290e+00
7.0131e+00  6.2667e+00
7.0191e+00  6.6065e+00
7.0251e+00  6.9046e+00
7.0310e+00  7.1247e+00
7.0370e+00  7.1275e+00
7.0430e+00  7.2542e+00
7.0489e+00  7.2011e+00
7.0549e+00  7.2015e+00
7.0609e+00  7.0264e+00
7.0668e+00  6.9287e+00
7.0728e+00  6.7569e+00
7.0787e+00  6.5336e+00
7.0847e+00  6.4437e+00
7.0907e+00  6.3745e+00
7.0966e+00  6.3015e+00
7.1026e+00  6.3668e+00
7.1085e+00  6.2342e+00
7.1145e+00  5.9839e+00
7.1205e+00  6.2043e+00
7.1264e+00  6.0947e+00
7.1324e+00  5.8607e+00
7.1384e+00  6.1111e+00
7.1443e+00  6.1445e+00
7.1503e+00  6.0893e+00
7.1562e+00  6.1257e+00
7.1622e+00  6.1889e+00
7.1682e+00  6.2182e+00
7.1741e+00  6.1167e+00
7.1801e+00  6.0336e+00
7.1860e+00  6.1245e+00
7.1920e+00  6.1271e+00
7.1980e+00  6.1860e+00
7.2039e+00  6.1410e+00
7.2099e+00  6.1657e+00
7.2158e+00  6.0769e+00
7.2218e+00  6.1596e+00
7.2277e+00  6.2562e+00
7.2337e+00  6.1518e+00
7.2397e+00  6.1203e+00
7.2456e+00  6.1069e+00
7.2516e+00  6.0763e+00
7.2575e+00  5.9881e+00
7.2635e+00  6.2544e+00
7.2695e+00  6.2538e+00
7.2754e+00  6.0737e+00
7.2814e+00  6.2362e+00
7.2873e+00  6.1844e+00
7.2933e+00  6.0468e+00
7.2992e+00  6.2626e+00
7.3052e+00  6.3240e+00
7.3112e+00  6.1216e+00
7.3171e+00  6.0487e+00
7.3231e+00  6.1232e+00
7.3290e+00  6.2717e+00
7.3350e+00  6.2390e+00
7.3409e+00  6.0512e+00
7.3469e+00  6.1225e+00
7.3528e+00  6.2718e+00
7.3588e+00  6.1188e+00
7.3648e+00  6.2496e+00
7.3707e+00  6.2298e+00
7.3767e+00  6.4287e+00
7.3826e+00  6.5354e+00
7.3886e+00  7.5362e+00
7.3945e+00  9.1606e+00
7.4005e+00  1.1821e+01
7.4064e+00  1.8207e+01
7.4124e+00  2.2315e+01
7.4183e+00  2.6091e+01
7.4243e+00  2.3531e+01
7.4302e+00  1.8949e+01
7.4362e+00  1.3253e+01
7.4422e+00  9.6930e+00
7.4481e+00  7.7674e+00
7.4541e+00  7.0536e+00
7.4600e+00  6.8342e+00
7.4660e+00  6.4575e+00
7.4719e+00  6.1113e+00
7.4779e+00  6.3202e+00
7.4838e+00  6.2059e+00
7.4898e+00  6.2170e+00
7.4957e+00  6.2240e+00
7.5017e+00  6.1699e+00
7.5076e+00  6.1269e+00
7.5136e+00  6.1893e+00
7.5195e+00  5.9868e+00
7.5255e+00  6.2222e+00
7.5314e+00  5.9949e+00
7.5374e+00  6.3885e+00
7.5433e+00  6.3020e+00
7.5493e+00  6.2624e+00
7.5552e+00  6.2202e+00
7.5612e+00  6.3126e+00
7.5671e+00  6.4483e+00
7.5731e+00  6.6881e+00
7.5790e+00  6.5553e+00
7.5850e+00  6.4404e+00
7.5909e+00  6.3804e+00
7.5969e+00  6.4019e+00
7.6028e+00  6.2710e+00
7.6088e+00  6.2494e+00
7.6147e+00  6.3119e+00
7.6207e+00  6.4047e+00
7.6266e+00  6.1439e+00
7.6326e+00  6.1796e+00
7.6385e+00  6.0216e+00
7.6445e+00  6.4225e+00
7.6504e+00  6.2459e+00
7.6564e+00  6.3095e+00
7.6623e+00  6.2672e+00
7.6682e+00  6.2727e+00
7.6742e+00  6.3578e+00
7.6801e+00  6.1788e+00
7.6861e+00  6.2178e+00
7.6920e+00  6.3366e+00
7.6980e+00  6.4566e+00
7.7039e+00  6.3357e+00
7.7099e+00  6.3373e+00
7.7158e+00  6.6144e+00
7.7218e+00  6.3392e+00
7.7277e+00  6.2506e+00
7.7336e+00  6.5040e+00
7.7396e+00  6.2981e+00
7.7455e+00  6.4115e+00
7.7515e+00  6.3935e+00
7.7574e+00  6.3790e+00
7.7634e+00  6.6186e+00
7.7693e+00  6.4399e+00
7.7753e+00  6.3263e+00
7.7812e+00  6.2497e+00
7.7871e+00  6.4056e+00
7.7931e+00  6.4041e+00
7.7990e+00  6.3674e+00
7.8050e+00  6.5250e+00
7.8109e+00  6.6775e+00
7.8169e+00  6.9893e+00
7.8228e+00  7.2449e+00
7.8287e+00  7.8026e+00
7.8347e+00  8.9002e+00
7.8406e+00  1.1618e+01
7.8466e+00  1.7670e+01
7.8525e+00  2.8829e+01
7.8585e+00  4.5206e+01
7.8644e+00  5.7097e+01
7.8703e+00  6.0849e+01
7.8763e+00  5.4035e+01
7.8822e+00  4.4538e+01
7.8882e+00  2.8259e+01
7.8941e+00  1.7367e+01
7.9000e+00  1.0952e+01
7.9060e+00  8.5595e+00
7.9119e+00  7.3956e+00
7.9179e+00  7.1145e+00
7.9238e+00  6.8093e+00
7.9297e+00  6.3832e+00
7.9357e+00  6.3638e+00
7.9416e+00  6.3787e+00
7.9476e+00  6.3646e+00
7.9535e+00  6.6192e+00
7.9594e+00  6.2549e+00
7.9654e+00  6.3166e+00
7.9713e+00  6.3515e+00
7.9772e+00  6.1760e+00
7.9832e+00  6.3760e+00
7.9891e+00  6.2394e+00
7.9951e+00  6.0570e+00
8.0010e+00  6.1923e+00
8.0069e+00  6.1474e+00
8.0129e+00  6.0253e+00
8.0188e+00  6.0922e+00
8.0247e+00  6.2041e+00
8.0307e+00  6.1108e+00
8.0366e+00  6.4011e+00
8.0425e+00  6.0446e+00
8.0485e+00  6.0304e+00
8.0544e+00  6.1512e+00
8.0604e+00  6.2485e+00
8.0663e+00  6.0911e+00
8.0722e+00  6.1658e+00
8.0782e+00  6.0592e+00
8.0841e+00  6.0826e+00
8.0900e+00  6.2328e+00
8.0960e+00  6.2105e+00
8.1019e+00  6.3120e+00
8.1078e+00  6.2004e+00
8.1138e+00  6.3006e+00
8.1197e+00  6.3168e+00
8.1256e+00  6.4089e+00
8.1316e+00  6.3979e+00
8.1375e+00  6.5061e+00
8.1434e+00  6.4642e+00
8.1494e+00  6.6152e+00
8.1553e+00  6.3327e+00
8.1612e+00  6.0933e+00
8.1672e+00  6.2165e+00
8.1731e+00  6.1601e+00
8.1790e+00  6.2166e+00
8.1850e+00  6.1123e+00
8.1909e+00  6.1064e+00
8.1968e+00  6.2705e+00
8.2028e+00  6.3629e+00
8.2087e+00  6.3193e+00
8.2146e+00  6.3633e+00
8.2206e+00  6.3096e+00
8.2265e+00  6.3609e+00
8.2324e+00  6.4264e+00
8.2383e+00  6.4301e+00
8.2443e+00  6.7476e+00
8.2502e+00  6.9157e+00
8.2561e+00  7.1535e+00
8.2621e+00  8.2681e+00
8.2680e+00  1.0385e+01
8.2739e+00  1.4925e+01
8.2799e+00  2.3993e+01
8.2858e+00  3.6057e+01
8.2917e+00  4.5170e+01
8.2976e+00  4.4860e+01
8.3036e+00  4.0129e+01
8.3095e+00  2.9212e+01
8.3154e+00  1.9326e+01
8.3214e+00  1.2671e+01
8.3273e+00  9.2265e+00
8.3332e+00  7.6970e+00
8.3391e+00  6.8196e+00
8.3451e+00  6.4665e+00
8.3510e+00  6.3286e+00
8.3569e+00  6.3595e+00
8.3628e+00  6.3095e+00
8.3688e+00  6.3616e+00
8.3747e+00  6.3358e+00
8.3806e+00  6.0949e+00
8.3865e+00  6.2772e+00
8.3925e+00  6.1330e+00
8.3984e+00  6.1271e+00
8.4043e+00  6.1964e+00
8.4102e+00  6.0770e+00
8.4162e+00  6.0240e+00
8.4221e+00  6.0614e+00
8.4280e+00  6.0381e+00
8.4339e+00  6.0460e+00
8.4399e+00  5.9303e+00
8.4458e+00  6.1758e+00
8.4517e+00  6.0450e+00
8.4576e+00  6.0807e+00
8.4636e+00  6.0385e+00
8.4695e+00  6.1168e+00
8.4754e+00  6.0537e+00
8.4813e+00  6.1240e+00
8.4873e+00  6.1253e+00
8.4932e+00  6.0859e+00
8.4991e+00  6.0745e+00
8.5050e+00  6.0697e+00
8.5109e+00  6.0397e+00
8.5169e+00  6.0886e+00
8.5228e+00  5.9719e+00
8.5287e+00  5.8077e+00
8.5346e+00  5.9657e+00
8.5406e+00  5.9945e+00
8.5465e+00  6.0617e+00
8.5524e+00  5.9667e+00
8.5583e+00  6.1975e+00
8.5642e+00  6.0038e+00
8.5702e+00  5.9814e+00
8.5761e+00  6.0413e+00
8.5820e+00  6.1081e+00
8.5879e+00  6.2003e+00
8.5938e+00  6.0077e+00
8.5998e+00  6.1960e+00
8.6057e+00  6.2064e+00
8.6116e+00  6.2813e+00
8.6175e+00  6.1326e+00
8.6234e+00  6.3800e+00
8.6294e+00  6.2328e+00
8.6353e+00  6.3189e+00
8.6412e+00  6.1473e+00
8.6471e+00  6.4017e+00
8.6530e+00  6.4490e+00
8.6589e+00  6.6835e+00
8.6649e+00  6.8742e+00
8.6708e+00  7.5332e+00
8.6767e+00  9.4876e+00
8.6826e+00  1.2816e+01
8.6885e+00  1.8540e+01
8.6944e+00  2.5648e+01
8.7004e+00  2.8428e+01
8.7063e+00  2.6933e+01
8.7122e+00  2.2907e+01
8.7181e+00  1.6854e+01
8.7240e+00  1.1949e+01
8.7299e+00  8.7981e+00
8.7359e+00  7.4483e+00
8.7418e+00  6.8469e+00
8.7477e+00  6.4930e+00
8.7536e+00  6.1775e+00
8.7595e+00  6.2702e+00
8.7654e+00  6.2866e+00
8.7713e+00  6.2041e+00
8.7773e+00  6.2871e+00
8.7832e+00  6.4189e+00
8.7891e+00  6.0391e+00
8.7950e+00  6.2524e+00
8.8009e+00  6.0481e+00
8.8068e+00  6.0855e+00
8.8127e+00  5.9972e+00
8.8186e+00  6.1610e+00
8.8246e+00  6.0397e+00
8.8305e+00  5.9402e+00
8.8364e+00  6.1053e+00
8.8423e+00  6.1402e+00
8.8482e+00  6.1302e+00
8.8541e+00  6.1294e+00
8.8600e+00  5.9511e+00
8.8659e+00  6.1957e+00
8.8718e+00  6.1590e+00
8.8778e+00  6.0252e+00
8.8837e+00  6.1329e+00
8.8896e+00  6.1708e+00
8.8955e+00  5.8798e+00
8.9014e+00  6.1468e+00
8.9073e+00  6.0205e+00
8.9132e+00  6.0359e+00
8.9191e+00  6.1346e+00
8.9250e+00  6.0360e+00
8.9309e+00  5.9795e+00
8.9369e+00  6.0422e+00
8.9428e+00  6.0435e+00
8.9487e+00  6.1907e+00
8.9546e+00  6.1349e+00
8.9605e+00  6.2001e+00
8.9664e+00  6.0494e+00
8.9723e+00  6.1652e+00
8.9782e+00  6.1586e+00
8.9841e+00  6.1351e+00
8.9900e+00  6.1019e+00
8.9959e+00  6.1208e+00
9.0018e+00  5.9083e+00
9.0077e+00  6.1857e+00
9.0137e+00  6.1345e+00
9.0196e+00  5.9315e+00
9.0255e+00  6.1445e+00
9.0314e+00  5.9044e+00
9.0373e+00  5.9792e+00
9.0432e+00  6.1829e+00
9.0491e+00  5.9950e+00
9.0550e+00  6.4175e+00
9.0609e+00  6.6070e+00
9.0668e+00  6.9826e+00
9.0727e+00  7.8605e+00
9.0786e+00  8.6483e+00
9.0845e+00  9.8865e+00
9.0904e+00  9.6874e+00
9.0963e+00  9.7368e+00
9.1022e+00  8.7307e+00
9.1081e+00  8.2064e+00
9.1140e+00  7.0400e+00
9.1199e+00  6.5674e+00
9.1258e+00  6.2535e+00
9.1317e+00  6.2351e+00
9.1376e+00  6.1961e+00
9.1435e+00  6.1390e+00
9.1494e+00  5.8909e+00
9.1553e+00  5.8532e+00
9.1612e+00  5.9087e+00
9.1671e+00  5.9940e+00
9.1730e+00  5.9133e+00
9.1789e+00  6.1749e+00
9.1848e+00  6.0241e+00
9.1908e+00  5.9464e+00
9.1967e+00  5.9007e+00
9.2026e+00  5.9500e+00
9.2085e+00  6.0053e+00
9.2144e+00  6.0130e+00
9.2202e+00  5.8156e+00
9.2261e+00  5.8678e+00
9.2320e+00  5.8140e+00
9.2379e+00  5.8399e+00
9.2438e+00  5.8841e+00
9.2497e+00  5.9588e+00
9.2556e+00  5.8189e+00
9.2615e+00  5.9463e+00
9.2674e+00  5.7378e+00
9.2733e+00  5.8289e+00
9.2792e+00  5.7745e+00
9.2851e+00  5.7044e+00
9.2910e+00  5.9033e+00
9.2969e+00  5.9146e+00
9.3028e+00  5.9319e+00
9.3087e+00  5.8541e+00
9.3146e+00  5.9650e+00
9.3205e+00  5.9501e+00
9.3264e+00  5.8464e+00
9.3323e+00  5.9713e+00
9.3382e+00  5.8553e+00
9.3441e+00  5.7689e+00
9.3500e+00  5.9591e+00
9.3559e+00  5.9292e+00
9.3618e+00  5.8291e+00
9.3677e+00  6.0054e+00
9.3736e+00  5.9918e+00
9.3795e+00  5.8316e+00
9.3854e+00  5.7741e+00
9.3913e+00  5.9098e+00
9.3971e+00  5.9409e+00
9.4030e+00  6.1122e+00
9.4089e+00  6.0908e+00
9.4148e+00  6.2114e+00
9.4207e+00  6.3275e+00
9.4266e+00  6.8571e+00
9.4325e+00  7.3903e+00
9.4384e+00  9.4493e+00
9.4443e+00  1.2610e+01
9.4502e+00  1.7221e+01
9.4561e+00  2.0078e+01
9.4620e+00  2.1789e+01
9.4679e+00  2.1323e+01
9.4737e+00  1.8278e+01
9.4796e+00  1.3421e+01
9.4855e+00  9.7168e+00
9.4914e+00  7.5182e+00
9.4973e+00  6.9081e+00
9.5032e+00  6.3406e+00
9.5091e+00  6.1712e+00
9.5150e+00  6.1480e+00
9.5209e+00  6.1011e+00
9.5268e+00  6.1666e+00
9.5326e+00  6.1494e+00
9.5385e+00  6.0656e+00
9.5444e+00  6.1123e+00
9.5503e+00  5.8507e+00
9.5562e+00  5.8398e+00
9.5621e+00  5.8428e+00
9.5680e+00  6.0049e+00
9.5739e+00  5.8198e+00
9.5797e+00  5.8173e+00
9.5856e+00  5.8515e+00
9.5915e+00  5.5646e+00
9.5974e+00  5.5283e+00
9.6033e+00  5.6608e+00
9.6092e+00  5.4858e+00
9.6151e+00  5.7136e+00
9.6210e+00  5.6801e+00
9.6268e+00  5.7185e+00
9.6327e+00  5.4065e+00
9.6386e+00  5.7640e+00
9.6445e+00  5.7233e+00
9.6504e+00  5.5517e+00
9.6563e+00  5.5467e+00
9.6621e+00  5.7856e+00
9.6680e+00  5.9310e+00
9.6739e+00  5.6526e+00
9.6798e+00  5.8640e+00
9.6857e+00  5.7402e+00
9.6916e+00  5.7396e+00
9.6974e+00  5.7717e+00
9.7033e+00  5.7763e+00
9.7092e+00  5.7345e+00
9.7151e+00  5.7783e+00
9.7210e+00  5.7907e+00
9.7269e+00  5.5544e+00
9.7327e+00  5.9443e+00
9.7386e+00  5.8431e+00
9.7445e+00  6.0393e+00
9.7504e+00  6.0616e+00
9.7563e+00  6.1700e+00
9.7622e+00  5.8917e+00
9.7680e+00  6.1318e+00
9.7739e+00  6.2664e+00
9.7798e+00  6.7566e+00
9.7857e+00  7.4558e+00
9.7916e+00  9.6082e+00
9.7974e+00  1.3977e+01
9.8033e+00  2.1406e+01
9.8092e+00  3.0990e+01
9.8151e+00  3.7084e+01
9.8210e+00  4.2644e+01
9.8268e+00  3.5920e+01
9.8327e+00  3.0328e+01
9.8386e+00  1.9957e+01
9.8445e+00  1.2948e+01
9.8503e+00  8.7535e+00
9.8562e+00  7.2016e+00
9.8621e+00  6.4632e+00
9.8680e+00  6.1544e+00
9.8739e+00  6.0939e+00
9.8797e+00  5.8175e+00
9.8856e+00  5.8714e+00
9.8915e+00  5.7728e+00
9.8974e+00  5.7245e+00
9.9032e+00  5.6377e+00
9.9091e+00  5.7846e+00
9.9150e+00  5.8542e+00
9.9209e+00  5.9121e+00
9.9267e+00  5.7038e+00
9.9326e+00  5.7739e+00
9.9385e+00  5.7800e+00
9.9444e+00  5.7336e+00
9.9502e+00  5.8161e+00
9.9561e+00  5.9136e+00
9.9620e+00  5.6302e+00
9.9679e+00  5.8298e+00
9.9737e+00  5.9575e+00
9.9796e+00  5.8127e+00
9.9855e+00  5.8077e+00
9.9913e+00  5.6946e+00
9.9972e+00  5.7458e+00
1.0003e+01  5.6315e+00
1.0009e+01  5.9577e+00
1.0015e+01  5.5509e+00
1.0021e+01  5.5415e+00
1.0027e+01  5.6749e+00
1.0032e+01  5.7794e+00
1.0038e+01  5.8454e+00
1.0044e+01  5.5336e+00
1.0050e+01  5.6655e+00
1.0056e+01  5.7439e+00
1.0062e+01  5.7670e+00
1.0068e+01  5.6241e+00
1.0074e+01  5.5226e+00
1.0079e+01  5.7189e+00
1.0085e+01  5.5945e+00
1.0091e+01  5.6892e+00
1.0097e+01  5.9187e+00
1.0103e+01  5.6817e+00
1.0109e+01  5.7075e+00
1.0115e+01  5.7481e+00
1.0120e+01  5.7530e+00
1.0126e+01  5.3710e+00
1.0132e+01  5.5050e+00
1.0138e+01  5.4985e+00
1.0144e+01  5.8076e+00
1.0150e+01  5.6896e+00
1.0156e+01  5.4244e+00
1.0162e+01  5.4711e+00
1.0167e+01  5.4740e+00
1.0173e+01  5.5500e+00
1.0179e+01  5.7664e+00
1.0185e+01  5.5169e+00
1.0191e+01  5.2305e+00
1.0197e+01  5.5283e+00
1.0203e+01  5.3349e+00
1.0208e+01  5.4852e+00
1.0214e+01  5.4429e+00
1.0220e+01  5.3512e+00
1.0226e+01  5.4415e+00
1.0232e+01  5.3005e+00
1.0238e+01  5.5420e+00
1.0244e+01  5.3816e+00
1.0250e+01  5.4963e+00
1.0255e+01  5.2826e+00
1.0261e+01  5.4456e+00
1.0267e+01  5.5326e+00
1.0273e+01  5.3297e+00
1.0279e+01  5.4976e+00
1.0285e+01  5.4206e+00
1.0291e+01  5.4046e+00
1.0296e+01  5.4559e+00
1.0302e+01  5.3528e+00
1.0308e+01  5.4054e+00
1.0314e+01  5.3037e+00
1.0320e+01  5.5433e+00
1.0326e+01  5.4055e+00
1.0332e+01  5.4654e+00
1.0337e+01  5.3882e+00
1.0343e+01  5.5297e+00
1.0349e+01  5.5732e+00
1.0355e+01  5.3260e+00
1.0361e+01  5.5561e+00
1.0367e+01  5.5089e+00
1.0373e+01  5.4526e+00
1.0378e+01  5.3748e+00
1.0384e+01  5.5035e+00
1.0390e+01  5.6797e+00
1.0396e+01  5.4411e+00
1.0402e+01  5.5583e+00
1.0408e+01  5.5475e+00
1.0414e+01  5.4396e+00
1.0419e+01  5.4248e+00
1.0425e+01  5.5032e+00
1.0431e+01  5.4393e+00
1.0437e+01  5.4538e+00
1.0443e+01  5.4464e+00
1.0449e+01  5.5647e+00
1.0455e+01  5.6706e+00
1.0460e+01  5.6717e+00
1.0466e+01  5.7761e+00
1.0472e+01  6.0351e+00
1.0478e+01  6.7862e+00
1.0484e+01  7.8773e+00
1.0490e+01  9.1192e+00
1.0496e+01  9.9296e+00
1.0501e+01  1.0040e+01
1.0507e+01  9.6065e+00
1.0513e+01  8.5666e+00
1.0519e+01  7.5534e+00
1.0525e+01  6.6088e+00
1.0531e+01  6.2261e+00
1.0537e+01  6.0166e+00
1.0542e+01  5.7615e+00
1.0548e+01  5.7870e+00
1.0554e+01  5.9120e+00
1.0560e+01  5.6392e+00
1.0566e+01  5.7677e+00
1.0572e+01  5.4065e+00
1.0578e+01  5.7021e+00
1.0583e+01  5.4111e+00
1.0589e+01  5.4101e+00
1.0595e+01  5.4590e+00
1.0601e+01  5.3745e+00
1.0607e+01  5.4643e+00
1.0613e+01  5.5401e+00
1.0619e+01  5.1625e+00
1.0624e+01  5.2713e+00
1.0630e+01  5.4328e+00
1.0636e+01  5.4647e+00
1.0642e+01  5.3721e+00
1.0648e+01  5.2331e+00
1.0654e+01  5.2788e+00
1.0659e+01  5.4308e+00
1.0665e+01  5.4691e+00
1.0671e+01  5.4778e+00
1.0677e+01  5.1841e+00
1.0683e+01  5.3630e+00
1.0689e+01  5.3806e+00
1.0695e+01  5.4584e+00
1.0700e+01  5.4984e+00
1.0706e+01  5.7277e+00
1.0712e+01  5.3080e+00
1.0718e+01  5.5044e+00
1.0724e+01  5.6069e+00
1.0730e+01  5.5596e+00
1.0735e+01  5.8476e+00
1.0741e+01  5.4274e+00
1.0747e+01  5.8093e+00
1.0753e+01  5.6233e+00
1.0759e+01  6.0357e+00
1.0765e+01  6.0065e+00
1.0771e+01  6.0421e+00
1.0776e+01  6.1759e+00
1.0782e+01  6.3364e+00
1.0788e+01  7.0279e+00
1.0794e+01  8.1894e+00
1.0800e+01  1.0701e+01
1.0806e+01  1.5420e+01
1.0811e+01  2.1087e+01
1.0817e+01  2.5086e+01
1.0823e+01  2.6905e+01
1.0829e+01  2.6806e+01
1.0835e+01  2.3772e+01
1.0841e+01  1.8923e+01
1.0846e+01  1.3041e+01
1.0852e+01  9.4058e+00
1.0858e+01  7.1566e+00
1.0864e+01  6.2464e+00
1.0870e+01  5.8865e+00
1.0876e+01  5.7686e+00
1.0882e+01  5.8666e+00
1.0887e+01  5.4727e+00
1.0893e+01  5.6030e+00
1.0899e+01  5.5160e+00
1.0905e+01  5.6589e+00
1.0911e+01  5.4526e+00
1.0917e+01  5.5581e+00
1.0922e+01  5.3305e+00
1.0928e+01  5.4139e+00
1.0934e+01  5.1953e+00
1.0940e+01  5.2895e+00
1.0946e+01  5.3723e+00
1.0952e+01  5.5549e+00
1.0957e+01  5.7252e+00
1.0963e+01  5.5838e+00
1.0969e+01  5.4860e+00
1.0975e+01  5.4863e+00
1.0981e+01  5.4072e+00
1.0987e+01  5.4658e+00
1.0992e+01  5.3357e+00
1.0998e+01  5.5381e+00
1.1004e+01  5.3841e+00
1.1010e+01  5.4049e+00
1.1016e+01  5.3176e+00
1.1022e+01  5.3054e+00
1.1027e+01  5.3783e+00
1.1033e+01  5.4423e+00
1.1039e+01  5.3933e+00
1.1045e+01  5.2300e+00
1.1051e+01  5.4252e+00
1.1057e+01  5.4751e+00
1.1062e+01  5.3936e+00
1.1068e+01  5.3547e+00
1.1074e+01  5.3251e+00
1.1080e+01  5.3486e+00
1.1086e+01  5.7335e+00
1.1092e+01  5.8494e+00
1.1097e+01  5.8095e+00
1.1103e+01  6.6055e+00
1.1109e+01  7.5043e+00
1.1115e+01  9.6508e+00
1.1121e+01  1.4385e+01
1.1127e+01  1.9781e+01
1.1132e+01  2.3549e+01
1.1138e+01  2.5080e+01
1.1144e+01  2.4567e+01
1.1150e+01  2.1474e+01
1.1156e+01  1.6741e+01
1.1162e+01  1.1820e+01
1.1167e+01  8.5177e+00
1.1173e+01  6.8065e+00
1.1179e+01  6.0415e+00
1.1185e+01  5.9335e+00
1.1191e+01  5.4199e+00
1.1197e+01  5.6190e+00
1.1202e+01  5.4073e+00
1.1208e+01  5.4337e+00
1.1214e+01  5.4350e+00
1.1220e+01  5.4314e+00
1.1226e+01  5.5691e+00
1.1231e+01  5.1555e+00
1.1237e+01  5.2876e+00
1.1243e+01  5.2913e+00
1.1249e+01  5.4097e+00
1.1255e+01  5.2857e+00
1.1261e+01  5.3052e+00
1.1266e+01  5.2410e+00
1.1272e+01  5.3350e+00
1.1278e+01  5.3039e+00
1.1284e+01  5.1804e+00
1.1290e+01  5.2757e+00
1.1296e+01  5.0021e+00
1.1301e+01  5.2494e+00
1.1307e+01  5.0644e+00
1.1313e+01  5.2288e+00
1.1319e+01  5.3980e+00
1.1325e+01  5.2345e+00
1.1330e+01  5.4046e+00
1.1336e+01  5.0975e+00
1.1342e+01  5.2860e+00
1.1348e+01  5.0253e+00
1.1354e+01  5.4842e+00
1.1360e+01  5.2841e+00
1.1365e+01  5.4635e+00
1.1371e+01  5.3152e+00
1.1377e+01  5.1770e+00
1.1383e+01  5.3349e+00
1.1389e+01  5.4765e+00
1.1395e+01  5.2623e+00
1.1400e+01  5.5043e+00
1.1406e+01  5.6376e+00
1.1412e+01  5.8792e+00
1.1418e+01  6.4378e+00
1.1424e+01  7.7308e+00
1.1429e+01  9.4290e+00
1.1435e+01  1.1481e+01
1.1441e+01  1.2120e+01
1.1447e+01  1.2240e+01
1.1453e+01  1.1397e+01
1.1459e+01  1.0343e+01
1.1464e+01  9.0254e+00
1.1470e+01  7.4856e+00
1.1476e+01  6.2011e+00
1.1482e+01  5.9809e+00
1.1488e+01  5.7543e+00
1.1493e+01  5.5886e+00
1.1499e+01  5.3665e+00
1.1505e+01  5.6031e+00
1.1511e+01  5.3509e+00
1.1517e+01  5.6353e+00
1.1522e+01  5.3341e+00
1.1528e+01  5.4461e+00
1.1534e+01  5.4639e+00
1.1540e+01  5.3032e+00
1.1546e+01  5.3480e+00
1.1552e+01  5.4026e+00
1.1557e+01  5.2879e+00
1.1563e+01  5.4053e+00
1.1569e+01  5.0957e+00
1.1575e+01  5.1839e+00
1.1581e+01  5.3348e+00
1.1586e+01  5.5570e+00
1.1592e+01  5.2113e+00
1.1598e+01  5.1415e+00
1.1604e+01  5.2867e+00
1.1610e+01  5.2863e+00
1.1615e+01  5.1663e+00
1.1621e+01  5.1400e+00
1.1627e+01  5.2218e+00
1.1633e+01  5.1386e+00
1.1639e+01  5.2330e+00
1.1645e+01  5.3107e+00
1.1650e+01  5.4114e+00
1.1656e+01  5.2192e+00
1.1662e+01  5.0444e+00
1.1668e+01  5.2454e+00
1.1674e+01  5.3076e+00
1.1679e+01  5.3168e+00
1.1685e+01  5.3252e+00
1.1691e+01  5.4184e+00
1.1697e+01  5.6201e+00
1.1703e+01  5.6966e+00
1.1708e+01  5.9475e+00
1.1714e+01  6.5097e+00
1.1720e+01  7.8604e+00
1.1726e+01  9.6957e+00
1.1732e+01  1.2652e+01
1.1737e+01  1.4609e+01
1.1743e+01  1.4523e+01
1.1749e+01  1.4495e+01
1.1755e+01  1.3003e+01
1.1761e+01  1.0821e+01
1.1766e+01  8.4246e+00
1.1772e+01  7.1803e+00
1.1778e+01  5.8640e+00
1.1784e+01  5.7754e+00
1.1790e+01  5.5145e+00
1.1795e+01  5.5347e+00
1.1801e+01  5.1889e+00
1.1807e+01  5.5095e+00
1.1813e+01  5.3297e+00
1.1819e+01  5.2609e+00
1.1824e+01  5.2176e+00
1.1830e+01  5.2552e+00
1.1836e+01  5.3623e+00
1.1842e+01  5.4730e+00
1.1848e+01  5.4458e+00
1.1853e+01  5.3485e+00
1.1859e+01  5.3224e+00
1.1865e+01  5.2548e+00
1.1871e+01  5.3387e+00
1.1877e+01  5.3861e+00
1.1882e+01  5.5167e+00
1.1888e+01  5.4201e+00
1.1894e+01  5.4395e+00
1.1900e+01  5.5686e+00
1.1906e+01  5.3566e+00
1.1911e+01  5.2091e+00
1.1917e+01  5.3896e+00
1.1923e+01  5.4106e+00
1.1929e+01  5.4151e+00
1.1935e+01  5.3494e+00
1.1940e+01  5.3465e+00
1.1946e+01  5.3524e+00
1.1952e+01  5.5580e+00
1.1958e+01  5.3442e+00
1.1964e+01  5.4595e+00
1.1969e+01  5.8580e+00
1.1975e+01  5.6690e+00
1.1981e+01  5.4837e+00
1.1987e+01  6.0093e+00
1.1993e+01  5.8775e+00
1.1998e+01  6.3256e+00
1.2004e+01  7.4893e+00
1.2010e+01  9.7420e+00
1.2016e+01  1.3984e+01
1.2022e+01  1.8409e+01
1.2027e+01  2.0215e+01
1.2033e+01  2.2601e+01
1.2039e+01  2.3012e+01
1.2045e+01  1.9940e+01
1.2051e+01  1.7298e+01
1.2056e+01  1.2959e+01
1.2062e+01  9.3438e+00
1.2068e+01  7.1652e+00
1.2074e+01  6.2109e+00
1.2080e+01  5.9616e+00
1.2085e+01  5.5160e+00
1.2091e+01  5.2745e+00
1.2097e+01  5.3456e+00
1.2103e+01  5.4534e+00
1.2108e+01  5.3616e+00
1.2114e+01  5.3890e+00
1.2120e+01  5.4434e+00
1.2126e+01  5.2286e+00
1.2132e+01  5.4344e+00
1.2137e+01  5.2058e+00
1.2143e+01  5.3346e+00
1.2149e+01  5.3774e+00
1.2155e+01  5.1874e+00
1.2161e+01  5.3280e+00
1.2166e+01  5.1374e+00
1.2172e+01  5.2417e+00
1.2178e+01  5.1184e+00
1.2184e+01  5.1830e+00
1.2189e+01  5.1943e+00
1.2195e+01  5.2488e+00
1.2201e+01  5.2044e+00
1.2207e+01  5.4541e+00
1.2213e+01  5.4476e+00
1.2218e+01  5.4458e+00
1.2224e+01  5.4629e+00
1.2230e+01  5.2402e+00
1.2236e+01  5.2577e+00
1.2242e+01  5.4826e+00
1.2247e+01  5.1500e+00
1.2253e+01  5.2972e+00
1.2259e+01  5.2687e+00
1.2265e+01  5.2257e+00
1.2270e+01  5.1097e+00
1.2276e+01  5.3731e+00
1.2282e+01  5.6109e+00
1.2288e+01  5.9955e+00
1.2294e+01  6.9720e+00
1.2299e+01  8.6327e+00
1.2305e+01  9.9251e+00
1.2311e+01  1.1098e+01
1.2317e+01  1.1939e+01
1.2322e+01  1.1766e+01
1.2328e+01  1.1664e+01
1.2334e+01  1.0686e+01
1.2340e+01  8.8812e+00
1.2346e+01  7.2032e+00
1.2351e+01  6.2951e+00
1.2357e+01  5.8811e+00
1.2363e+01  5.6195e+00
1.2369e+01  5.2418e+00
1.2375e+01  5.0689e+00
1.2380e+01  5.4263e+00
1.2386e+01  5.1045e+00
1.2392e+01  5.1242e+00
1.2398e+01  5.1957e+00
1.2403e+01  5.2713e+00
1.2409e+01  5.2378e+00
1.2415e+01  5.2236e+00
1.2421e+01  5.2589e+00
1.2426e+01  5.3553e+00
1.2432e+01  5.0505e+00
1.2438e+01  5.0774e+00
1.2444e+01  4.9702e+00
1.2450e+01  5.0731e+00
1.2455e+01  5.2361e+00
1.2461e+01  5.2797e+00
1.2467e+01  5.0443e+00
1.2473e+01  5.0196e+00
1.2478e+01  5.1356e+00
1.2484e+01  5.0306e+00
1.2490e+01  5.0329e+00
1.2496e+01  5.0742e+00
1.2502e+01  5.1037e+00
1.2507e+01  5.0445e+00
1.2513e+01  5.3624e+00
1.2519e+01  5.0160e+00
1.2525e+01  5.1524e+00
1.2530e+01  5.1714e+00
1.2536e+01  5.2028e+00
1.2542e+01  5.0233e+00
1.2548e+01  5.1145e+00
1.2553e+01  5.2442e+00
1.2559e+01  5.1594e+00
1.2565e+01  5.1404e+00
1.2571e+01  5.0713e+00
1.2577e+01  5.1153e+00
1.2582e+01  5.2562e+00
1.2588e+01  4.9341e+00
1.2594e+01  5.1251e+00
1.2600e+01  5.0798e+00
1.2605e+01  4.8598e+00
1.2611e+01  4.9480e+00
1.2617e+01  5.1200e+00
1.2623e+01  5.1174e+00
1.2628e+01  5.1655e+00
1.2634e+01  4.8635e+00
1.2640e+01  5.0377e+00
1.2646e+01  5.0547e+00
1.2652e+01  4.9618e+00
1.2657e+01  5.1439e+00
1.2663e+01  4.8551e+00
1.2669e+01  4.9530e+00
1.2675e+01  4.9809e+00
1.2680e+01  4.8863e+00
1.2686e+01  4.9628e+00
1.2692e+01  4.8688e+00
1.2698e+01  5.1340e+00
1.2703e+01  5.0795e+00
1.2709e+01  4.9600e+00
1.2715e+01  5.1828e+00
1.2721e+01  4.9842e+00
1.2726e+01  5.0432e+00
1.2732e+01  5.2213e+00
1.2738e+01  5.1053e+00
1.2744e+01  5.0275e+00
1.2750e+01  5.1595e+00
1.2755e+01  4.9453e+00
1.2761e+01  4.6682e+00
1.2767e+01  4.9029e+00
1.2773e+01  4.9812e+00
1.2778e+01  5.1060e+00
1.2784e+01  4.9627e+00
1.2790e+01  4.9155e+00
1.2796e+01  5.0741e+00
1.2801e+01  5.0251e+00
1.2807e+01  5.0428e+00
1.2813e+01  5.0324e+00
1.2819e+01  5.0137e+00
1.2824e+01  5.2108e+00
1.2830e+01  5.3857e+00
1.2836e+01  5.5392e+00
1.2842e+01  5.6842e+00
1.2847e+01  6.6007e+00
1.2853e+01  7.3713e+00
1.2859e+01  7.7494e+00
1.2865e+01  8.1510e+00
1.2870e+01  8.0707e+00
1.2876e+01  8.2527e+00
1.2882e+01  7.3390e+00
1.2888e+01  7.3145e+00
1.2893e+01  6.5158e+00
1.2899e+01  5.9819e+00
1.2905e+01  5.3725e+00
1.2911e+01  5.2934e+00
1.2916e+01  5.1139e+00
1.2922e+01  4.9453e+00
1.2928e+01  5.2057e+00
1.2934e+01  5.3108e+00
1.2939e+01  5.0527e+00
1.2945e+01  5.0563e+00
1.2951e+01  5.0051e+00
1.2957e+01  5.1829e+00
1.2962e+01  4.9373e+00
1.2968e+01  5.0510e+00
1.2974e+01  5.0329e+00
1.2980e+01  5.0647e+00
1.2985e+01  5.1321e+00
1.2991e+01  5.0599e+00
1.2997e+01  5.0706e+00
1.3003e+01  5.2248e+00
1.3008e+01  4.9618e+00
1.3014e+01  5.2455e+00
1.3020e+01  5.0471e+00
1.3026e+01  4.8795e+00
1.3031e+01  5.0515e+00
1.3037e+01  4.9477e+00
1.3043e+01  5.1351e+00
1.3049e+01  5.0135e+00
1.3054e+01  5.2011e+00
1.3060e+01  5.0720e+00
1.3066e+01  5.0090e+00
1.3072e+01  4.9098e+00
1.3077e+01  5.0060e+00
1.3083e+01  4.9551e+00
1.3089e+01  5.1285e+00
1.3094e+01  5.2278e+00
1.3100e+01  5.5243e+00
1.3106e+01  5.4708e+00
1.3112e+01  6.2476e+00
1.3117e+01  6.7695e+00
1.3123e+01  8.1785e+00
1.3129e+01  8.1885e+00
1.3135e+01  8.3477e+00
1.3140e+01  8.3976e+00
1.3146e+01  8.2526e+00
1.3152e+01  7.5445e+00
1.3158e+01  6.6605e+00
1.3163e+01  6.1489e+00
1.3169e+01  5.5754e+00
1.3175e+01  5.2874e+00
1.3181e+01  5.1152e+00
1.3186e+01  5.2469e+00
1.3192e+01  5.0484e+00
1.3198e+01  5.0752e+00
1.3203e+01  5.1203e+00
1.3209e+01  5.0887e+00
1.3215e+01  4.9784e+00
1.3221e+01  5.1699e+00
1.3226e+01  5.1544e+00
1.3232e+01  5.1498e+00
1.3238e+01  5.0785e+00
1.3244e+01  5.2418e+00
1.3249e+01  5.2517e+00
1.3255e+01  5.1485e+00
1.3261e+01  5.2681e+00
1.3267e+01  4.9744e+00
1.3272e+01  5.1129e+00
1.3278e+01  5.0763e+00
1.3284e+01  5.2692e+00
1.3289e+01  4.7628e+00
1.3295e+01  5.1348e+00
1.3301e+01  5.3419e+00
1.3307e+01  5.0808e+00
1.3312e+01  5.3004e+00
1.3318e+01  5.0116e+00
1.3324e+01  5.2084e+00
1.3329e+01  5.2866e+00
1.3335e+01  5.1703e+00
1.3341e+01  5.4867e+00
1.3347e+01  5.4176e+00
1.3352e+01  5.4618e+00
1.3358e+01  5.9102e+00
1.3364e+01  7.0047e+00
1.3370e+01  8.1331e+00
1.3375e+01  1.0960e+01
1.3381e+01  1.4806e+01
1.3387e+01  1.7793e+01
1.3392e+01  1.9486e+01
1.3398e+01  2.0097e+01
1.3404e+01  1.9156e+01
1.3410e+01  1.7633e+01
1.3415e+01  1.5152e+01
1.3421e+01  1.2037e+01
1.3427e+01  8.6889e+00
1.3432e+01  6.9173e+00
1.3438e+01  6.1105e+00
1.3444e+01  5.5457e+00
1.3450e+01  5.2525e+00
1.3455e+01  5.3264e+00
1.3461e+01  5.2653e+00
1.3467e+01  5.1177e+00
1.3472e+01  4.9179e+00
1.3478e+01  5.1584e+00
1.3484e+01  5.2186e+00
1.3490e+01  5.0753e+00
1.3495e+01  5.2527e+00
1.3501e+01  5.2701e+00
1.3507e+01  5.2120e+00
1.3512e+01  5.1271e+00
1.3518e+01  5.1599e+00
1.3524e+01  5.0165e+00
1.3530e+01  4.9680e+00
1.3535e+01  5.1137e+00
1.3541e+01  4.9265e+00
1.3547e+01  4.9693e+00
1.3552e+01  4.9194e+00
1.3558e+01  5.0439e+00
1.3564e+01  5.0736e+00
1.3569e+01  4.9733e+00
1.3575e+01  5.0533e+00
1.3581e+01  5.0536e+00
1.3587e+01  5.0143e+00
1.3592e+01  5.2850e+00
1.3598e+01  5.1880e+00
1.3604e+01  5.0619e+00
1.3609e+01  5.3613e+00
1.3615e+01  5.5488e+00
1.3621e+01  5.8093e+00
1.3627e+01  6.5283e+00
1.3632e+01  7.8502e+00
1.3638e+01  9.0480e+00
1.3644e+01  1.0814e+01
1.3649e+01  1.0753e+01
1.3655e+01  1.0283e+01
1.3661e+01  1.0302e+01
1.3666e+01  9.5723e+00
1.3672e+01  8.6886e+00
1.3678e+01  7.7245e+00
1.3683e+01  6.4059e+00
1.3689e+01  5.6899e+00
1.3695e+01  5.4648e+00
1.3701e+01  5.2420e+00
1.3706e+01  5.1497e+00
1.3712e+01  5.0172e+00
1.3718e+01  5.2033e+00
1.3723e+01  5.0185e+00
1.3729e+01  5.2055e+00
1.3735e+01  5.0958e+00
1.3740e+01  5.2422e+00
1.3746e+01  5.0543e+00
1.3752e+01  4.9938e+00
1.3758e+01  4.8533e+00
1.3763e+01  4.9846e+00
1.3769e+01  4.9783e+00
1.3775e+01  5.0489e+00
1.3780e+01  5.1135e+00
1.3786e+01  4.7192e+00
1.3792e+01  5.0740e+00
1.3797e+01  4.9767e+00
1.3803e+01  4.9619e+00
1.3809e+01  4.9968e+00
1.3814e+01  4.9299e+00
1.3820e+01  4.8130e+00
1.3826e+01  4.9526e+00
1.3831e+01  4.8822e+00
1.3837e+01  5.0755e+00
1.3843e+01  5.1547e+00
1.3848e+01  5.2021e+00
1.3854e+01  5.1645e+00
1.3860e+01  5.1896e+00
1.3866e+01  4.8040e+00
1.3871e+01  4.9640e+00
1.3877e+01  4.9443e+00
1.3883e+01  5.1780e+00
1.3888e+01  4.8211e+00
1.3894e+01  4.6444e+00
1.3900e+01  4.9892e+00
1.3905e+01  5.0049e+00
1.3911e+01  4.9827e+00
1.3917e+01  4.9884e+00
1.3922e+01  4.9231e+00
1.3928e+01  4.9902e+00
1.3934e+01  4.8817e+00
1.3939e+01  5.0636e+00
1.3945e+01  4.9082e+00
1.3951e+01  4.9439e+00
1.3956e+01  4.8371e+00
1.3962e+01  4.8808e+00
1.3968e+01  5.2072e+00
1.3973e+01  4.9832e+00
1.3979e+01  4.9843e+00
1.3985e+01  5.1208e+00
1.3990e+01  5.0032e+00
1.3996e+01  4.7118e+00
1.4002e+01  5.0108e+00
1.4007e+01  5.1304e+00
1.4013e+01  5.1318e+00
1.4019e+01  5.0242e+00
1.4024e+01  5.0967e+00
1.4030e+01  5.1189e+00
1.4036e+01  4.9386e+00
1.4041e+01  4.9934e+00
1.4047e+01  5.2264e+00
1.4053e+01  5.1124e+00
1.4058e+01  5.0209e+00
1.4064e+01  5.1487e+00
1.4070e+01  5.1235e+00
1.4075e+01  5.0911e+00
1.4081e+01  5.0291e+00
1.4087e+01  5.2391e+00
1.4092e+01  5.0803e+00
1.4098e+01  5.2847e+00
1.4104e+01  4.9562e+00
1.4109e+01  5.5073e+00
1.4115e+01  5.9378e+00
1.4121e+01  6.3645e+00
1.4126e+01  7.9958e+00
1.4132e+01  1.0439e+01
1.4138e+01  1.2609e+01
1.4143e+01  1.4186e+01
1.4149e+01  1.5344e+01
1.4155e+01  1.5535e+01
1.4160e+01  1.4385e+01
1.4166e+01  1.3736e+01
1.4172e+01  1.1975e+01
1.4177e+01  1.0099e+01
1.4183e+01  7.7752e+00
1.4189e+01  6.3311e+00
1.4194e+01  5.5510e+00
1.4200e+01  5.3912e+00
1.4206e+01  5.1378e+00
1.4211e+01  5.2579e+00
1.4217e+01  5.2220e+00
1.4223e+01  4.9435e+00
1.4228e+01  4.9411e+00
1.4234e+01  5.1807e+00
1.4239e+01  4.8744e+00
1.4245e+01  5.0137e+00
1.4251e+01  5.0845e+00
1.4256e+01  5.0804e+00
1.4262e+01  4.9732e+00
1.4268e+01  5.0606e+00
1.4273e+01  4.9931e+00
1.4279e+01  4.9893e+00
1.4285e+01  4.8779e+00
1.4290e+01  5.0356e+00
1.4296e+01  5.1034e+00
1.4302e+01  4.8140e+00
1.4307e+01  5.0368e+00
1.4313e+01  5.0636e+00
1.4319e+01  4.8471e+00
1.4324e+01  5.0694e+00
1.4330e+01  5.1838e+00
1.4335e+01  5.0244e+00
1.4341e+01  5.0285e+00
1.4347e+01  5.2635e+00
1.4352e+01  5.0257e+00
1.4358e+01  5.0886e+00
1.4364e+01  5.4701e+00
1.4369e+01  5.9870e+00
1.4375e+01  6.5434e+00
1.4381e+01  7.6491e+00
1.4386e+01  8.0771e+00
1.4392e+01  8.3789e+00
1.4397e+01  8.4530e+00
1.4403e+01  8.4389e+00
1.4409e+01  7.6954e+00
1.4414e+01  7.4519e+00
1.4420e+01  6.6327e+00
1.4426e+01  6.0598e+00
1.4431e+01  5.4924e+00
1.4437e+01  5.2044e+00
1.4443e+01  5.0648e+00
1.4448e+01  5.0567e+00
1.4454e+01  5.1413e+00
1.4459e+01  4.9436e+00
1.4465e+01  4.8941e+00
1.4471e+01  5.0730e+00
1.4476e+01  5.0176e+00
1.4482e+01  4.9065e+00
1.4488e+01  5.2088e+00
1.4493e+01  4.7025e+00
1.4499e+01  5.0705e+00
1.4504e+01  4.5987e+00
1.4510e+01  4.9654e+00
1.4516e+01  4.7731e+00
1.4521e+01  5.1087e+00
1.4527e+01  5.0289e+00
1.4533e+01  4.6686e+00
1.4538e+01  5.2231e+00
1.4544e+01  4.8517e+00
1.4549e+01  4.6924e+00
1.4555e+01  4.6510e+00
1.4561e+01  4.7087e+00
1.4566e+01  4.8467e+00
1.4572e+01  4.7792e+00
1.4578e+01  5.1080e+00
1.4583e+01  4.9083e+00
1.4589e+01  4.7550e+00
1.4594e+01  4.6070e+00
1.4600e+01  5.1300e+00
1.4606e+01  4.7717e+00
1.4611e+01  4.7245e+00
1.4617e+01  4.7776e+00
1.4622e+01  5.1062e+00
1.4628e+01  4.7292e+00
1.4634e+01  4.5615e+00
1.4639e+01  4.9660e+00
1.4645e+01  4.4916e+00
1.4651e+01  5.0076e+00
1.4656e+01  4.9970e+00
1.4662e+01  5.0173e+00
1.4667e+01  4.9510e+00
1.4673e+01  5.0702e+00
1.4679e+01  4.9946e+00
1.4684e+01  4.8821e+00
1.4690e+01  5.0541e+00
1.4695e+01  4.8594e+00
1.4701e+01  5.0453e+00
1.4707e+01  5.2084e+00
1.4712e+01  4.8431e+00
1.4718e+01  4.9547e+00
1.4723e+01  4.8586e+00
1.4729e+01  4.8605e+00
1.4735e+01  4.8691e+00
1.4740e+01  4.8232e+00
1.4746e+01  5.1349e+00
1.4751e+01  4.7299e+00
1.4757e+01  4.7399e+00
1.4763e+01  4.7908e+00
1.4768e+01  4.5081e+00
1.4774e+01  4.8416e+00
1.4779e+01  5.0871e+00
1.4785e+01  4.8528e+00
1.4791e+01  4.7297e+00
1.4796e+01  4.8943e+00
1.4802e+01  4.7782e+00
1.4807e+01  4.6214e+00
1.4813e+01  4.9032e+00
1.4819e+01  5.0106e+00
1.4824e+01  5.1622e+00
1.4830e+01  5.0933e+00
1.4835e+01  4.6367e+00
1.4841e+01  5.4413e+00
1.4847e+01  5.0297e+00
1.4852e+01  5.6606e+00
1.4858e+01  5.8126e+00
1.4863e+01  6.1888e+00
1.4869e+01  5.8859e+00
1.4875e+01  6.2062e+00
1.4880e+01  5.7894e+00
1.4886e+01  5.9090e+00
1.4891e+01  5.6779e+00
1.4897e+01  5.6872e+00
1.4902e+01  5.4895e+00
1.4908e+01  4.9680e+00
1.4914e+01  4.9478e+00
1.4919e+01  4.9430e+00
1.4925e+01  5.0185e+00
1.4930e+01  4.7997e+00
1.4936e+01  5.0228e+00
1.4942e+01  5.0500e+00
1.4947e+01  5.0958e+00
1.4953e+01  4.7318e+00
1.4958e+01  4.5831e+00
1.4964e+01  5.0717e+00
1.4969e+01  4.7091e+00
1.4975e+01  5.0072e+00
1.4981e+01  5.0051e+00
1.4986e+01  4.8357e+00
1.4992e+01  4.9993e+00
1.4997e+01  4.8883e+00
1.5003e+01  4.8110e+00
1.5009e+01  4.8829e+00
1.5014e+01  4.7500e+00
1.5020e+01  5.0168e+00
1.5025e+01  4.8296e+00
1.5031e+01  4.7682e+00
1.5036e+01  4.9748e+00
1.5042e+01  4.9393e+00
1.5048e+01  4.6740e+00
1.5053e+01  5.3118e+00
1.5059e+01  5.1447e+00
1.5064e+01  5.4635e+00
1.5070e+01  6.2269e+00
1.5075e+01  6.8068e+00
1.5081e+01  8.0443e+00
1.5087e+01  9.6613e+00
1.5092e+01  1.0067e+01
1.5098e+01  1.1045e+01
1.5103e+01  1.1400e+01
1.5109e+01  1.1197e+01
1.5114e+01  1.0154e+01
1.5120e+01  9.0489e+00
1.5126e+01  8.2445e+00
1.5131e+01  6.8588e+00
1.5137e+01  6.1840e+00
1.5142e+01  5.5778e+00
1.5148e+01  5.3427e+00
1.5153e+01  5.0266e+00
1.5159e+01  5.1765e+00
1.5164e+01  5.3337e+00
1.5170e+01  5.1132e+00
1.5176e+01  4.5174e+00
1.5181e+01  5.2606e+00
1.5187e+01  4.6032e+00
1.5192e+01  4.9659e+00
1.5198e+01  5.2485e+00
1.5203e+01  5.2082e+00
1.5209e+01  5.0333e+00
1.5214e+01  4.8572e+00
1.5220e+01  4.7836e+00
1.5226e+01  4.7632e+00
1.5231e+01  5.0141e+00
1.5237e+01  5.0312e+00
1.5242e+01  4.3994e+00
1.5248e+01  5.0763e+00
1.5253e+01  5.1360e+00
1.5259e+01  5.5429e+00
1.5264e+01  4.8204e+00
1.5270e+01  5.1471e+00
1.5276e+01  5.1738e+00
1.5281e+01  4.9014e+00
1.5287e+01  5.3555e+00
1.5292e+01  5.2737e+00
1.5298e+01  5.7904e+00
1.5303e+01  6.6186e+00
1.5309e+01  7.6937e+00
1.5314e+01  9.2914e+00
1.5320e+01  1.0820e+01
1.5326e+01  1.1107e+01
1.5331e+01  1.1361e+01
1.5337e+01  1.0926e+01
1.5342e+01  1.1132e+01
1.5348e+01  9.5363e+00
1.5353e+01  8.5001e+00
1.5359e+01  7.1873e+00
1.5364e+01  6.2161e+00
1.5370e+01  5.3032e+00
1.5375e+01  4.7848e+00
1.5381e+01  5.2144e+00
1.5386e+01  4.5051e+00
1.5392e+01  5.1352e+00
1.5398e+01  5.0059e+00
1.5403e+01  5.0592e+00
1.5409e+01  4.8696e+00
1.5414e+01  4.9826e+00
1.5420e+01  4.7536e+00
1.5425e+01  5.1668e+00
1.5431e+01  4.9908e+00
1.5436e+01  4.4232e+00
1.5442e+01  4.2392e+00
1.5447e+01  4.7307e+00
1.5453e+01  4.9916e+00
1.5458e+01  4.8051e+00
1.5464e+01  4.8832e+00
1.5469e+01  5.0074e+00
1.5475e+01  5.0075e+00
1.5481e+01  4.6730e+00
1.5486e+01  4.8625e+00
1.5492e+01  4.6264e+00
1.5497e+01  4.4679e+00
1.5503e+01  4.7738e+00
1.5508e+01  5.1753e+00
1.5514e+01  5.2229e+00
1.5519e+01  5.1837e+00
1.5525e+01  6.0113e+00
1.5530e+01  6.6230e+00
1.5536e+01  6.9612e+00
1.5541e+01  8.0195e+00
1.5547e+01  8.6671e+00
1.5552e+01  8.5055e+00
1.5558e+01  8.1857e+00
1.5563e+01  8.3693e+00
1.5569e+01  8.0068e+00
1.5574e+01  7.3243e+00
1.5580e+01  6.6832e+00
1.5585e+01  5.9843e+00
1.5591e+01  5.6354e+00
1.5597e+01  5.1170e+00
1.5602e+01  5.0872e+00
1.5608e+01  5.0123e+00
1.5613e+01  4.6144e+00
1.5619e+01  5.0838e+00
1.5624e+01  4.6612e+00
1.5630e+01  4.6529e+00
1.5635e+01  4.7181e+00
1.5641e+01  5.1031e+00
1.5646e+01  4.6266e+00
1.5652e+01  4.7094e+00
1.5657e+01  4.7529e+00
1.5663e+01  4.9903e+00
1.5668e+01  4.4362e+00
1.5674e+01  4.8544e+00
1.5679e+01  4.9197e+00
1.5685e+01  5.3671e+00
1.5690e+01  4.8879e+00
1.5696e+01  4.7647e+00
1.5701e+01  4.7270e+00
1.5707e+01  5.3286e+00
1.5712e+01  4.5811e+00
1.5718e+01  4.6882e+00
1.5723e+01  4.5196e+00
1.5729e+01  4.8724e+00
1.5734e+01  4.3924e+00
1.5740e+01  5.4403e+00
1.5745e+01  5.0755e+00
1.5751e+01  5.5404e+00
1.5756e+01  6.0291e+00
1.5762e+01  6.6184e+00
1.5767e+01  7.1785e+00
1.5773e+01  6.9669e+00
1.5778e+01  6.9107e+00
1.5784e+01  6.8994e+00
1.5789e+01  6.3276e+00
1.5795e+01  6.1205e+00
1.5800e+01  6.0691e+00
1.5806e+01  5.9415e+00
1.5811e+01  5.1384e+00
1.5817e+01  4.6654e+00
1.5822e+01  4.3588e+00
1.5828e+01  5.0282e+00
1.5833e+01  4.7585e+00
1.5839e+01  5.1443e+00
1.5844e+01  4.8210e+00
1.5850e+01  4.4800e+00
1.5855e+01  4.7415e+00
1.5861e+01  4.6679e+00
1.5866e+01  5.0485e+00
1.5872e+01  4.7275e+00
1.5877e+01  4.7059e+00
1.5883e+01  5.0466e+00
1.5888e+01  4.3235e+00
1.5894e+01  4.5428e+00
1.5899e+01  4.2897e+00
1.5905e+01  4.1457e+00
1.5910e+01  5.0685e+00
1.5916e+01  4.5742e+00
1.5921e+01  4.5699e+00
1.5927e+01  4.3821e+00
1.5932e+01  5.3213e+00
1.5937e+01  4.8560e+00
1.5943e+01  4.5574e+00
1.5948e+01  4.6410e+00
1.5954e+01  4.8397e+00
1.5959e+01  4.9770e+00
1.5965e+01  4.8318e+00
1.5970e+01  4.9885e+00
1.5976e+01  5.7622e+00
1.5981e+01  5.6116e+00
1.5987e+01  5.4644e+00
1.5992e+01  5.9369e+00
1.5998e+01  5.5841e+00
1.6003e+01  6.3613e+00
1.6009e+01  6.3351e+00
1.6014e+01  5.5751e+00
1.6020e+01  5.9051e+00
1.6025e+01  4.7490e+00
1.6031e+01  3.9734e+00
1.6036e+01  4.5401e+00
1.6042e+01  4.8940e+00
1.6047e+01  4.8489e+00
1.6052e+01  5.1091e+00
1.6058e+01  4.2358e+00
1.6063e+01  4.8003e+00
1.6069e+01  4.2835e+00
1.6074e+01  4.6736e+00
1.6080e+01  3.7777e+00
1.6085e+01  4.1746e+00
1.6091e+01  4.7341e+00
1.6096e+01  4.2894e+00
1.6102e+01  4.4756e+00
1.6107e+01  4.3961e+00
1.6113e+01  4.5806e+00
1.6118e+01  4.8067e+00
1.6123e+01  4.6388e+00
1.6129e+01  4.9747e+00
1.6134e+01  4.6061e+00
1.6140e+01  4.3542e+00
1.6145e+01  4.5100e+00
1.6151e+01  5.1064e+00
1.6156e+01  5.1204e+00
1.6162e+01  4.5507e+00
1.6167e+01  4.5877e+00
1.6173e+01  4.6456e+00
1.6178e+01  5.3313e+00
1.6184e+01  5.6775e+00
1.6189e+01  6.0510e+00
1.6194e+01  7.1424e+00
1.6200e+01  7.3346e+00
1.6205e+01  8.5655e+00
1.6211e+01  8.8143e+00
1.6216e+01  9.4815e+00
1.6222e+01  9.4081e+00
1.6227e+01  8.3261e+00
1.6233e+01  7.6218e+00
1.6238e+01  6.7961e+00
1.6243e+01  5.9527e+00
1.6249e+01  5.0622e+00
1.6254e+01  4.6153e+00
1.6260e+01  4.7100e+00
1.6265e+01  5.0804e+00
1.6271e+01  4.1965e+00
1.6276e+01  4.9217e+00
1.6282e+01  4.7585e+00
1.6287e+01  4.5903e+00
1.6293e+01  4.4567e+00
1.6298e+01  4.4243e+00
1.6303e+01  5.2841e+00
1.6309e+01  4.4966e+00
1.6314e+01  3.9364e+00
1.6320e+01  4.5249e+00
1.6325e+01  5.3259e+00
1.6331e+01  4.7340e+00
1.6336e+01  4.4975e+00
1.6341e+01  4.8833e+00
1.6347e+01  4.9969e+00
1.6352e+01  4.5888e+00
1.6358e+01  5.7895e+00
1.6363e+01  4.4575e+00
1.6369e+01  5.1805e+00
1.6374e+01  4.7446e+00
1.6380e+01  4.9008e+00
1.6385e+01  5.3010e+00
1.6390e+01  4.6574e+00
1.6396e+01  4.4646e+00
1.6401e+01  5.7442e+00
1.6407e+01  4.3034e+00
1.6412e+01  3.6514e+00
1.6418e+01  5.2092e+00
1.6423e+01  5.3334e+00
1.6428e+01  4.7287e+00
1.6434e+01  4.4076e+00
1.6439e+01  4.7548e+00
1.6445e+01  4.7171e+00
1.6450e+01  4.2938e+00
1.6456e+01  5.0854e+00
1.6461e+01  3.2374e+00
1.6466e+01  5.2648e+00
1.6472e+01  3.8079e+00
1.6477e+01  5.1348e+00
1.6483e+01  4.1728e+00
1.6488e+01  4.5535e+00
1.6493e+01  4.3979e+00
1.6499e+01  4.2540e+00
1.6504e+01  3.2197e+00
1.6510e+01  3.7676e+00
1.6515e+01  4.3509e+00
1.6521e+01  4.4595e+00
1.6526e+01  3.5228e+00
1.6531e+01  4.2547e+00
1.6537e+01  4.9636e+00
1.6542e+01  3.3370e+00
1.6548e+01  2.9862e+00
1.6553e+01  4.8271e+00
1.6559e+01  4.2136e+00
1.6564e+01  6.9587e+00
1.6569e+01  5.6736e+00
1.6575e+01  5.1165e+00
1.6580e+01  5.1060e+00
1.6586e+01  5.4252e+00
1.6591e+01  2.5754e+00
1.6596e+01  3.5668e+00
1.6602e+01  3.2582e+00
1.6607e+01  4.4078e+00
1.6613e+01  5.1068e+00
1.6618e+01  7.8286e+00
1.6623e+01  6.7716e+00
1.6629e+01  5.9013e+00
1.6634e+01  7.4489e+00
1.6640e+01  5.0844e+00
1.6645e+01  9.5772e+00
1.6650e+01  7.0947e+00
1.6656e+01  9.9327e+00
1.6661e+01  6.3854e+00
1.6667e+01  7.8040e+00
1.6672e+01  4.2572e+00
1.6677e+01  -4.2572e+00
1.6683e+01  0.0000e+00
1.6688e+01  0.0000e+00
1.6694e+01  0.0000e+00
1.6699e+01  0.0000e+00
1.6704e+01  0.0000e+00
1.6710e+01  0.0000e+00
1.6715e+01  0.0000e+00
1.6721e+01  0.0000e+00
1.6726e+01  0.0000e+00
1.6731e+01  0.0000e+00
1.6737e+01  0.0000e+00
1.6742e+01  0.0000e+00
1.6748e+01  0.0000e+00
1.6753e+01  0.0000e+00
1.6758e+01  0.0000e+00
1.6764e+01  0.0000e+00
1.6769e+01  0.0000e+00
1.6775e+01  0.0000e+00
1.6780e+01  0.0000e+00
1.6785e+01  0.0000e+00
1.6791e+01  0.0000e+00
1.6796e+01  0.0000e+00
1.6802e+01  0.0000e+00
1.6807e+01  0.0000e+00
1.6812e+01  0.0000e+00
1.6818e+01  0.0000e+00
1.6823e+01  0.0000e+00
1.6828e+01  0.0000e+00
1.6834e+01  0.0000e+00
1.6839e+01  0.0000e+00
1.6868e+01  0.0000e+00
