-4.9200e+01  4.6642e-03
-4.9100e+01  4.6849e-03
-4.9000e+01  4.7057e-03
-4.8900e+01  4.7266e-03
-4.8800e+01  4.7476e-03
-4.8700e+01  4.7687e-03
-4.8600e+01  4.7900e-03
-4.8500e+01  4.8115e-03
-4.8400e+01  4.8330e-03
-4.8300e+01  4.8547e-03
-4.8200e+01  4.8765e-03
-4.8100e+01  4.8985e-03
-4.8000e+01  4.9206e-03
-4.7900e+01  4.9428e-03
-4.7800e+01  4.9652e-03
-4.7700e+01  4.9876e-03
-4.7600e+01  5.0103e-03
-4.7500e+01  5.0330e-03
-4.7400e+01  5.0559e-03
-4.7300e+01  5.0790e-03
-4.7200e+01  5.1022e-03
-4.7100e+01  5.1255e-03
-4.7000e+01  5.1490e-03
-4.6900e+01  5.1726e-03
-4.6800e+01  5.1963e-03
-4.6700e+01  5.2202e-03
-4.6600e+01  5.2442e-03
-4.6500e+01  5.2684e-03
-4.6400e+01  5.2927e-03
-4.6300e+01  5.3172e-03
-4.6200e+01  5.3418e-03
-4.6100e+01  5.3666e-03
-4.6000e+01  5.3915e-03
-4.5900e+01  5.4166e-03
-4.5800e+01  5.4418e-03
-4.5700e+01  5.4672e-03
-4.5600e+01  5.4927e-03
-4.5500e+01  5.5184e-03
-4.5400e+01  5.5442e-03
-4.5300e+01  5.5702e-03
-4.5200e+01  5.5963e-03
-4.5100e+01  5.6226e-03
-4.5000e+01  5.6491e-03
-4.4900e+01  5.6757e-03
-4.4800e+01  5.7025e-03
-4.4700e+01  5.7295e-03
-4.4600e+01  5.7566e-03
-4.4500e+01  5.7839e-03
-4.4400e+01  5.8114e-03
-4.4300e+01  5.8390e-03
-4.4200e+01  5.8668e-03
-4.4100e+01  5.8948e-03
-4.4000e+01  5.9230e-03
-4.3900e+01  5.9513e-03
-4.3800e+01  5.9798e-03
-4.3700e+01  6.0085e-03
-4.3600e+01  6.0374e-03
-4.3500e+01  6.0665e-03
-4.3400e+01  6.0957e-03
-4.3300e+01  6.1252e-03
-4.3200e+01  6.1548e-03
-4.3100e+01  6.1846e-03
-4.3000e+01  6.2146e-03
-4.2900e+01  6.2449e-03
-4.2800e+01  6.2753e-03
-4.2700e+01  6.3059e-03
-4.2600e+01  6.3367e-03
-4.2500e+01  6.3677e-03
-4.2400e+01  6.3989e-03
-4.2300e+01  6.4303e-03
-4.2200e+01  6.4620e-03
-4.2100e+01  6.4938e-03
-4.2000e+01  6.5259e-03
-4.1900e+01  6.5582e-03
-4.1800e+01  6.5907e-03
-4.1700e+01  6.6234e-03
-4.1600e+01  6.6564e-03
-4.1500e+01  6.6895e-03
-4.1400e+01  6.7230e-03
-4.1300e+01  6.7566e-03
-4.1200e+01  6.7905e-03
-4.1100e+01  6.8246e-03
-4.1000e+01  6.8589e-03
-4.0900e+01  6.8935e-03
-4.0800e+01  6.9283e-03
-4.0700e+01  6.9634e-03
-4.0600e+01  6.9987e-03
-4.0500e+01  7.0343e-03
-4.0400e+01  7.0701e-03
-4.0300e+01  7.1062e-03
-4.0200e+01  7.1426e-03
-4.0100e+01  7.1792e-03
-4.0000e+01  7.2160e-03
-3.9900e+01  7.2532e-03
-3.9800e+01  7.2906e-03
-3.9700e+01  7.3283e-03
-3.9600e+01  7.3663e-03
-3.9500e+01  7.4045e-03
-3.9400e+01  7.4430e-03
-3.9300e+01  7.4818e-03
-3.9200e+01  7.5209e-03
-3.9100e+01  7.5603e-03
-3.9000e+01  7.6000e-03
-3.8900e+01  7.6400e-03
-3.8800e+01  7.6803e-03
-3.8700e+01  7.7209e-03
-3.8600e+01  7.7618e-03
-3.8500e+01  7.8031e-03
-3.8400e+01  7.8446e-03
-3.8300e+01  7.8865e-03
-3.8200e+01  7.9286e-03
-3.8100e+01  7.9711e-03
-3.8000e+01  8.0140e-03
-3.7900e+01  8.0571e-03
-3.7800e+01  8.1007e-03
-3.7700e+01  8.1445e-03
-3.7600e+01  8.1887e-03
-3.7500e+01  8.2332e-03
-3.7400e+01  8.2781e-03
-3.7300e+01  8.3234e-03
-3.7200e+01  8.3690e-03
-3.7100e+01  8.4150e-03
-3.7000e+01  8.4613e-03
-3.6900e+01  8.5080e-03
-3.6800e+01  8.5551e-03
-3.6700e+01  8.6026e-03
-3.6600e+01  8.6505e-03
-3.6500e+01  8.6987e-03
-3.6400e+01  8.7474e-03
-3.6300e+01  8.7964e-03
-3.6200e+01  8.8459e-03
-3.6100e+01  8.8957e-03
-3.6000e+01  8.9460e-03
-3.5900e+01  8.9967e-03
-3.5800e+01  9.0478e-03
-3.5700e+01  9.0994e-03
-3.5600e+01  9.1513e-03
-3.5500e+01  9.2038e-03
-3.5400e+01  9.2566e-03
-3.5300e+01  9.3099e-03
-3.5200e+01  9.3637e-03
-3.5100e+01  9.4179e-03
-3.5000e+01  9.4726e-03
-3.4900e+01  9.5277e-03
-3.4800e+01  9.5833e-03
-3.4700e+01  9.6394e-03
-3.4600e+01  9.6960e-03
-3.4500e+01  9.7531e-03
-3.4400e+01  9.8107e-03
-3.4300e+01  9.8688e-03
-3.4200e+01  9.9274e-03
-3.4100e+01  9.9865e-03
-3.4000e+01  1.0046e-02
-3.3900e+01  1.0106e-02
-3.3800e+01  1.0167e-02
-3.3700e+01  1.0228e-02
-3.3600e+01  1.0290e-02
-3.3500e+01  1.0352e-02
-3.3400e+01  1.0415e-02
-3.3300e+01  1.0479e-02
-3.3200e+01  1.0543e-02
-3.3100e+01  1.0607e-02
-3.3000e+01  1.0673e-02
-3.2900e+01  1.0738e-02
-3.2800e+01  1.0805e-02
-3.2700e+01  1.0872e-02
-3.2600e+01  1.0939e-02
-3.2500e+01  1.1008e-02
-3.2400e+01  1.1077e-02
-3.2300e+01  1.1146e-02
-3.2200e+01  1.1216e-02
-3.2100e+01  1.1287e-02
-3.2000e+01  1.1359e-02
-3.1900e+01  1.1431e-02
-3.1800e+01  1.1504e-02
-3.1700e+01  1.1578e-02
-3.1600e+01  1.1652e-02
-3.1500e+01  1.1727e-02
-3.1400e+01  1.1803e-02
-3.1300e+01  1.1879e-02
-3.1200e+01  1.1956e-02
-3.1100e+01  1.2034e-02
-3.1000e+01  1.2113e-02
-3.0900e+01  1.2192e-02
-3.0800e+01  1.2273e-02
-3.0700e+01  1.2354e-02
-3.0600e+01  1.2435e-02
-3.0500e+01  1.2518e-02
-3.0400e+01  1.2602e-02
-3.0300e+01  1.2686e-02
-3.0200e+01  1.2771e-02
-3.0100e+01  1.2857e-02
-3.0000e+01  1.2944e-02
-2.9900e+01  1.3032e-02
-2.9800e+01  1.3120e-02
-2.9700e+01  1.3210e-02
-2.9600e+01  1.3301e-02
-2.9500e+01  1.3392e-02
-2.9400e+01  1.3484e-02
-2.9300e+01  1.3578e-02
-2.9200e+01  1.3672e-02
-2.9100e+01  1.3767e-02
-2.9000e+01  1.3863e-02
-2.8900e+01  1.3961e-02
-2.8800e+01  1.4059e-02
-2.8700e+01  1.4158e-02
-2.8600e+01  1.4259e-02
-2.8500e+01  1.4360e-02
-2.8400e+01  1.4463e-02
-2.8300e+01  1.4566e-02
-2.8200e+01  1.4671e-02
-2.8100e+01  1.4777e-02
-2.8000e+01  1.4884e-02
-2.7900e+01  1.4992e-02
-2.7800e+01  1.5101e-02
-2.7700e+01  1.5212e-02
-2.7600e+01  1.5324e-02
-2.7500e+01  1.5437e-02
-2.7400e+01  1.5551e-02
-2.7300e+01  1.5667e-02
-2.7200e+01  1.5784e-02
-2.7100e+01  1.5902e-02
-2.7000e+01  1.6021e-02
-2.6900e+01  1.6142e-02
-2.6800e+01  1.6264e-02
-2.6700e+01  1.6388e-02
-2.6600e+01  1.6513e-02
-2.6500e+01  1.6639e-02
-2.6400e+01  1.6767e-02
-2.6300e+01  1.6896e-02
-2.6200e+01  1.7027e-02
-2.6100e+01  1.7160e-02
-2.6000e+01  1.7294e-02
-2.5900e+01  1.7429e-02
-2.5800e+01  1.7566e-02
-2.5700e+01  1.7705e-02
-2.5600e+01  1.7845e-02
-2.5500e+01  1.7987e-02
-2.5400e+01  1.8131e-02
-2.5300e+01  1.8277e-02
-2.5200e+01  1.8424e-02
-2.5100e+01  1.8573e-02
-2.5000e+01  1.8724e-02
-2.4900e+01  1.8877e-02
-2.4800e+01  1.9031e-02
-2.4700e+01  1.9188e-02
-2.4600e+01  1.9346e-02
-2.4500e+01  1.9507e-02
-2.4400e+01  1.9669e-02
-2.4300e+01  1.9833e-02
-2.4200e+01  2.0000e-02
-2.4100e+01  2.0168e-02
-2.4000e+01  2.0339e-02
-2.3900e+01  2.0512e-02
-2.3800e+01  2.0687e-02
-2.3700e+01  2.0865e-02
-2.3600e+01  2.1044e-02
-2.3500e+01  2.1226e-02
-2.3400e+01  2.1411e-02
-2.3300e+01  2.1598e-02
-2.3200e+01  2.1787e-02
-2.3100e+01  2.1979e-02
-2.3000e+01  2.2173e-02
-2.2900e+01  2.2370e-02
-2.2800e+01  2.2570e-02
-2.2700e+01  2.2772e-02
-2.2600e+01  2.2977e-02
-2.2500e+01  2.3184e-02
-2.2400e+01  2.3395e-02
-2.2300e+01  2.3609e-02
-2.2200e+01  2.3825e-02
-2.2100e+01  2.4044e-02
-2.2000e+01  2.4267e-02
-2.1900e+01  2.4492e-02
-2.1800e+01  2.4721e-02
-2.1700e+01  2.4953e-02
-2.1600e+01  2.5188e-02
-2.1500e+01  2.5427e-02
-2.1400e+01  2.5669e-02
-2.1300e+01  2.5914e-02
-2.1200e+01  2.6163e-02
-2.1100e+01  2.6416e-02
-2.1000e+01  2.6672e-02
-2.0900e+01  2.6932e-02
-2.0800e+01  2.7196e-02
-2.0700e+01  2.7464e-02
-2.0600e+01  2.7735e-02
-2.0500e+01  2.8011e-02
-2.0400e+01  2.8291e-02
-2.0300e+01  2.8575e-02
-2.0200e+01  2.8864e-02
-2.0100e+01  2.9157e-02
-2.0000e+01  2.9454e-02
-1.9900e+01  2.9756e-02
-1.9800e+01  3.0062e-02
-1.9700e+01  3.0374e-02
-1.9600e+01  3.0690e-02
-1.9500e+01  3.1011e-02
-1.9400e+01  3.1338e-02
-1.9300e+01  3.1669e-02
-1.9200e+01  3.2006e-02
-1.9100e+01  3.2348e-02
-1.9000e+01  3.2696e-02
-1.8900e+01  3.3049e-02
-1.8800e+01  3.3408e-02
-1.8700e+01  3.3773e-02
-1.8600e+01  3.4144e-02
-1.8500e+01  3.4521e-02
-1.8400e+01  3.4905e-02
-1.8300e+01  3.5294e-02
-1.8200e+01  3.5691e-02
-1.8100e+01  3.6094e-02
-1.8000e+01  3.6504e-02
-1.7900e+01  3.6921e-02
-1.7800e+01  3.7346e-02
-1.7700e+01  3.7777e-02
-1.7600e+01  3.8216e-02
-1.7500e+01  3.8663e-02
-1.7400e+01  3.9118e-02
-1.7300e+01  3.9581e-02
-1.7200e+01  4.0052e-02
-1.7100e+01  4.0532e-02
-1.7000e+01  4.1020e-02
-1.6900e+01  4.1517e-02
-1.6800e+01  4.2024e-02
-1.6700e+01  4.2539e-02
-1.6600e+01  4.3064e-02
-1.6500e+01  4.3599e-02
-1.6400e+01  4.4144e-02
-1.6300e+01  4.4700e-02
-1.6200e+01  4.5265e-02
-1.6100e+01  4.5842e-02
-1.6000e+01  4.6430e-02
-1.5900e+01  4.7029e-02
-1.5800e+01  4.7640e-02
-1.5700e+01  4.8262e-02
-1.5600e+01  4.8898e-02
-1.5500e+01  4.9545e-02
-1.5400e+01  5.0206e-02
-1.5300e+01  5.0880e-02
-1.5200e+01  5.1567e-02
-1.5100e+01  5.2269e-02
-1.5000e+01  5.2985e-02
-1.4900e+01  5.3716e-02
-1.4800e+01  5.4462e-02
-1.4700e+01  5.5223e-02
-1.4600e+01  5.6001e-02
-1.4500e+01  5.6795e-02
-1.4400e+01  5.7606e-02
-1.4300e+01  5.8435e-02
-1.4200e+01  5.9281e-02
-1.4100e+01  6.0146e-02
-1.4000e+01  6.1031e-02
-1.3900e+01  6.1934e-02
-1.3800e+01  6.2858e-02
-1.3700e+01  6.3803e-02
-1.3600e+01  6.4769e-02
-1.3500e+01  6.5757e-02
-1.3400e+01  6.6767e-02
-1.3300e+01  6.7801e-02
-1.3200e+01  6.8860e-02
-1.3100e+01  6.9943e-02
-1.3000e+01  7.1051e-02
-1.2900e+01  7.2186e-02
-1.2800e+01  7.3348e-02
-1.2700e+01  7.4539e-02
-1.2600e+01  7.5758e-02
-1.2500e+01  7.7007e-02
-1.2400e+01  7.8287e-02
-1.2300e+01  7.9599e-02
-1.2200e+01  8.0944e-02
-1.2100e+01  8.2323e-02
-1.2000e+01  8.3738e-02
-1.1900e+01  8.5188e-02
-1.1800e+01  8.6676e-02
-1.1700e+01  8.8203e-02
-1.1600e+01  8.9770e-02
-1.1500e+01  9.1378e-02
-1.1400e+01  9.3030e-02
-1.1300e+01  9.4725e-02
-1.1200e+01  9.6467e-02
-1.1100e+01  9.8257e-02
-1.1000e+01  1.0010e-01
-1.0900e+01  1.0198e-01
-1.0800e+01  1.0393e-01
-1.0700e+01  1.0592e-01
-1.0600e+01  1.0798e-01
-1.0500e+01  1.1009e-01
-1.0400e+01  1.1226e-01
-1.0300e+01  1.1450e-01
-1.0200e+01  1.1680e-01
-1.0100e+01  1.1917e-01
-1.0000e+01  1.2161e-01
-9.9000e+00  1.2412e-01
-9.8000e+00  1.2671e-01
-9.7000e+00  1.2938e-01
-9.6000e+00  1.3212e-01
-9.5000e+00  1.3495e-01
-9.4000e+00  1.3787e-01
-9.3000e+00  1.4088e-01
-9.2000e+00  1.4398e-01
-9.1000e+00  1.4718e-01
-9.0000e+00  1.5049e-01
-8.9000e+00  1.5389e-01
-8.8000e+00  1.5741e-01
-8.7000e+00  1.6104e-01
-8.6000e+00  1.6478e-01
-8.5000e+00  1.6865e-01
-8.4000e+00  1.7264e-01
-8.3000e+00  1.7676e-01
-8.2000e+00  1.8102e-01
-8.1000e+00  1.8541e-01
-8.0000e+00  1.8996e-01
-7.9000e+00  1.9465e-01
-7.8000e+00  1.9949e-01
-7.7000e+00  2.0450e-01
-7.6000e+00  2.0967e-01
-7.5000e+00  2.1502e-01
-7.4000e+00  2.2054e-01
-7.3000e+00  2.2624e-01
-7.2000e+00  2.3213e-01
-7.1000e+00  2.3822e-01
-7.0000e+00  2.4451e-01
-6.9000e+00  2.5100e-01
-6.8000e+00  2.5771e-01
-6.7000e+00  2.6463e-01
-6.6000e+00  2.7178e-01
-6.5000e+00  2.7916e-01
-6.4000e+00  2.8677e-01
-6.3000e+00  2.9462e-01
-6.2000e+00  3.0272e-01
-6.1000e+00  3.1108e-01
-6.0000e+00  3.1969e-01
-5.9000e+00  3.2856e-01
-5.8000e+00  3.3769e-01
-5.7000e+00  3.4710e-01
-5.6000e+00  3.5677e-01
-5.5000e+00  3.6673e-01
-5.4000e+00  3.7696e-01
-5.3000e+00  3.8747e-01
-5.2000e+00  3.9826e-01
-5.1000e+00  4.0934e-01
-5.0000e+00  4.2069e-01
-4.9000e+00  4.3233e-01
-4.8000e+00  4.4424e-01
-4.7000e+00  4.5643e-01
-4.6000e+00  4.6889e-01
-4.5000e+00  4.8161e-01
-4.4000e+00  4.9459e-01
-4.3000e+00  5.0783e-01
-4.2000e+00  5.2131e-01
-4.1000e+00  5.3502e-01
-4.0000e+00  5.4895e-01
-3.9000e+00  5.6308e-01
-3.8000e+00  5.7742e-01
-3.7000e+00  5.9192e-01
-3.6000e+00  6.0659e-01
-3.5000e+00  6.2140e-01
-3.4000e+00  6.3633e-01
-3.3000e+00  6.5136e-01
-3.2000e+00  6.6647e-01
-3.1000e+00  6.8162e-01
-3.0000e+00  6.9680e-01
-2.9000e+00  7.1197e-01
-2.8000e+00  7.2711e-01
-2.7000e+00  7.4218e-01
-2.6000e+00  7.5716e-01
-2.5000e+00  7.7202e-01
-2.4000e+00  7.8670e-01
-2.3000e+00  8.0120e-01
-2.2000e+00  8.1546e-01
-2.1000e+00  8.2945e-01
-2.0000e+00  8.4313e-01
-1.9000e+00  8.5648e-01
-1.8000e+00  8.6944e-01
-1.7000e+00  8.8199e-01
-1.6000e+00  8.9409e-01
-1.5000e+00  9.0570e-01
-1.4000e+00  9.1678e-01
-1.3000e+00  9.2730e-01
-1.2000e+00  9.3723e-01
-1.1000e+00  9.4654e-01
-1.0000e+00  9.5519e-01
-9.0000e-01  9.6315e-01
-8.0000e-01  9.7039e-01
-7.0000e-01  9.7690e-01
-6.0000e-01  9.8264e-01
-5.0000e-01  9.8759e-01
-4.0000e-01  9.9174e-01
-3.0000e-01  9.9507e-01
-2.0000e-01  9.9756e-01
-1.0000e-01  9.9921e-01
0.0000e+00  1.0000e+00
1.0000e-01  9.9993e-01
2.0000e-01  9.9900e-01
3.0000e-01  9.9721e-01
4.0000e-01  9.9456e-01
5.0000e-01  9.9106e-01
6.0000e-01  9.8672e-01
7.0000e-01  9.8155e-01
8.0000e-01  9.7557e-01
9.0000e-01  9.6879e-01
1.0000e+00  9.6124e-01
1.1000e+00  9.5294e-01
1.2000e+00  9.4392e-01
1.3000e+00  9.3421e-01
1.4000e+00  9.2383e-01
1.5000e+00  9.1281e-01
1.6000e+00  9.0120e-01
1.7000e+00  8.8903e-01
1.8000e+00  8.7632e-01
1.9000e+00  8.6313e-01
2.0000e+00  8.4949e-01
2.1000e+00  8.3544e-01
2.2000e+00  8.2102e-01
2.3000e+00  8.0626e-01
2.4000e+00  7.9122e-01
2.5000e+00  7.7592e-01
2.6000e+00  7.6040e-01
2.7000e+00  7.4472e-01
2.8000e+00  7.2889e-01
2.9000e+00  7.1297e-01
3.0000e+00  6.9699e-01
3.1000e+00  6.8097e-01
3.2000e+00  6.6496e-01
3.3000e+00  6.4898e-01
3.4000e+00  6.3308e-01
3.5000e+00  6.1726e-01
3.6000e+00  6.0158e-01
3.7000e+00  5.8603e-01
3.8000e+00  5.7066e-01
3.9000e+00  5.5549e-01
4.0000e+00  5.4053e-01
4.1000e+00  5.2579e-01
4.2000e+00  5.1131e-01
4.3000e+00  4.9709e-01
4.4000e+00  4.8315e-01
4.5000e+00  4.6949e-01
4.6000e+00  4.5613e-01
4.7000e+00  4.4308e-01
4.8000e+00  4.3033e-01
4.9000e+00  4.1791e-01
5.0000e+00  4.0580e-01
5.1000e+00  3.9402e-01
5.2000e+00  3.8256e-01
5.3000e+00  3.7142e-01
5.4000e+00  3.6061e-01
5.5000e+00  3.5012e-01
5.6000e+00  3.3994e-01
5.7000e+00  3.3009e-01
5.8000e+00  3.2054e-01
5.9000e+00  3.1130e-01
6.0000e+00  3.0237e-01
6.1000e+00  2.9372e-01
6.2000e+00  2.8537e-01
6.3000e+00  2.7730e-01
6.4000e+00  2.6950e-01
6.5000e+00  2.6197e-01
6.6000e+00  2.5470e-01
6.7000e+00  2.4769e-01
6.8000e+00  2.4092e-01
6.9000e+00  2.3439e-01
7.0000e+00  2.2809e-01
7.1000e+00  2.2201e-01
7.2000e+00  2.1615e-01
7.3000e+00  2.1050e-01
7.4000e+00  2.0504e-01
7.5000e+00  1.9978e-01
7.6000e+00  1.9471e-01
7.7000e+00  1.8981e-01
7.8000e+00  1.8509e-01
7.9000e+00  1.8054e-01
8.0000e+00  1.7614e-01
8.1000e+00  1.7190e-01
8.2000e+00  1.6780e-01
8.3000e+00  1.6385e-01
8.4000e+00  1.6003e-01
8.5000e+00  1.5634e-01
8.6000e+00  1.5278e-01
8.7000e+00  1.4934e-01
8.8000e+00  1.4601e-01
8.9000e+00  1.4280e-01
9.0000e+00  1.3969e-01
9.1000e+00  1.3668e-01
9.2000e+00  1.3378e-01
9.3000e+00  1.3097e-01
9.4000e+00  1.2824e-01
9.5000e+00  1.2561e-01
9.6000e+00  1.2306e-01
9.7000e+00  1.2059e-01
9.8000e+00  1.1820e-01
9.9000e+00  1.1588e-01
1.0000e+01  1.1364e-01
1.0100e+01  1.1146e-01
1.0200e+01  1.0935e-01
1.0300e+01  1.0731e-01
1.0400e+01  1.0532e-01
1.0500e+01  1.0340e-01
1.0600e+01  1.0154e-01
1.0700e+01  9.9727e-02
1.0800e+01  9.7971e-02
1.0900e+01  9.6267e-02
1.1000e+01  9.4614e-02
1.1100e+01  9.3009e-02
1.1200e+01  9.1451e-02
1.1300e+01  8.9939e-02
1.1400e+01  8.8471e-02
1.1500e+01  8.7046e-02
1.1600e+01  8.5662e-02
1.1700e+01  8.4319e-02
1.1800e+01  8.3016e-02
1.1900e+01  8.1751e-02
1.2000e+01  8.0523e-02
1.2100e+01  7.9332e-02
1.2200e+01  7.8177e-02
1.2300e+01  7.7056e-02
1.2400e+01  7.5969e-02
1.2500e+01  7.4916e-02
1.2600e+01  7.3895e-02
1.2700e+01  7.2906e-02
1.2800e+01  7.1949e-02
1.2900e+01  7.1023e-02
1.3000e+01  7.0128e-02
1.3100e+01  6.9263e-02
1.3200e+01  6.8428e-02
1.3300e+01  6.7622e-02
1.3400e+01  6.6846e-02
1.3500e+01  6.6099e-02
1.3600e+01  6.5381e-02
1.3700e+01  6.4692e-02
1.3800e+01  6.4032e-02
1.3900e+01  6.3400e-02
1.4000e+01  6.2797e-02
1.4100e+01  6.2223e-02
1.4200e+01  6.1678e-02
1.4300e+01  6.1161e-02
1.4400e+01  6.0673e-02
1.4500e+01  6.0215e-02
1.4600e+01  5.9786e-02
1.4700e+01  5.9386e-02
1.4800e+01  5.9016e-02
1.4900e+01  5.8675e-02
1.5000e+01  5.8365e-02
1.5100e+01  5.8085e-02
1.5200e+01  5.7836e-02
1.5300e+01  5.7617e-02
1.5400e+01  5.7429e-02
1.5500e+01  5.7272e-02
1.5600e+01  5.7146e-02
1.5700e+01  5.7052e-02
1.5800e+01  5.6989e-02
1.5900e+01  5.6957e-02
1.6000e+01  5.6956e-02
1.6100e+01  5.6987e-02
1.6200e+01  5.7048e-02
1.6300e+01  5.7141e-02
1.6400e+01  5.7263e-02
1.6500e+01  5.7416e-02
1.6600e+01  5.7598e-02
1.6700e+01  5.7809e-02
1.6800e+01  5.8049e-02
1.6900e+01  5.8315e-02
1.7000e+01  5.8608e-02
1.7100e+01  5.8926e-02
1.7200e+01  5.9267e-02
1.7300e+01  5.9632e-02
1.7400e+01  6.0018e-02
1.7500e+01  6.0423e-02
1.7600e+01  6.0846e-02
1.7700e+01  6.1285e-02
1.7800e+01  6.1738e-02
1.7900e+01  6.2204e-02
1.8000e+01  6.2679e-02
1.8100e+01  6.3162e-02
1.8200e+01  6.3651e-02
1.8300e+01  6.4143e-02
1.8400e+01  6.4635e-02
1.8500e+01  6.5126e-02
1.8600e+01  6.5612e-02
1.8700e+01  6.6092e-02
1.8800e+01  6.6563e-02
1.8900e+01  6.7022e-02
1.9000e+01  6.7468e-02
1.9100e+01  6.7898e-02
1.9200e+01  6.8310e-02
1.9300e+01  6.8702e-02
1.9400e+01  6.9072e-02
1.9500e+01  6.9420e-02
1.9600e+01  6.9742e-02
1.9700e+01  7.0039e-02
1.9800e+01  7.0309e-02
1.9900e+01  7.0552e-02
2.0000e+01  7.0767e-02
2.0100e+01  7.0954e-02
2.0200e+01  7.1114e-02
2.0300e+01  7.1247e-02
2.0400e+01  7.1354e-02
2.0500e+01  7.1435e-02
2.0600e+01  7.1494e-02
2.0700e+01  7.1530e-02
2.0800e+01  7.1548e-02
2.0900e+01  7.1548e-02
2.1000e+01  7.1534e-02
2.1100e+01  7.1510e-02
2.1200e+01  7.1477e-02
2.1300e+01  7.1441e-02
2.1400e+01  7.1404e-02
2.1500e+01  7.1370e-02
2.1600e+01  7.1345e-02
2.1700e+01  7.1331e-02
2.1800e+01  7.1334e-02
2.1900e+01  7.1358e-02
2.2000e+01  7.1407e-02
2.2100e+01  7.1485e-02
2.2200e+01  7.1598e-02
2.2300e+01  7.1748e-02
2.2400e+01  7.1941e-02
2.2500e+01  7.2180e-02
2.2600e+01  7.2468e-02
2.2700e+01  7.2809e-02
2.2800e+01  7.3206e-02
2.2900e+01  7.3661e-02
2.3000e+01  7.4177e-02
2.3100e+01  7.4755e-02
2.3200e+01  7.5396e-02
2.3300e+01  7.6102e-02
2.3400e+01  7.6873e-02
2.3500e+01  7.7708e-02
2.3600e+01  7.8606e-02
2.3700e+01  7.9566e-02
2.3800e+01  8.0586e-02
2.3900e+01  8.1662e-02
2.4000e+01  8.2793e-02
2.4100e+01  8.3973e-02
2.4200e+01  8.5199e-02
2.4300e+01  8.6466e-02
2.4400e+01  8.7767e-02
2.4500e+01  8.9097e-02
2.4600e+01  9.0450e-02
2.4700e+01  9.1819e-02
2.4800e+01  9.3195e-02
2.4900e+01  9.4572e-02
2.5000e+01  9.5942e-02
2.5100e+01  9.7296e-02
2.5200e+01  9.8626e-02
2.5300e+01  9.9924e-02
2.5400e+01  1.0118e-01
2.5500e+01  1.0239e-01
2.5600e+01  1.0354e-01
2.5700e+01  1.0463e-01
2.5800e+01  1.0564e-01
2.5900e+01  1.0657e-01
2.6000e+01  1.0741e-01
2.6100e+01  1.0816e-01
2.6200e+01  1.0881e-01
2.6300e+01  1.0935e-01
2.6400e+01  1.0978e-01
2.6500e+01  1.1010e-01
2.6600e+01  1.1029e-01
2.6700e+01  1.1037e-01
2.6800e+01  1.1032e-01
2.6900e+01  1.1014e-01
2.7000e+01  1.0984e-01
2.7100e+01  1.0941e-01
2.7200e+01  1.0885e-01
2.7300e+01  1.0818e-01
2.7400e+01  1.0738e-01
2.7500e+01  1.0646e-01
2.7600e+01  1.0544e-01
2.7700e+01  1.0430e-01
2.7800e+01  1.0306e-01
2.7900e+01  1.0172e-01
2.8000e+01  1.0029e-01
2.8100e+01  9.8782e-02
2.8200e+01  9.7192e-02
2.8300e+01  9.5532e-02
2.8400e+01  9.3809e-02
2.8500e+01  9.2033e-02
2.8600e+01  9.0209e-02
2.8700e+01  8.8348e-02
2.8800e+01  8.6455e-02
2.8900e+01  8.4540e-02
2.9000e+01  8.2609e-02
2.9100e+01  8.0670e-02
2.9200e+01  7.8732e-02
2.9300e+01  7.6799e-02
2.9400e+01  7.4880e-02
2.9500e+01  7.2979e-02
2.9600e+01  7.1104e-02
2.9700e+01  6.9260e-02
2.9800e+01  6.7451e-02
2.9900e+01  6.5682e-02
3.0000e+01  6.3957e-02
3.0100e+01  6.2281e-02
3.0200e+01  6.0656e-02
3.0300e+01  5.9085e-02
3.0400e+01  5.7571e-02
3.0500e+01  5.6116e-02
3.0600e+01  5.4721e-02
3.0700e+01  5.3389e-02
3.0800e+01  5.2121e-02
3.0900e+01  5.0918e-02
3.1000e+01  4.9780e-02
3.1100e+01  4.8710e-02
3.1200e+01  4.7709e-02
3.1300e+01  4.6778e-02
3.1400e+01  4.5922e-02
3.1500e+01  4.5144e-02
3.1600e+01  4.4452e-02
3.1700e+01  4.3865e-02
3.1800e+01  4.3419e-02
3.1900e+01  4.3253e-02
3.2000e+01  4.2963e-02
3.2100e+01  4.2037e-02
3.2200e+01  4.0983e-02
3.2300e+01  4.0208e-02
3.2400e+01  3.9574e-02
3.2500e+01  3.9037e-02
3.2600e+01  3.8575e-02
3.2700e+01  3.8178e-02
3.2800e+01  3.7835e-02
3.2900e+01  3.7543e-02
3.3000e+01  3.7295e-02
3.3100e+01  3.7088e-02
3.3200e+01  3.6920e-02
3.3300e+01  3.6787e-02
3.3400e+01  3.6686e-02
3.3500e+01  3.6617e-02
3.3600e+01  3.6577e-02
3.3700e+01  3.6563e-02
3.3800e+01  3.6575e-02
3.3900e+01  3.6611e-02
3.4000e+01  3.6668e-02
3.4100e+01  3.6746e-02
3.4200e+01  3.6843e-02
3.4300e+01  3.6958e-02
3.4400e+01  3.7088e-02
3.4500e+01  3.7233e-02
3.4600e+01  3.7391e-02
3.4700e+01  3.7561e-02
3.4800e+01  3.7740e-02
3.4900e+01  3.7927e-02
3.5000e+01  3.8121e-02
3.5100e+01  3.8319e-02
3.5200e+01  3.8520e-02
3.5300e+01  3.8723e-02
3.5400e+01  3.8924e-02
3.5500e+01  3.9122e-02
3.5600e+01  3.9316e-02
3.5700e+01  3.9502e-02
3.5800e+01  3.9679e-02
3.5900e+01  3.9845e-02
3.6000e+01  3.9997e-02
3.6100e+01  4.0133e-02
3.6200e+01  4.0252e-02
3.6300e+01  4.0351e-02
3.6400e+01  4.0428e-02
3.6500e+01  4.0480e-02
3.6600e+01  4.0507e-02
3.6700e+01  4.0505e-02
3.6800e+01  4.0474e-02
3.6900e+01  4.0412e-02
3.7000e+01  4.0317e-02
3.7100e+01  4.0188e-02
3.7200e+01  4.0024e-02
3.7300e+01  3.9823e-02
3.7400e+01  3.9586e-02
3.7500e+01  3.9311e-02
3.7600e+01  3.8999e-02
3.7700e+01  3.8649e-02
3.7800e+01  3.8261e-02
3.7900e+01  3.7837e-02
3.8000e+01  3.7375e-02
3.8100e+01  3.6879e-02
3.8200e+01  3.6348e-02
3.8300e+01  3.5783e-02
3.8400e+01  3.5188e-02
3.8500e+01  3.4562e-02
3.8600e+01  3.3909e-02
3.8700e+01  3.3230e-02
3.8800e+01  3.2527e-02
3.8900e+01  3.1803e-02
3.9000e+01  3.1061e-02
3.9100e+01  3.0302e-02
3.9200e+01  2.9530e-02
3.9300e+01  2.8748e-02
3.9400e+01  2.7957e-02
3.9500e+01  2.7161e-02
3.9600e+01  2.6362e-02
3.9700e+01  2.5563e-02
3.9800e+01  2.4767e-02
3.9900e+01  2.3975e-02
4.0000e+01  2.3191e-02
4.0100e+01  2.2416e-02
4.0200e+01  2.1653e-02
4.0300e+01  2.0903e-02
4.0400e+01  2.0168e-02
4.0500e+01  1.9450e-02
4.0600e+01  1.8751e-02
4.0700e+01  1.8072e-02
4.0800e+01  1.7413e-02
4.0900e+01  1.6776e-02
4.1000e+01  1.6162e-02
4.1100e+01  1.5571e-02
4.1200e+01  1.5003e-02
4.1300e+01  1.4460e-02
4.1400e+01  1.3940e-02
4.1500e+01  1.3445e-02
4.1600e+01  1.2974e-02
4.1700e+01  1.2526e-02
4.1800e+01  1.2101e-02
4.1900e+01  1.1700e-02
4.2000e+01  1.1321e-02
4.2100e+01  1.0963e-02
4.2200e+01  1.0627e-02
4.2300e+01  1.0311e-02
4.2400e+01  1.0014e-02
4.2500e+01  9.7365e-03
4.2600e+01  9.4764e-03
4.2700e+01  9.2333e-03
4.2800e+01  9.0063e-03
4.2900e+01  8.7945e-03
4.3000e+01  8.5970e-03
4.3100e+01  8.4129e-03
4.3200e+01  8.2415e-03
4.3300e+01  8.0818e-03
4.3400e+01  7.9332e-03
4.3500e+01  7.7947e-03
4.3600e+01  7.6657e-03
4.3700e+01  7.5455e-03
4.3800e+01  7.4334e-03
4.3900e+01  7.3287e-03
4.4000e+01  7.2309e-03
4.4100e+01  7.1393e-03
4.4200e+01  7.0536e-03
4.4300e+01  6.9730e-03
4.4400e+01  6.8973e-03
4.4500e+01  6.8259e-03
4.4600e+01  6.7585e-03
4.4700e+01  6.6948e-03
4.4800e+01  6.6343e-03
4.4900e+01  6.5767e-03
4.5000e+01  6.5219e-03
4.5100e+01  6.4696e-03
4.5200e+01  6.4194e-03
4.5300e+01  6.3712e-03
4.5400e+01  6.3249e-03
4.5500e+01  6.2801e-03
4.5600e+01  6.2369e-03
4.5700e+01  6.1950e-03
4.5800e+01  6.1543e-03
4.5900e+01  6.1147e-03
4.6000e+01  6.0761e-03
4.6100e+01  6.0384e-03
4.6200e+01  6.0015e-03
4.6300e+01  5.9653e-03
4.6400e+01  5.9298e-03
4.6500e+01  5.8949e-03
4.6600e+01  5.8605e-03
4.6700e+01  5.8267e-03
4.6800e+01  5.7932e-03
4.6900e+01  5.7602e-03
4.7000e+01  5.7276e-03
4.7100e+01  5.6952e-03
4.7200e+01  5.6632e-03
4.7300e+01  5.6314e-03
4.7400e+01  5.5999e-03
4.7500e+01  5.5685e-03
4.7600e+01  5.5373e-03
4.7700e+01  5.5063e-03
4.7800e+01  5.4754e-03
4.7900e+01  5.4446e-03
4.8000e+01  5.4139e-03
4.8100e+01  5.3833e-03
4.8200e+01  5.3527e-03
4.8300e+01  5.3222e-03
4.8400e+01  5.2917e-03
4.8500e+01  5.2613e-03
4.8600e+01  5.2308e-03
4.8700e+01  5.2004e-03
4.8800e+01  5.1699e-03
4.8900e+01  5.1394e-03
4.9000e+01  5.1090e-03
4.9100e+01  5.0785e-03
4.9200e+01  5.0480e-03
4.9300e+01  5.0175e-03
4.9400e+01  4.9869e-03
4.9500e+01  4.9564e-03
4.9600e+01  4.9259e-03
4.9700e+01  4.8953e-03
4.9800e+01  4.8648e-03
4.9900e+01  4.8343e-03
5.0000e+01  4.8038e-03
5.0100e+01  4.7733e-03
5.0200e+01  4.7428e-03
5.0300e+01  4.7122e-03
5.0400e+01  4.6813e-03
5.0500e+01  4.6496e-03
5.0600e+01  4.6146e-03
5.0700e+01  4.5259e-03
