-4.9100e+01  2.7583e-05
-4.9000e+01  3.1631e-05
-4.8900e+01  3.5467e-05
-4.8800e+01  3.8966e-05
-4.8700e+01  4.2040e-05
-4.8600e+01  4.4648e-05
-4.8500e+01  4.6785e-05
-4.8400e+01  4.8484e-05
-4.8300e+01  4.9799e-05
-4.8200e+01  5.0798e-05
-4.8100e+01  5.1551e-05
-4.8000e+01  5.2120e-05
-4.7900e+01  5.2561e-05
-4.7800e+01  5.2915e-05
-4.7700e+01  5.3214e-05
-4.7600e+01  5.3480e-05
-4.7500e+01  5.3727e-05
-4.7400e+01  5.3963e-05
-4.7300e+01  5.4195e-05
-4.7200e+01  5.4425e-05
-4.7100e+01  5.4655e-05
-4.7000e+01  5.4885e-05
-4.6900e+01  5.5117e-05
-4.6800e+01  5.5350e-05
-4.6700e+01  5.5585e-05
-4.6600e+01  5.5821e-05
-4.6500e+01  5.6058e-05
-4.6400e+01  5.6297e-05
-4.6300e+01  5.6537e-05
-4.6200e+01  5.6780e-05
-4.6100e+01  5.7023e-05
-4.6000e+01  5.7268e-05
-4.5900e+01  5.7515e-05
-4.5800e+01  5.7764e-05
-4.5700e+01  5.8014e-05
-4.5600e+01  5.8265e-05
-4.5500e+01  5.8519e-05
-4.5400e+01  5.8774e-05
-4.5300e+01  5.9030e-05
-4.5200e+01  5.9289e-05
-4.5100e+01  5.9549e-05
-4.5000e+01  5.9810e-05
-4.4900e+01  6.0074e-05
-4.4800e+01  6.0339e-05
-4.4700e+01  6.0606e-05
-4.4600e+01  6.0875e-05
-4.4500e+01  6.1146e-05
-4.4400e+01  6.1418e-05
-4.4300e+01  6.1692e-05
-4.4200e+01  6.1968e-05
-4.4100e+01  6.2246e-05
-4.4000e+01  6.2526e-05
-4.3900e+01  6.2808e-05
-4.3800e+01  6.3092e-05
-4.3700e+01  6.3377e-05
-4.3600e+01  6.3665e-05
-4.3500e+01  6.3955e-05
-4.3400e+01  6.4246e-05
-4.3300e+01  6.4540e-05
-4.3200e+01  6.4835e-05
-4.3100e+01  6.5133e-05
-4.3000e+01  6.5433e-05
-4.2900e+01  6.5735e-05
-4.2800e+01  6.6038e-05
-4.2700e+01  6.6344e-05
-4.2600e+01  6.6653e-05
-4.2500e+01  6.6963e-05
-4.2400e+01  6.7275e-05
-4.2300e+01  6.7590e-05
-4.2200e+01  6.7907e-05
-4.2100e+01  6.8226e-05
-4.2000e+01  6.8548e-05
-4.1900e+01  6.8871e-05
-4.1800e+01  6.9198e-05
-4.1700e+01  6.9526e-05
-4.1600e+01  6.9857e-05
-4.1500e+01  7.0190e-05
-4.1400e+01  7.0525e-05
-4.1300e+01  7.0863e-05
-4.1200e+01  7.1204e-05
-4.1100e+01  7.1547e-05
-4.1000e+01  7.1892e-05
-4.0900e+01  7.2240e-05
-4.0800e+01  7.2590e-05
-4.0700e+01  7.2943e-05
-4.0600e+01  7.3299e-05
-4.0500e+01  7.3657e-05
-4.0400e+01  7.4018e-05
-4.0300e+01  7.4382e-05
-4.0200e+01  7.4748e-05
-4.0100e+01  7.5117e-05
-4.0000e+01  7.5488e-05
-3.9900e+01  7.5863e-05
-3.9800e+01  7.6240e-05
-3.9700e+01  7.6620e-05
-3.9600e+01  7.7003e-05
-3.9500e+01  7.7389e-05
-3.9400e+01  7.7778e-05
-3.9300e+01  7.8170e-05
-3.9200e+01  7.8565e-05
-3.9100e+01  7.8963e-05
-3.9000e+01  7.9363e-05
-3.8900e+01  7.9767e-05
-3.8800e+01  8.0174e-05
-3.8700e+01  8.0584e-05
-3.8600e+01  8.0998e-05
-3.8500e+01  8.1414e-05
-3.8400e+01  8.1834e-05
-3.8300e+01  8.2257e-05
-3.8200e+01  8.2684e-05
-3.8100e+01  8.3113e-05
-3.8000e+01  8.3546e-05
-3.7900e+01  8.3983e-05
-3.7800e+01  8.4423e-05
-3.7700e+01  8.4866e-05
-3.7600e+01  8.5313e-05
-3.7500e+01  8.5764e-05
-3.7400e+01  8.6218e-05
-3.7300e+01  8.6676e-05
-3.7200e+01  8.7137e-05
-3.7100e+01  8.7602e-05
-3.7000e+01  8.8071e-05
-3.6900e+01  8.8544e-05
-3.6800e+01  8.9020e-05
-3.6700e+01  8.9501e-05
-3.6600e+01  8.9985e-05
-3.6500e+01  9.0473e-05
-3.6400e+01  9.0966e-05
-3.6300e+01  9.1462e-05
-3.6200e+01  9.1963e-05
-3.6100e+01  9.2467e-05
-3.6000e+01  9.2976e-05
-3.5900e+01  9.3489e-05
-3.5800e+01  9.4006e-05
-3.5700e+01  9.4528e-05
-3.5600e+01  9.5054e-05
-3.5500e+01  9.5584e-05
-3.5400e+01  9.6119e-05
-3.5300e+01  9.6659e-05
-3.5200e+01  9.7203e-05
-3.5100e+01  9.7752e-05
-3.5000e+01  9.8305e-05
-3.4900e+01  9.8863e-05
-3.4800e+01  9.9426e-05
-3.4700e+01  9.9994e-05
-3.4600e+01  1.0057e-04
-3.4500e+01  1.0114e-04
-3.4400e+01  1.0173e-04
-3.4300e+01  1.0231e-04
-3.4200e+01  1.0291e-04
-3.4100e+01  1.0351e-04
-3.4000e+01  1.0411e-04
-3.3900e+01  1.0472e-04
-3.3800e+01  1.0533e-04
-3.3700e+01  1.0595e-04
-3.3600e+01  1.0658e-04
-3.3500e+01  1.0721e-04
-3.3400e+01  1.0784e-04
-3.3300e+01  1.0848e-04
-3.3200e+01  1.0913e-04
-3.3100e+01  1.0979e-04
-3.3000e+01  1.1045e-04
-3.2900e+01  1.1111e-04
-3.2800e+01  1.1178e-04
-3.2700e+01  1.1246e-04
-3.2600e+01  1.1314e-04
-3.2500e+01  1.1383e-04
-3.2400e+01  1.1453e-04
-3.2300e+01  1.1523e-04
-3.2200e+01  1.1594e-04
-3.2100e+01  1.1666e-04
-3.2000e+01  1.1738e-04
-3.1900e+01  1.1811e-04
-3.1800e+01  1.1885e-04
-3.1700e+01  1.1959e-04
-3.1600e+01  1.2034e-04
-3.1500e+01  1.2110e-04
-3.1400e+01  1.2187e-04
-3.1300e+01  1.2264e-04
-3.1200e+01  1.2342e-04
-3.1100e+01  1.2420e-04
-3.1000e+01  1.2500e-04
-3.0900e+01  1.2580e-04
-3.0800e+01  1.2661e-04
-3.0700e+01  1.2743e-04
-3.0600e+01  1.2826e-04
-3.0500e+01  1.2909e-04
-3.0400e+01  1.2993e-04
-3.0300e+01  1.3078e-04
-3.0200e+01  1.3164e-04
-3.0100e+01  1.3251e-04
-3.0000e+01  1.3339e-04
-2.9900e+01  1.3427e-04
-2.9800e+01  1.3517e-04
-2.9700e+01  1.3607e-04
-2.9600e+01  1.3698e-04
-2.9500e+01  1.3790e-04
-2.9400e+01  1.3883e-04
-2.9300e+01  1.3977e-04
-2.9200e+01  1.4072e-04
-2.9100e+01  1.4168e-04
-2.9000e+01  1.4265e-04
-2.8900e+01  1.4363e-04
-2.8800e+01  1.4462e-04
-2.8700e+01  1.4562e-04
-2.8600e+01  1.4663e-04
-2.8500e+01  1.4766e-04
-2.8400e+01  1.4869e-04
-2.8300e+01  1.4973e-04
-2.8200e+01  1.5079e-04
-2.8100e+01  1.5185e-04
-2.8000e+01  1.5293e-04
-2.7900e+01  1.5402e-04
-2.7800e+01  1.5512e-04
-2.7700e+01  1.5623e-04
-2.7600e+01  1.5735e-04
-2.7500e+01  1.5849e-04
-2.7400e+01  1.5964e-04
-2.7300e+01  1.6080e-04
-2.7200e+01  1.6197e-04
-2.7100e+01  1.6316e-04
-2.7000e+01  1.6436e-04
-2.6900e+01  1.6557e-04
-2.6800e+01  1.6680e-04
-2.6700e+01  1.6804e-04
-2.6600e+01  1.6930e-04
-2.6500e+01  1.7057e-04
-2.6400e+01  1.7185e-04
-2.6300e+01  1.7315e-04
-2.6200e+01  1.7446e-04
-2.6100e+01  1.7579e-04
-2.6000e+01  1.7714e-04
-2.5900e+01  1.7850e-04
-2.5800e+01  1.7987e-04
-2.5700e+01  1.8126e-04
-2.5600e+01  1.8267e-04
-2.5500e+01  1.8409e-04
-2.5400e+01  1.8553e-04
-2.5300e+01  1.8699e-04
-2.5200e+01  1.8847e-04
-2.5100e+01  1.8996e-04
-2.5000e+01  1.9147e-04
-2.4900e+01  1.9300e-04
-2.4800e+01  1.9455e-04
-2.4700e+01  1.9611e-04
-2.4600e+01  1.9770e-04
-2.4500e+01  1.9931e-04
-2.4400e+01  2.0093e-04
-2.4300e+01  2.0258e-04
-2.4200e+01  2.0424e-04
-2.4100e+01  2.0593e-04
-2.4000e+01  2.0763e-04
-2.3900e+01  2.0936e-04
-2.3800e+01  2.1111e-04
-2.3700e+01  2.1289e-04
-2.3600e+01  2.1468e-04
-2.3500e+01  2.1650e-04
-2.3400e+01  2.1834e-04
-2.3300e+01  2.2021e-04
-2.3200e+01  2.2210e-04
-2.3100e+01  2.2401e-04
-2.3000e+01  2.2596e-04
-2.2900e+01  2.2792e-04
-2.2800e+01  2.2992e-04
-2.2700e+01  2.3194e-04
-2.2600e+01  2.3399e-04
-2.2500e+01  2.3607e-04
-2.2400e+01  2.3817e-04
-2.2300e+01  2.4031e-04
-2.2200e+01  2.4248e-04
-2.2100e+01  2.4468e-04
-2.2000e+01  2.4691e-04
-2.1900e+01  2.4917e-04
-2.1800e+01  2.5147e-04
-2.1700e+01  2.5379e-04
-2.1600e+01  2.5614e-04
-2.1500e+01  2.5851e-04
-2.1400e+01  2.6092e-04
-2.1300e+01  2.6336e-04
-2.1200e+01  2.6582e-04
-2.1100e+01  2.6832e-04
-2.1000e+01  2.7085e-04
-2.0900e+01  2.7342e-04
-2.0800e+01  2.7602e-04
-2.0700e+01  2.7867e-04
-2.0600e+01  2.8135e-04
-2.0500e+01  2.8407e-04
-2.0400e+01  2.8684e-04
-2.0300e+01  2.8965e-04
-2.0200e+01  2.9250e-04
-2.0100e+01  2.9540e-04
-2.0000e+01  2.9834e-04
-1.9900e+01  3.0133e-04
-1.9800e+01  3.0436e-04
-1.9700e+01  3.0744e-04
-1.9600e+01  3.1057e-04
-1.9500e+01  3.1375e-04
-1.9400e+01  3.1698e-04
-1.9300e+01  3.2026e-04
-1.9200e+01  3.2359e-04
-1.9100e+01  3.2697e-04
-1.9000e+01  3.3040e-04
-1.8900e+01  3.3389e-04
-1.8800e+01  3.3744e-04
-1.8700e+01  3.4105e-04
-1.8600e+01  3.4471e-04
-1.8500e+01  3.4843e-04
-1.8400e+01  3.5221e-04
-1.8300e+01  3.5606e-04
-1.8200e+01  3.5997e-04
-1.8100e+01  3.6394e-04
-1.8000e+01  3.6798e-04
-1.7900e+01  3.7209e-04
-1.7800e+01  3.7627e-04
-1.7700e+01  3.8052e-04
-1.7600e+01  3.8485e-04
-1.7500e+01  3.8925e-04
-1.7400e+01  3.9372e-04
-1.7300e+01  3.9827e-04
-1.7200e+01  4.0290e-04
-1.7100e+01  4.0762e-04
-1.7000e+01  4.1242e-04
-1.6900e+01  4.1730e-04
-1.6800e+01  4.2227e-04
-1.6700e+01  4.2733e-04
-1.6600e+01  4.3249e-04
-1.6500e+01  4.3774e-04
-1.6400e+01  4.4308e-04
-1.6300e+01  4.4853e-04
-1.6200e+01  4.5407e-04
-1.6100e+01  4.5972e-04
-1.6000e+01  4.6548e-04
-1.5900e+01  4.7134e-04
-1.5800e+01  4.7732e-04
-1.5700e+01  4.8342e-04
-1.5600e+01  4.8963e-04
-1.5500e+01  4.9596e-04
-1.5400e+01  5.0242e-04
-1.5300e+01  5.0900e-04
-1.5200e+01  5.1572e-04
-1.5100e+01  5.2257e-04
-1.5000e+01  5.2956e-04
-1.4900e+01  5.3670e-04
-1.4800e+01  5.4397e-04
-1.4700e+01  5.5140e-04
-1.4600e+01  5.5898e-04
-1.4500e+01  5.6672e-04
-1.4400e+01  5.7463e-04
-1.4300e+01  5.8270e-04
-1.4200e+01  5.9094e-04
-1.4100e+01  5.9936e-04
-1.4000e+01  6.0797e-04
-1.3900e+01  6.1676e-04
-1.3800e+01  6.2574e-04
-1.3700e+01  6.3493e-04
-1.3600e+01  6.4432e-04
-1.3500e+01  6.5392e-04
-1.3400e+01  6.6373e-04
-1.3300e+01  6.7378e-04
-1.3200e+01  6.8405e-04
-1.3100e+01  6.9456e-04
-1.3000e+01  7.0532e-04
-1.2900e+01  7.1633e-04
-1.2800e+01  7.2760e-04
-1.2700e+01  7.3914e-04
-1.2600e+01  7.5097e-04
-1.2500e+01  7.6307e-04
-1.2400e+01  7.7548e-04
-1.2300e+01  7.8819e-04
-1.2200e+01  8.0122e-04
-1.2100e+01  8.1458e-04
-1.2000e+01  8.2828e-04
-1.1900e+01  8.4233e-04
-1.1800e+01  8.5674e-04
-1.1700e+01  8.7153e-04
-1.1600e+01  8.8670e-04
-1.1500e+01  9.0228e-04
-1.1400e+01  9.1828e-04
-1.1300e+01  9.3470e-04
-1.1200e+01  9.5158e-04
-1.1100e+01  9.6892e-04
-1.1000e+01  9.8674e-04
-1.0900e+01  1.0051e-03
-1.0800e+01  1.0239e-03
-1.0700e+01  1.0433e-03
-1.0600e+01  1.0632e-03
-1.0500e+01  1.0837e-03
-1.0400e+01  1.1049e-03
-1.0300e+01  1.1266e-03
-1.0200e+01  1.1490e-03
-1.0100e+01  1.1721e-03
-1.0000e+01  1.1959e-03
-9.9000e+00  1.2204e-03
-9.8000e+00  1.2457e-03
-9.7000e+00  1.2718e-03
-9.6000e+00  1.2987e-03
-9.5000e+00  1.3265e-03
-9.4000e+00  1.3552e-03
-9.3000e+00  1.3849e-03
-9.2000e+00  1.4156e-03
-9.1000e+00  1.4472e-03
-9.0000e+00  1.4800e-03
-8.9000e+00  1.5139e-03
-8.8000e+00  1.5490e-03
-8.7000e+00  1.5854e-03
-8.6000e+00  1.6230e-03
-8.5000e+00  1.6620e-03
-8.4000e+00  1.7025e-03
-8.3000e+00  1.7444e-03
-8.2000e+00  1.7879e-03
-8.1000e+00  1.8331e-03
-8.0000e+00  1.8801e-03
-7.9000e+00  1.9289e-03
-7.8000e+00  1.9796e-03
-7.7000e+00  2.0324e-03
-7.6000e+00  2.0873e-03
-7.5000e+00  2.1446e-03
-7.4000e+00  2.2042e-03
-7.3000e+00  2.2663e-03
-7.2000e+00  2.3312e-03
-7.1000e+00  2.3989e-03
-7.0000e+00  2.4696e-03
-6.9000e+00  2.5436e-03
-6.8000e+00  2.6209e-03
-6.7000e+00  2.7019e-03
-6.6000e+00  2.7867e-03
-6.5000e+00  2.8756e-03
-6.4000e+00  2.9689e-03
-6.3000e+00  3.0668e-03
-6.2000e+00  3.1697e-03
-6.1000e+00  3.2780e-03
-6.0000e+00  3.3920e-03
-5.9000e+00  3.5121e-03
-5.8000e+00  3.6387e-03
-5.7000e+00  3.7725e-03
-5.6000e+00  3.9138e-03
-5.5000e+00  4.0634e-03
-5.4000e+00  4.2218e-03
-5.3000e+00  4.3898e-03
-5.2000e+00  4.5682e-03
-5.1000e+00  4.7579e-03
-5.0000e+00  4.9598e-03
-4.9000e+00  5.1751e-03
-4.8000e+00  5.4050e-03
-4.7000e+00  5.6509e-03
-4.6000e+00  5.9142e-03
-4.5000e+00  6.1968e-03
-4.4000e+00  6.5006e-03
-4.3000e+00  6.8278e-03
-4.2000e+00  7.1810e-03
-4.1000e+00  7.5630e-03
-4.0000e+00  7.9772e-03
-3.9000e+00  8.4274e-03
-3.8000e+00  8.9181e-03
-3.7000e+00  9.4544e-03
-3.6000e+00  1.0042e-02
-3.5000e+00  1.0689e-02
-3.4000e+00  1.1403e-02
-3.3000e+00  1.2195e-02
-3.2000e+00  1.3077e-02
-3.1000e+00  1.4064e-02
-3.0000e+00  1.5175e-02
-2.9000e+00  1.6434e-02
-2.8000e+00  1.7872e-02
-2.7000e+00  1.9528e-02
-2.6000e+00  2.1456e-02
-2.5000e+00  2.3728e-02
-2.4000e+00  2.6445e-02
-2.3000e+00  2.9746e-02
-2.2000e+00  3.3823e-02
-2.1000e+00  3.8946e-02
-2.0000e+00  4.5481e-02
-1.9000e+00  5.3924e-02
-1.8000e+00  6.4920e-02
-1.7000e+00  7.9285e-02
-1.6000e+00  9.8011e-02
-1.5000e+00  1.2223e-01
-1.4000e+00  1.5318e-01
-1.3000e+00  1.9206e-01
-1.2000e+00  2.3991e-01
-1.1000e+00  2.9739e-01
-1.0000e+00  3.6461e-01
-9.0000e-01  4.4088e-01
-8.0000e-01  5.2453e-01
-7.0000e-01  6.1288e-01
-6.0000e-01  7.0225e-01
-5.0000e-01  7.8813e-01
-4.0000e-01  8.6552e-01
-3.0000e-01  9.2939e-01
-2.0000e-01  9.7520e-01
-1.0000e-01  9.9942e-01
0.0000e+00  1.0000e+00
1.0000e-01  9.7668e-01
2.0000e-01  9.3103e-01
3.0000e-01  8.6632e-01
4.0000e-01  7.8707e-01
5.0000e-01  6.9857e-01
6.0000e-01  6.0626e-01
7.0000e-01  5.1510e-01
8.0000e-01  4.2922e-01
9.0000e-01  3.5156e-01
1.0000e+00  2.8387e-01
1.1000e+00  2.2677e-01
1.2000e+00  1.7998e-01
1.3000e+00  1.4260e-01
1.4000e+00  1.1333e-01
1.5000e+00  9.0779e-02
1.6000e+00  7.3578e-02
1.7000e+00  6.0516e-02
1.8000e+00  5.0579e-02
1.9000e+00  4.2961e-02
2.0000e+00  3.7049e-02
2.1000e+00  3.2387e-02
2.2000e+00  2.8645e-02
2.3000e+00  2.5587e-02
2.4000e+00  2.3047e-02
2.5000e+00  2.0904e-02
2.6000e+00  1.9073e-02
2.7000e+00  1.7491e-02
2.8000e+00  1.6111e-02
2.9000e+00  1.4898e-02
3.0000e+00  1.3824e-02
3.1000e+00  1.2868e-02
3.2000e+00  1.2012e-02
3.3000e+00  1.1241e-02
3.4000e+00  1.0545e-02
3.5000e+00  9.9144e-03
3.6000e+00  9.3401e-03
3.7000e+00  8.8158e-03
3.8000e+00  8.3356e-03
3.9000e+00  7.8947e-03
4.0000e+00  7.4887e-03
4.1000e+00  7.1140e-03
4.2000e+00  6.7675e-03
4.3000e+00  6.4462e-03
4.4000e+00  6.1478e-03
4.5000e+00  5.8701e-03
4.6000e+00  5.6112e-03
4.7000e+00  5.3694e-03
4.8000e+00  5.1433e-03
4.9000e+00  4.9314e-03
5.0000e+00  4.7327e-03
5.1000e+00  4.5460e-03
5.2000e+00  4.3703e-03
5.3000e+00  4.2048e-03
5.4000e+00  4.0488e-03
5.5000e+00  3.9015e-03
5.6000e+00  3.7623e-03
5.7000e+00  3.6305e-03
5.8000e+00  3.5057e-03
5.9000e+00  3.3874e-03
6.0000e+00  3.2751e-03
6.1000e+00  3.1685e-03
6.2000e+00  3.0671e-03
6.3000e+00  2.9706e-03
6.4000e+00  2.8787e-03
6.5000e+00  2.7912e-03
6.6000e+00  2.7076e-03
6.7000e+00  2.6279e-03
6.8000e+00  2.5518e-03
6.9000e+00  2.4791e-03
7.0000e+00  2.4095e-03
7.1000e+00  2.3429e-03
7.2000e+00  2.2791e-03
7.3000e+00  2.2180e-03
7.4000e+00  2.1595e-03
7.5000e+00  2.1033e-03
7.6000e+00  2.0493e-03
7.7000e+00  1.9976e-03
7.8000e+00  1.9478e-03
7.9000e+00  1.9000e-03
8.0000e+00  1.8540e-03
8.1000e+00  1.8097e-03
8.2000e+00  1.7671e-03
8.3000e+00  1.7261e-03
8.4000e+00  1.6866e-03
8.5000e+00  1.6485e-03
8.6000e+00  1.6118e-03
8.7000e+00  1.5764e-03
8.8000e+00  1.5423e-03
8.9000e+00  1.5093e-03
9.0000e+00  1.4775e-03
9.1000e+00  1.4467e-03
9.2000e+00  1.4170e-03
9.3000e+00  1.3883e-03
9.4000e+00  1.3606e-03
9.5000e+00  1.3338e-03
9.6000e+00  1.3078e-03
9.7000e+00  1.2827e-03
9.8000e+00  1.2584e-03
9.9000e+00  1.2349e-03
1.0000e+01  1.2122e-03
1.0100e+01  1.1902e-03
1.0200e+01  1.1688e-03
1.0300e+01  1.1482e-03
1.0400e+01  1.1281e-03
1.0500e+01  1.1088e-03
1.0600e+01  1.0900e-03
1.0700e+01  1.0718e-03
1.0800e+01  1.0541e-03
1.0900e+01  1.0370e-03
1.1000e+01  1.0204e-03
1.1100e+01  1.0044e-03
1.1200e+01  9.8882e-04
1.1300e+01  9.7373e-04
1.1400e+01  9.5910e-04
1.1500e+01  9.4493e-04
1.1600e+01  9.3120e-04
1.1700e+01  9.1789e-04
1.1800e+01  9.0501e-04
1.1900e+01  8.9252e-04
1.2000e+01  8.8044e-04
1.2100e+01  8.6874e-04
1.2200e+01  8.5741e-04
1.2300e+01  8.4646e-04
1.2400e+01  8.3587e-04
1.2500e+01  8.2564e-04
1.2600e+01  8.1576e-04
1.2700e+01  8.0622e-04
1.2800e+01  7.9702e-04
1.2900e+01  7.8815e-04
1.3000e+01  7.7962e-04
1.3100e+01  7.7141e-04
1.3200e+01  7.6353e-04
1.3300e+01  7.5597e-04
1.3400e+01  7.4874e-04
1.3500e+01  7.4182e-04
1.3600e+01  7.3523e-04
1.3700e+01  7.2896e-04
1.3800e+01  7.2301e-04
1.3900e+01  7.1739e-04
1.4000e+01  7.1211e-04
1.4100e+01  7.0715e-04
1.4200e+01  7.0254e-04
1.4300e+01  6.9828e-04
1.4400e+01  6.9437e-04
1.4500e+01  6.9083e-04
1.4600e+01  6.8766e-04
1.4700e+01  6.8489e-04
1.4800e+01  6.8252e-04
1.4900e+01  6.8057e-04
1.5000e+01  6.7907e-04
1.5100e+01  6.7803e-04
1.5200e+01  6.7748e-04
1.5300e+01  6.7746e-04
1.5400e+01  6.7800e-04
1.5500e+01  6.7913e-04
1.5600e+01  6.8091e-04
1.5700e+01  6.8339e-04
1.5800e+01  6.8663e-04
1.5900e+01  6.9071e-04
1.6000e+01  6.9572e-04
1.6100e+01  7.0176e-04
1.6200e+01  7.0896e-04
1.6300e+01  7.1749e-04
1.6400e+01  7.2754e-04
1.6500e+01  7.3937e-04
1.6600e+01  7.5329e-04
1.6700e+01  7.6973e-04
1.6800e+01  7.8924e-04
1.6900e+01  8.1250e-04
1.7000e+01  8.4042e-04
1.7100e+01  8.7417e-04
1.7200e+01  9.1522e-04
1.7300e+01  9.6541e-04
1.7400e+01  1.0270e-03
1.7500e+01  1.1029e-03
1.7600e+01  1.1963e-03
1.7700e+01  1.3112e-03
1.7800e+01  1.4525e-03
1.7900e+01  1.6255e-03
1.8000e+01  1.8367e-03
1.8100e+01  2.0933e-03
1.8200e+01  2.4036e-03
1.8300e+01  2.7766e-03
1.8400e+01  3.2220e-03
1.8500e+01  3.7496e-03
1.8600e+01  4.3687e-03
1.8700e+01  5.0875e-03
1.8800e+01  5.9118e-03
1.8900e+01  6.8436e-03
1.9000e+01  7.8803e-03
1.9100e+01  9.0133e-03
1.9200e+01  1.0227e-02
1.9300e+01  1.1500e-02
1.9400e+01  1.2802e-02
1.9500e+01  1.4096e-02
1.9600e+01  1.5342e-02
1.9700e+01  1.6496e-02
1.9800e+01  1.7512e-02
1.9900e+01  1.8347e-02
2.0000e+01  1.8963e-02
2.0100e+01  1.9331e-02
2.0200e+01  1.9432e-02
2.0300e+01  1.9258e-02
2.0400e+01  1.8815e-02
2.0500e+01  1.8123e-02
2.0600e+01  1.7212e-02
2.0700e+01  1.6121e-02
2.0800e+01  1.4895e-02
2.0900e+01  1.3582e-02
2.1000e+01  1.2229e-02
2.1100e+01  1.0879e-02
2.1200e+01  9.5688e-03
2.1300e+01  8.3307e-03
2.1400e+01  7.1874e-03
2.1500e+01  6.1547e-03
2.1600e+01  5.2412e-03
2.1700e+01  4.4493e-03
2.1800e+01  3.7761e-03
2.1900e+01  3.2146e-03
2.2000e+01  2.7551e-03
2.2100e+01  2.3859e-03
2.2200e+01  2.0949e-03
2.2300e+01  1.8701e-03
2.2400e+01  1.7005e-03
2.2500e+01  1.5766e-03
2.2600e+01  1.4904e-03
2.2700e+01  1.4359e-03
2.2800e+01  1.4088e-03
2.2900e+01  1.4065e-03
2.3000e+01  1.4280e-03
2.3100e+01  1.4735e-03
2.3200e+01  1.5442e-03
2.3300e+01  1.6426e-03
2.3400e+01  1.7715e-03
2.3500e+01  1.9345e-03
2.3600e+01  2.1351e-03
2.3700e+01  2.3773e-03
2.3800e+01  2.6648e-03
2.3900e+01  3.0009e-03
2.4000e+01  3.3885e-03
2.4100e+01  3.8297e-03
2.4200e+01  4.3259e-03
2.4300e+01  4.8777e-03
2.4400e+01  5.4847e-03
2.4500e+01  6.1462e-03
2.4600e+01  6.8614e-03
2.4700e+01  7.6298e-03
2.4800e+01  8.4528e-03
2.4900e+01  9.3340e-03
2.5000e+01  1.0281e-02
2.5100e+01  1.1306e-02
2.5200e+01  1.2427e-02
2.5300e+01  1.3667e-02
2.5400e+01  1.5052e-02
2.5500e+01  1.6609e-02
2.5600e+01  1.8360e-02
2.5700e+01  2.0317e-02
2.5800e+01  2.2472e-02
2.5900e+01  2.4793e-02
2.6000e+01  2.7218e-02
2.6100e+01  2.9653e-02
2.6200e+01  3.1977e-02
2.6300e+01  3.4051e-02
2.6400e+01  3.5732e-02
2.6500e+01  3.6889e-02
2.6600e+01  3.7422e-02
2.6700e+01  3.7274e-02
2.6800e+01  3.6441e-02
2.6900e+01  3.4971e-02
2.7000e+01  3.2960e-02
2.7100e+01  3.0540e-02
2.7200e+01  2.7860e-02
2.7300e+01  2.5068e-02
2.7400e+01  2.2303e-02
2.7500e+01  1.9675e-02
2.7600e+01  1.7266e-02
2.7700e+01  1.5123e-02
2.7800e+01  1.3269e-02
2.7900e+01  1.1700e-02
2.8000e+01  1.0396e-02
2.8100e+01  9.3292e-03
2.8200e+01  8.4660e-03
2.8300e+01  7.7733e-03
2.8400e+01  7.2211e-03
2.8500e+01  6.7836e-03
2.8600e+01  6.4396e-03
2.8700e+01  6.1725e-03
2.8800e+01  5.9690e-03
2.8900e+01  5.8184e-03
2.9000e+01  5.7116e-03
2.9100e+01  5.6402e-03
2.9200e+01  5.5955e-03
2.9300e+01  5.5691e-03
2.9400e+01  5.5518e-03
2.9500e+01  5.5349e-03
2.9600e+01  5.5098e-03
2.9700e+01  5.4693e-03
2.9800e+01  5.4078e-03
2.9900e+01  5.3219e-03
3.0000e+01  5.2104e-03
3.0100e+01  5.0744e-03
3.0200e+01  4.9172e-03
3.0300e+01  4.7433e-03
3.0400e+01  4.5581e-03
3.0500e+01  4.3673e-03
3.0600e+01  4.1763e-03
3.0700e+01  3.9898e-03
3.0800e+01  3.8117e-03
3.0900e+01  3.6447e-03
3.1000e+01  3.4907e-03
3.1100e+01  3.3508e-03
3.1200e+01  3.2252e-03
3.1300e+01  3.1139e-03
3.1400e+01  3.0165e-03
3.1500e+01  2.9321e-03
3.1600e+01  2.8601e-03
3.1700e+01  2.7997e-03
3.1800e+01  2.7502e-03
3.1900e+01  2.7110e-03
3.2000e+01  2.6815e-03
3.2100e+01  2.6613e-03
3.2200e+01  2.6503e-03
3.2300e+01  2.6484e-03
3.2400e+01  2.6556e-03
3.2500e+01  2.6721e-03
3.2600e+01  2.6985e-03
3.2700e+01  2.7354e-03
3.2800e+01  2.7835e-03
3.2900e+01  2.8437e-03
3.3000e+01  2.9168e-03
3.3100e+01  3.0032e-03
3.3200e+01  3.1023e-03
3.3300e+01  3.2126e-03
3.3400e+01  3.3310e-03
3.3500e+01  3.4528e-03
3.3600e+01  3.5721e-03
3.3700e+01  3.6820e-03
3.3800e+01  3.7757e-03
3.3900e+01  3.8471e-03
3.4000e+01  3.8919e-03
3.4100e+01  3.9086e-03
3.4200e+01  3.8985e-03
3.4300e+01  3.8654e-03
3.4400e+01  3.8156e-03
3.4500e+01  3.7565e-03
3.4600e+01  3.6955e-03
3.4700e+01  3.6396e-03
3.4800e+01  3.5941e-03
3.4900e+01  3.5629e-03
3.5000e+01  3.5476e-03
3.5100e+01  3.5486e-03
3.5200e+01  3.5649e-03
3.5300e+01  3.5948e-03
3.5400e+01  3.6361e-03
3.5500e+01  3.6869e-03
3.5600e+01  3.7457e-03
3.5700e+01  3.8116e-03
3.5800e+01  3.8846e-03
3.5900e+01  3.9654e-03
3.6000e+01  4.0559e-03
3.6100e+01  4.1585e-03
3.6200e+01  4.2763e-03
3.6300e+01  4.4129e-03
3.6400e+01  4.5719e-03
3.6500e+01  4.7566e-03
3.6600e+01  4.9701e-03
3.6700e+01  5.2141e-03
3.6800e+01  5.4889e-03
3.6900e+01  5.7928e-03
3.7000e+01  6.1211e-03
3.7100e+01  6.4662e-03
3.7200e+01  6.8174e-03
3.7300e+01  7.1610e-03
3.7400e+01  7.4815e-03
3.7500e+01  7.7624e-03
3.7600e+01  7.9880e-03
3.7700e+01  8.1447e-03
3.7800e+01  8.2224e-03
3.7900e+01  8.2155e-03
3.8000e+01  8.1228e-03
3.8100e+01  7.9474e-03
3.8200e+01  7.6961e-03
3.8300e+01  7.3779e-03
3.8400e+01  7.0034e-03
3.8500e+01  6.5837e-03
3.8600e+01  6.1296e-03
3.8700e+01  5.6516e-03
3.8800e+01  5.1598e-03
3.8900e+01  4.6637e-03
3.9000e+01  4.1724e-03
3.9100e+01  3.6948e-03
3.9200e+01  3.2387e-03
3.9300e+01  2.8112e-03
3.9400e+01  2.4182e-03
3.9500e+01  2.0637e-03
3.9600e+01  1.7501e-03
3.9700e+01  1.4780e-03
3.9800e+01  1.2462e-03
3.9900e+01  1.0521e-03
4.0000e+01  8.9219e-04
4.0100e+01  7.6219e-04
4.0200e+01  6.5765e-04
4.0300e+01  5.7422e-04
4.0400e+01  5.0786e-04
4.0500e+01  4.5505e-04
4.0600e+01  4.1281e-04
4.0700e+01  3.7871e-04
4.0800e+01  3.5084e-04
4.0900e+01  3.2773e-04
4.1000e+01  3.0828e-04
4.1100e+01  2.9164e-04
4.1200e+01  2.7722e-04
4.1300e+01  2.6457e-04
4.1400e+01  2.5333e-04
4.1500e+01  2.4327e-04
4.1600e+01  2.3418e-04
4.1700e+01  2.2593e-04
4.1800e+01  2.1838e-04
4.1900e+01  2.1146e-04
4.2000e+01  2.0507e-04
4.2100e+01  1.9915e-04
4.2200e+01  1.9365e-04
4.2300e+01  1.8853e-04
4.2400e+01  1.8374e-04
4.2500e+01  1.7925e-04
4.2600e+01  1.7503e-04
4.2700e+01  1.7106e-04
4.2800e+01  1.6731e-04
4.2900e+01  1.6377e-04
4.3000e+01  1.6041e-04
4.3100e+01  1.5723e-04
4.3200e+01  1.5420e-04
4.3300e+01  1.5132e-04
4.3400e+01  1.4857e-04
4.3500e+01  1.4595e-04
4.3600e+01  1.4345e-04
4.3700e+01  1.4105e-04
4.3800e+01  1.3875e-04
4.3900e+01  1.3654e-04
4.4000e+01  1.3442e-04
4.4100e+01  1.3239e-04
4.4200e+01  1.3043e-04
4.4300e+01  1.2854e-04
4.4400e+01  1.2672e-04
4.4500e+01  1.2497e-04
4.4600e+01  1.2327e-04
4.4700e+01  1.2163e-04
4.4800e+01  1.2005e-04
4.4900e+01  1.1851e-04
4.5000e+01  1.1703e-04
4.5100e+01  1.1559e-04
4.5200e+01  1.1419e-04
4.5300e+01  1.1283e-04
4.5400e+01  1.1152e-04
4.5500e+01  1.1024e-04
4.5600e+01  1.0899e-04
4.5700e+01  1.0778e-04
4.5800e+01  1.0660e-04
4.5900e+01  1.0546e-04
4.6000e+01  1.0434e-04
4.6100e+01  1.0325e-04
4.6200e+01  1.0219e-04
4.6300e+01  1.0115e-04
4.6400e+01  1.0014e-04
4.6500e+01  9.9152e-05
4.6600e+01  9.8187e-05
4.6700e+01  9.7245e-05
4.6800e+01  9.6323e-05
4.6900e+01  9.5421e-05
4.7000e+01  9.4540e-05
4.7100e+01  9.3677e-05
4.7200e+01  9.2832e-05
4.7300e+01  9.2004e-05
4.7400e+01  9.1194e-05
4.7500e+01  9.0400e-05
4.7600e+01  8.9621e-05
4.7700e+01  8.8858e-05
4.7800e+01  8.8110e-05
4.7900e+01  8.7375e-05
4.8000e+01  8.6655e-05
4.8100e+01  8.5947e-05
4.8200e+01  8.5253e-05
4.8300e+01  8.4571e-05
4.8400e+01  8.3901e-05
4.8500e+01  8.3243e-05
4.8600e+01  8.2596e-05
4.8700e+01  8.1960e-05
4.8800e+01  8.1334e-05
4.8900e+01  8.0718e-05
4.9000e+01  8.0109e-05
4.9100e+01  7.9506e-05
4.9200e+01  7.8903e-05
4.9300e+01  7.8294e-05
4.9400e+01  7.7666e-05
4.9500e+01  7.6997e-05
4.9600e+01  7.6259e-05
4.9700e+01  7.5406e-05
4.9800e+01  7.4380e-05
4.9900e+01  7.3105e-05
5.0000e+01  7.1492e-05
5.0100e+01  6.9446e-05
5.0200e+01  6.6871e-05
5.0300e+01  6.3693e-05
5.0400e+01  5.9869e-05
5.0500e+01  5.5403e-05
5.0600e+01  5.0357e-05
5.0700e+01  4.4855e-05
5.0800e+01  3.9071e-05
