-4.9200e+01  2.8937e-05
-4.9100e+01  2.9054e-05
-4.9000e+01  2.9171e-05
-4.8900e+01  2.9289e-05
-4.8800e+01  2.9408e-05
-4.8700e+01  2.9528e-05
-4.8600e+01  2.9648e-05
-4.8500e+01  2.9769e-05
-4.8400e+01  2.9891e-05
-4.8300e+01  3.0014e-05
-4.8200e+01  3.0137e-05
-4.8100e+01  3.0261e-05
-4.8000e+01  3.0386e-05
-4.7900e+01  3.0512e-05
-4.7800e+01  3.0638e-05
-4.7700e+01  3.0765e-05
-4.7600e+01  3.0893e-05
-4.7500e+01  3.1022e-05
-4.7400e+01  3.1152e-05
-4.7300e+01  3.1282e-05
-4.7200e+01  3.1414e-05
-4.7100e+01  3.1546e-05
-4.7000e+01  3.1679e-05
-4.6900e+01  3.1813e-05
-4.6800e+01  3.1947e-05
-4.6700e+01  3.2083e-05
-4.6600e+01  3.2219e-05
-4.6500e+01  3.2357e-05
-4.6400e+01  3.2495e-05
-4.6300e+01  3.2634e-05
-4.6200e+01  3.2774e-05
-4.6100e+01  3.2915e-05
-4.6000e+01  3.3057e-05
-4.5900e+01  3.3199e-05
-4.5800e+01  3.3343e-05
-4.5700e+01  3.3488e-05
-4.5600e+01  3.3633e-05
-4.5500e+01  3.3780e-05
-4.5400e+01  3.3927e-05
-4.5300e+01  3.4075e-05
-4.5200e+01  3.4225e-05
-4.5100e+01  3.4375e-05
-4.5000e+01  3.4527e-05
-4.4900e+01  3.4679e-05
-4.4800e+01  3.4832e-05
-4.4700e+01  3.4987e-05
-4.4600e+01  3.5142e-05
-4.4500e+01  3.5299e-05
-4.4400e+01  3.5457e-05
-4.4300e+01  3.5615e-05
-4.4200e+01  3.5775e-05
-4.4100e+01  3.5936e-05
-4.4000e+01  3.6098e-05
-4.3900e+01  3.6261e-05
-4.3800e+01  3.6425e-05
-4.3700e+01  3.6590e-05
-4.3600e+01  3.6756e-05
-4.3500e+01  3.6924e-05
-4.3400e+01  3.7092e-05
-4.3300e+01  3.7262e-05
-4.3200e+01  3.7433e-05
-4.3100e+01  3.7605e-05
-4.3000e+01  3.7779e-05
-4.2900e+01  3.7953e-05
-4.2800e+01  3.8129e-05
-4.2700e+01  3.8306e-05
-4.2600e+01  3.8484e-05
-4.2500e+01  3.8664e-05
-4.2400e+01  3.8845e-05
-4.2300e+01  3.9027e-05
-4.2200e+01  3.9210e-05
-4.2100e+01  3.9395e-05
-4.2000e+01  3.9581e-05
-4.1900e+01  3.9768e-05
-4.1800e+01  3.9957e-05
-4.1700e+01  4.0147e-05
-4.1600e+01  4.0338e-05
-4.1500e+01  4.0531e-05
-4.1400e+01  4.0725e-05
-4.1300e+01  4.0921e-05
-4.1200e+01  4.1118e-05
-4.1100e+01  4.1316e-05
-4.1000e+01  4.1516e-05
-4.0900e+01  4.1717e-05
-4.0800e+01  4.1920e-05
-4.0700e+01  4.2124e-05
-4.0600e+01  4.2330e-05
-4.0500e+01  4.2537e-05
-4.0400e+01  4.2746e-05
-4.0300e+01  4.2956e-05
-4.0200e+01  4.3168e-05
-4.0100e+01  4.3382e-05
-4.0000e+01  4.3597e-05
-3.9900e+01  4.3814e-05
-3.9800e+01  4.4032e-05
-3.9700e+01  4.4252e-05
-3.9600e+01  4.4474e-05
-3.9500e+01  4.4697e-05
-3.9400e+01  4.4922e-05
-3.9300e+01  4.5149e-05
-3.9200e+01  4.5377e-05
-3.9100e+01  4.5608e-05
-3.9000e+01  4.5840e-05
-3.8900e+01  4.6073e-05
-3.8800e+01  4.6309e-05
-3.8700e+01  4.6546e-05
-3.8600e+01  4.6786e-05
-3.8500e+01  4.7027e-05
-3.8400e+01  4.7270e-05
-3.8300e+01  4.7515e-05
-3.8200e+01  4.7761e-05
-3.8100e+01  4.8010e-05
-3.8000e+01  4.8261e-05
-3.7900e+01  4.8514e-05
-3.7800e+01  4.8768e-05
-3.7700e+01  4.9025e-05
-3.7600e+01  4.9284e-05
-3.7500e+01  4.9545e-05
-3.7400e+01  4.9807e-05
-3.7300e+01  5.0072e-05
-3.7200e+01  5.0340e-05
-3.7100e+01  5.0609e-05
-3.7000e+01  5.0880e-05
-3.6900e+01  5.1154e-05
-3.6800e+01  5.1430e-05
-3.6700e+01  5.1708e-05
-3.6600e+01  5.1989e-05
-3.6500e+01  5.2271e-05
-3.6400e+01  5.2556e-05
-3.6300e+01  5.2844e-05
-3.6200e+01  5.3134e-05
-3.6100e+01  5.3426e-05
-3.6000e+01  5.3720e-05
-3.5900e+01  5.4018e-05
-3.5800e+01  5.4317e-05
-3.5700e+01  5.4619e-05
-3.5600e+01  5.4924e-05
-3.5500e+01  5.5231e-05
-3.5400e+01  5.5541e-05
-3.5300e+01  5.5853e-05
-3.5200e+01  5.6168e-05
-3.5100e+01  5.6486e-05
-3.5000e+01  5.6807e-05
-3.4900e+01  5.7130e-05
-3.4800e+01  5.7456e-05
-3.4700e+01  5.7785e-05
-3.4600e+01  5.8116e-05
-3.4500e+01  5.8451e-05
-3.4400e+01  5.8788e-05
-3.4300e+01  5.9129e-05
-3.4200e+01  5.9472e-05
-3.4100e+01  5.9819e-05
-3.4000e+01  6.0168e-05
-3.3900e+01  6.0521e-05
-3.3800e+01  6.0876e-05
-3.3700e+01  6.1235e-05
-3.3600e+01  6.1597e-05
-3.3500e+01  6.1963e-05
-3.3400e+01  6.2331e-05
-3.3300e+01  6.2703e-05
-3.3200e+01  6.3078e-05
-3.3100e+01  6.3457e-05
-3.3000e+01  6.3839e-05
-3.2900e+01  6.4225e-05
-3.2800e+01  6.4614e-05
-3.2700e+01  6.5006e-05
-3.2600e+01  6.5403e-05
-3.2500e+01  6.5803e-05
-3.2400e+01  6.6206e-05
-3.2300e+01  6.6614e-05
-3.2200e+01  6.7025e-05
-3.2100e+01  6.7440e-05
-3.2000e+01  6.7859e-05
-3.1900e+01  6.8282e-05
-3.1800e+01  6.8708e-05
-3.1700e+01  6.9139e-05
-3.1600e+01  6.9574e-05
-3.1500e+01  7.0013e-05
-3.1400e+01  7.0457e-05
-3.1300e+01  7.0904e-05
-3.1200e+01  7.1356e-05
-3.1100e+01  7.1812e-05
-3.1000e+01  7.2273e-05
-3.0900e+01  7.2738e-05
-3.0800e+01  7.3208e-05
-3.0700e+01  7.3682e-05
-3.0600e+01  7.4161e-05
-3.0500e+01  7.4644e-05
-3.0400e+01  7.5133e-05
-3.0300e+01  7.5626e-05
-3.0200e+01  7.6124e-05
-3.0100e+01  7.6627e-05
-3.0000e+01  7.7135e-05
-2.9900e+01  7.7648e-05
-2.9800e+01  7.8167e-05
-2.9700e+01  7.8690e-05
-2.9600e+01  7.9219e-05
-2.9500e+01  7.9753e-05
-2.9400e+01  8.0293e-05
-2.9300e+01  8.0838e-05
-2.9200e+01  8.1389e-05
-2.9100e+01  8.1946e-05
-2.9000e+01  8.2508e-05
-2.8900e+01  8.3076e-05
-2.8800e+01  8.3650e-05
-2.8700e+01  8.4230e-05
-2.8600e+01  8.4817e-05
-2.8500e+01  8.5409e-05
-2.8400e+01  8.6008e-05
-2.8300e+01  8.6613e-05
-2.8200e+01  8.7224e-05
-2.8100e+01  8.7842e-05
-2.8000e+01  8.8467e-05
-2.7900e+01  8.9098e-05
-2.7800e+01  8.9736e-05
-2.7700e+01  9.0381e-05
-2.7600e+01  9.1033e-05
-2.7500e+01  9.1693e-05
-2.7400e+01  9.2359e-05
-2.7300e+01  9.3033e-05
-2.7200e+01  9.3714e-05
-2.7100e+01  9.4403e-05
-2.7000e+01  9.5099e-05
-2.6900e+01  9.5803e-05
-2.6800e+01  9.6516e-05
-2.6700e+01  9.7236e-05
-2.6600e+01  9.7964e-05
-2.6500e+01  9.8701e-05
-2.6400e+01  9.9446e-05
-2.6300e+01  1.0020e-04
-2.6200e+01  1.0096e-04
-2.6100e+01  1.0173e-04
-2.6000e+01  1.0251e-04
-2.5900e+01  1.0330e-04
-2.5800e+01  1.0410e-04
-2.5700e+01  1.0491e-04
-2.5600e+01  1.0572e-04
-2.5500e+01  1.0655e-04
-2.5400e+01  1.0739e-04
-2.5300e+01  1.0823e-04
-2.5200e+01  1.0909e-04
-2.5100e+01  1.0996e-04
-2.5000e+01  1.1083e-04
-2.4900e+01  1.1172e-04
-2.4800e+01  1.1262e-04
-2.4700e+01  1.1353e-04
-2.4600e+01  1.1445e-04
-2.4500e+01  1.1538e-04
-2.4400e+01  1.1632e-04
-2.4300e+01  1.1728e-04
-2.4200e+01  1.1825e-04
-2.4100e+01  1.1922e-04
-2.4000e+01  1.2022e-04
-2.3900e+01  1.2122e-04
-2.3800e+01  1.2224e-04
-2.3700e+01  1.2327e-04
-2.3600e+01  1.2431e-04
-2.3500e+01  1.2536e-04
-2.3400e+01  1.2643e-04
-2.3300e+01  1.2752e-04
-2.3200e+01  1.2862e-04
-2.3100e+01  1.2973e-04
-2.3000e+01  1.3085e-04
-2.2900e+01  1.3200e-04
-2.2800e+01  1.3315e-04
-2.2700e+01  1.3432e-04
-2.2600e+01  1.3551e-04
-2.2500e+01  1.3672e-04
-2.2400e+01  1.3794e-04
-2.2300e+01  1.3918e-04
-2.2200e+01  1.4044e-04
-2.2100e+01  1.4171e-04
-2.2000e+01  1.4301e-04
-2.1900e+01  1.4433e-04
-2.1800e+01  1.4569e-04
-2.1700e+01  1.4709e-04
-2.1600e+01  1.4852e-04
-2.1500e+01  1.4992e-04
-2.1400e+01  1.5126e-04
-2.1300e+01  1.5261e-04
-2.1200e+01  1.5400e-04
-2.1100e+01  1.5544e-04
-2.1000e+01  1.5690e-04
-2.0900e+01  1.5840e-04
-2.0800e+01  1.5991e-04
-2.0700e+01  1.6145e-04
-2.0600e+01  1.6302e-04
-2.0500e+01  1.6461e-04
-2.0400e+01  1.6622e-04
-2.0300e+01  1.6786e-04
-2.0200e+01  1.6952e-04
-2.0100e+01  1.7121e-04
-2.0000e+01  1.7292e-04
-1.9900e+01  1.7466e-04
-1.9800e+01  1.7642e-04
-1.9700e+01  1.7821e-04
-1.9600e+01  1.8004e-04
-1.9500e+01  1.8188e-04
-1.9400e+01  1.8376e-04
-1.9300e+01  1.8567e-04
-1.9200e+01  1.8760e-04
-1.9100e+01  1.8957e-04
-1.9000e+01  1.9157e-04
-1.8900e+01  1.9360e-04
-1.8800e+01  1.9566e-04
-1.8700e+01  1.9776e-04
-1.8600e+01  1.9989e-04
-1.8500e+01  2.0206e-04
-1.8400e+01  2.0426e-04
-1.8300e+01  2.0650e-04
-1.8200e+01  2.0877e-04
-1.8100e+01  2.1108e-04
-1.8000e+01  2.1344e-04
-1.7900e+01  2.1583e-04
-1.7800e+01  2.1826e-04
-1.7700e+01  2.2073e-04
-1.7600e+01  2.2325e-04
-1.7500e+01  2.2581e-04
-1.7400e+01  2.2841e-04
-1.7300e+01  2.3106e-04
-1.7200e+01  2.3376e-04
-1.7100e+01  2.3650e-04
-1.7000e+01  2.3930e-04
-1.6900e+01  2.4214e-04
-1.6800e+01  2.4503e-04
-1.6700e+01  2.4798e-04
-1.6600e+01  2.5098e-04
-1.6500e+01  2.5404e-04
-1.6400e+01  2.5715e-04
-1.6300e+01  2.6032e-04
-1.6200e+01  2.6355e-04
-1.6100e+01  2.6684e-04
-1.6000e+01  2.7019e-04
-1.5900e+01  2.7361e-04
-1.5800e+01  2.7709e-04
-1.5700e+01  2.8064e-04
-1.5600e+01  2.8426e-04
-1.5500e+01  2.8795e-04
-1.5400e+01  2.9171e-04
-1.5300e+01  2.9555e-04
-1.5200e+01  2.9946e-04
-1.5100e+01  3.0345e-04
-1.5000e+01  3.0753e-04
-1.4900e+01  3.1168e-04
-1.4800e+01  3.1592e-04
-1.4700e+01  3.2025e-04
-1.4600e+01  3.2467e-04
-1.4500e+01  3.2918e-04
-1.4400e+01  3.3379e-04
-1.4300e+01  3.3849e-04
-1.4200e+01  3.4330e-04
-1.4100e+01  3.4821e-04
-1.4000e+01  3.5322e-04
-1.3900e+01  3.5835e-04
-1.3800e+01  3.6359e-04
-1.3700e+01  3.6894e-04
-1.3600e+01  3.7441e-04
-1.3500e+01  3.8001e-04
-1.3400e+01  3.8574e-04
-1.3300e+01  3.9159e-04
-1.3200e+01  3.9758e-04
-1.3100e+01  4.0371e-04
-1.3000e+01  4.0999e-04
-1.2900e+01  4.1641e-04
-1.2800e+01  4.2298e-04
-1.2700e+01  4.2971e-04
-1.2600e+01  4.3661e-04
-1.2500e+01  4.4367e-04
-1.2400e+01  4.5091e-04
-1.2300e+01  4.5832e-04
-1.2200e+01  4.6593e-04
-1.2100e+01  4.7372e-04
-1.2000e+01  4.8171e-04
-1.1900e+01  4.8991e-04
-1.1800e+01  4.9831e-04
-1.1700e+01  5.0694e-04
-1.1600e+01  5.1580e-04
-1.1500e+01  5.2489e-04
-1.1400e+01  5.3422e-04
-1.1300e+01  5.4380e-04
-1.1200e+01  5.5365e-04
-1.1100e+01  5.6377e-04
-1.1000e+01  5.7417e-04
-1.0900e+01  5.8486e-04
-1.0800e+01  5.9586e-04
-1.0700e+01  6.0716e-04
-1.0600e+01  6.1880e-04
-1.0500e+01  6.3077e-04
-1.0400e+01  6.4310e-04
-1.0300e+01  6.5579e-04
-1.0200e+01  6.6887e-04
-1.0100e+01  6.8234e-04
-1.0000e+01  6.9622e-04
-9.9000e+00  7.1054e-04
-9.8000e+00  7.2530e-04
-9.7000e+00  7.4053e-04
-9.6000e+00  7.5625e-04
-9.5000e+00  7.7247e-04
-9.4000e+00  7.8923e-04
-9.3000e+00  8.0653e-04
-9.2000e+00  8.2442e-04
-9.1000e+00  8.4291e-04
-9.0000e+00  8.6203e-04
-8.9000e+00  8.8181e-04
-8.8000e+00  9.0229e-04
-8.7000e+00  9.2349e-04
-8.6000e+00  9.4544e-04
-8.5000e+00  9.6820e-04
-8.4000e+00  9.9179e-04
-8.3000e+00  1.0162e-03
-8.2000e+00  1.0416e-03
-8.1000e+00  1.0680e-03
-8.0000e+00  1.0954e-03
-7.9000e+00  1.1238e-03
-7.8000e+00  1.1534e-03
-7.7000e+00  1.1841e-03
-7.6000e+00  1.2161e-03
-7.5000e+00  1.2494e-03
-7.4000e+00  1.2842e-03
-7.3000e+00  1.3203e-03
-7.2000e+00  1.3581e-03
-7.1000e+00  1.3975e-03
-7.0000e+00  1.4386e-03
-6.9000e+00  1.4816e-03
-6.8000e+00  1.5266e-03
-6.7000e+00  1.5736e-03
-6.6000e+00  1.6229e-03
-6.5000e+00  1.6745e-03
-6.4000e+00  1.7287e-03
-6.3000e+00  1.7855e-03
-6.2000e+00  1.8451e-03
-6.1000e+00  1.9079e-03
-6.0000e+00  1.9738e-03
-5.9000e+00  2.0433e-03
-5.8000e+00  2.1166e-03
-5.7000e+00  2.1938e-03
-5.6000e+00  2.2754e-03
-5.5000e+00  2.3616e-03
-5.4000e+00  2.4529e-03
-5.3000e+00  2.5496e-03
-5.2000e+00  2.6521e-03
-5.1000e+00  2.7610e-03
-5.0000e+00  2.8767e-03
-4.9000e+00  2.9999e-03
-4.8000e+00  3.1312e-03
-4.7000e+00  3.2714e-03
-4.6000e+00  3.4212e-03
-4.5000e+00  3.5816e-03
-4.4000e+00  3.7536e-03
-4.3000e+00  3.9384e-03
-4.2000e+00  4.1372e-03
-4.1000e+00  4.3515e-03
-4.0000e+00  4.5830e-03
-3.9000e+00  4.8336e-03
-3.8000e+00  5.1055e-03
-3.7000e+00  5.4010e-03
-3.6000e+00  5.7232e-03
-3.5000e+00  6.0752e-03
-3.4000e+00  6.4609e-03
-3.3000e+00  6.8848e-03
-3.2000e+00  7.3521e-03
-3.1000e+00  7.8691e-03
-3.0000e+00  8.4429e-03
-2.9000e+00  9.0824e-03
-2.8000e+00  9.7981e-03
-2.7000e+00  1.0603e-02
-2.6000e+00  1.1512e-02
-2.5000e+00  1.2544e-02
-2.4000e+00  1.3723e-02
-2.3000e+00  1.5079e-02
-2.2000e+00  1.6650e-02
-2.1000e+00  1.8483e-02
-2.0000e+00  2.0642e-02
-1.9000e+00  2.3210e-02
-1.8000e+00  2.6300e-02
-1.7000e+00  3.0066e-02
-1.6000e+00  3.4728e-02
-1.5000e+00  4.0600e-02
-1.4000e+00  4.8156e-02
-1.3000e+00  5.8130e-02
-1.2000e+00  7.1714e-02
-1.1000e+00  9.0944e-02
-1.0000e+00  1.1950e-01
-9.0000e-01  1.6428e-01
-8.0000e-01  2.3764e-01
-7.0000e-01  3.5402e-01
-6.0000e-01  5.0555e-01
-5.0000e-01  6.3380e-01
-4.0000e-01  6.9381e-01
-3.0000e-01  7.5044e-01
-2.0000e-01  8.5041e-01
-1.0000e-01  9.6263e-01
0.0000e+00  1.0000e+00
1.0000e-01  8.8493e-01
2.0000e-01  6.4593e-01
3.0000e-01  4.1988e-01
4.0000e-01  2.7409e-01
5.0000e-01  1.8860e-01
6.0000e-01  1.3686e-01
7.0000e-01  1.0372e-01
8.0000e-01  8.1325e-02
9.0000e-01  6.5513e-02
1.0000e+00  5.3934e-02
1.1000e+00  4.5199e-02
1.2000e+00  3.8443e-02
1.3000e+00  3.3109e-02
1.4000e+00  2.8821e-02
1.5000e+00  2.5322e-02
1.6000e+00  2.2428e-02
1.7000e+00  2.0007e-02
1.8000e+00  1.7960e-02
1.9000e+00  1.6214e-02
2.0000e+00  1.4713e-02
2.1000e+00  1.3412e-02
2.2000e+00  1.2277e-02
2.3000e+00  1.1282e-02
2.4000e+00  1.0403e-02
2.5000e+00  9.6237e-03
2.6000e+00  8.9293e-03
2.7000e+00  8.3078e-03
2.8000e+00  7.7494e-03
2.9000e+00  7.2457e-03
3.0000e+00  6.7899e-03
3.1000e+00  6.3759e-03
3.2000e+00  5.9990e-03
3.3000e+00  5.6546e-03
3.4000e+00  5.3393e-03
3.5000e+00  5.0497e-03
3.6000e+00  4.7833e-03
3.7000e+00  4.5375e-03
3.8000e+00  4.3103e-03
3.9000e+00  4.0998e-03
4.0000e+00  3.9045e-03
4.1000e+00  3.7230e-03
4.2000e+00  3.5539e-03
4.3000e+00  3.3961e-03
4.4000e+00  3.2487e-03
4.5000e+00  3.1108e-03
4.6000e+00  2.9816e-03
4.7000e+00  2.8603e-03
4.8000e+00  2.7463e-03
4.9000e+00  2.6391e-03
5.0000e+00  2.5381e-03
5.1000e+00  2.4429e-03
5.2000e+00  2.3530e-03
5.3000e+00  2.2680e-03
5.4000e+00  2.1876e-03
5.5000e+00  2.1115e-03
5.6000e+00  2.0393e-03
5.7000e+00  1.9708e-03
5.8000e+00  1.9058e-03
5.9000e+00  1.8440e-03
6.0000e+00  1.7852e-03
6.1000e+00  1.7292e-03
6.2000e+00  1.6759e-03
6.3000e+00  1.6251e-03
6.4000e+00  1.5765e-03
6.5000e+00  1.5302e-03
6.6000e+00  1.4860e-03
6.7000e+00  1.4436e-03
6.8000e+00  1.4031e-03
6.9000e+00  1.3644e-03
7.0000e+00  1.3273e-03
7.1000e+00  1.2917e-03
7.2000e+00  1.2576e-03
7.3000e+00  1.2248e-03
7.4000e+00  1.1934e-03
7.5000e+00  1.1632e-03
7.6000e+00  1.1342e-03
7.7000e+00  1.1063e-03
7.8000e+00  1.0795e-03
7.9000e+00  1.0537e-03
8.0000e+00  1.0288e-03
8.1000e+00  1.0049e-03
8.2000e+00  9.8183e-04
8.3000e+00  9.5961e-04
8.4000e+00  9.3818e-04
8.5000e+00  9.1751e-04
8.6000e+00  8.9756e-04
8.7000e+00  8.7831e-04
8.8000e+00  8.5972e-04
8.9000e+00  8.4176e-04
9.0000e+00  8.2441e-04
9.1000e+00  8.0765e-04
9.2000e+00  7.9144e-04
9.3000e+00  7.7576e-04
9.4000e+00  7.6060e-04
9.5000e+00  7.4593e-04
9.6000e+00  7.3173e-04
9.7000e+00  7.1799e-04
9.8000e+00  7.0469e-04
9.9000e+00  6.9181e-04
1.0000e+01  6.7933e-04
1.0100e+01  6.6724e-04
1.0200e+01  6.5554e-04
1.0300e+01  6.4419e-04
1.0400e+01  6.3319e-04
1.0500e+01  6.2254e-04
1.0600e+01  6.1221e-04
1.0700e+01  6.0219e-04
1.0800e+01  5.9249e-04
1.0900e+01  5.8308e-04
1.1000e+01  5.7395e-04
1.1100e+01  5.6511e-04
1.1200e+01  5.5653e-04
1.1300e+01  5.4822e-04
1.1400e+01  5.4016e-04
1.1500e+01  5.3235e-04
1.1600e+01  5.2478e-04
1.1700e+01  5.1744e-04
1.1800e+01  5.1034e-04
1.1900e+01  5.0345e-04
1.2000e+01  4.9679e-04
1.2100e+01  4.9033e-04
1.2200e+01  4.8409e-04
1.2300e+01  4.7805e-04
1.2400e+01  4.7221e-04
1.2500e+01  4.6657e-04
1.2600e+01  4.6112e-04
1.2700e+01  4.5586e-04
1.2800e+01  4.5080e-04
1.2900e+01  4.4591e-04
1.3000e+01  4.4121e-04
1.3100e+01  4.3670e-04
1.3200e+01  4.3236e-04
1.3300e+01  4.2821e-04
1.3400e+01  4.2423e-04
1.3500e+01  4.2044e-04
1.3600e+01  4.1682e-04
1.3700e+01  4.1339e-04
1.3800e+01  4.1013e-04
1.3900e+01  4.0706e-04
1.4000e+01  4.0418e-04
1.4100e+01  4.0148e-04
1.4200e+01  3.9897e-04
1.4300e+01  3.9666e-04
1.4400e+01  3.9455e-04
1.4500e+01  3.9265e-04
1.4600e+01  3.9095e-04
1.4700e+01  3.8948e-04
1.4800e+01  3.8823e-04
1.4900e+01  3.8722e-04
1.5000e+01  3.8645e-04
1.5100e+01  3.8594e-04
1.5200e+01  3.8571e-04
1.5300e+01  3.8577e-04
1.5400e+01  3.8613e-04
1.5500e+01  3.8682e-04
1.5600e+01  3.8785e-04
1.5700e+01  3.8927e-04
1.5800e+01  3.9109e-04
1.5900e+01  3.9336e-04
1.6000e+01  3.9611e-04
1.6100e+01  3.9939e-04
1.6200e+01  4.0325e-04
1.6300e+01  4.0777e-04
1.6400e+01  4.1300e-04
1.6500e+01  4.1905e-04
1.6600e+01  4.2602e-04
1.6700e+01  4.3403e-04
1.6800e+01  4.4325e-04
1.6900e+01  4.5385e-04
1.7000e+01  4.6609e-04
1.7100e+01  4.8025e-04
1.7200e+01  4.9674e-04
1.7300e+01  5.1606e-04
1.7400e+01  5.3894e-04
1.7500e+01  5.6639e-04
1.7600e+01  5.9994e-04
1.7700e+01  6.4206e-04
1.7800e+01  6.9670e-04
1.7900e+01  7.6946e-04
1.8000e+01  8.6558e-04
1.8100e+01  9.8751e-04
1.8200e+01  1.1373e-03
1.8300e+01  1.3160e-03
1.8400e+01  1.5308e-03
1.8500e+01  1.7714e-03
1.8600e+01  2.0736e-03
1.8700e+01  2.4351e-03
1.8800e+01  2.8237e-03
1.8900e+01  3.4140e-03
1.9000e+01  4.0784e-03
1.9100e+01  4.8847e-03
1.9200e+01  6.0718e-03
1.9300e+01  7.0507e-03
1.9400e+01  8.1067e-03
1.9500e+01  9.5868e-03
1.9600e+01  1.0325e-02
1.9700e+01  1.1268e-02
1.9800e+01  1.2928e-02
1.9900e+01  1.3209e-02
2.0000e+01  1.3311e-02
2.0100e+01  1.4518e-02
2.0200e+01  1.4267e-02
2.0300e+01  1.3174e-02
2.0400e+01  1.3028e-02
2.0500e+01  1.1722e-02
2.0600e+01  9.6810e-03
2.0700e+01  8.7286e-03
2.0800e+01  7.8137e-03
2.0900e+01  6.3999e-03
2.1000e+01  5.4988e-03
2.1100e+01  4.7369e-03
2.1200e+01  3.7758e-03
2.1300e+01  2.9865e-03
2.1400e+01  2.3081e-03
2.1500e+01  1.7981e-03
2.1600e+01  1.4648e-03
2.1700e+01  1.2451e-03
2.1800e+01  1.0933e-03
2.1900e+01  9.8394e-04
2.2000e+01  9.0274e-04
2.2100e+01  8.4132e-04
2.2200e+01  7.9450e-04
2.2300e+01  7.5893e-04
2.2400e+01  7.3237e-04
2.2500e+01  7.1335e-04
2.2600e+01  7.0088e-04
2.2700e+01  6.9437e-04
2.2800e+01  6.9353e-04
2.2900e+01  6.9840e-04
2.3000e+01  7.0933e-04
2.3100e+01  7.2710e-04
2.3200e+01  7.5309e-04
2.3300e+01  7.8974e-04
2.3400e+01  8.4154e-04
2.3500e+01  9.1655e-04
2.3600e+01  1.0259e-03
2.3700e+01  1.1652e-03
2.3800e+01  1.3045e-03
2.3900e+01  1.4969e-03
2.4000e+01  1.8093e-03
2.4100e+01  2.1122e-03
2.4200e+01  2.2576e-03
2.4300e+01  2.5393e-03
2.4400e+01  3.1678e-03
2.4500e+01  3.8695e-03
2.4600e+01  4.0160e-03
2.4700e+01  4.1471e-03
2.4800e+01  4.9512e-03
2.4900e+01  6.2169e-03
2.5000e+01  6.5661e-03
2.5100e+01  6.1738e-03
2.5200e+01  6.6024e-03
2.5300e+01  8.1769e-03
2.5400e+01  9.5090e-03
2.5500e+01  8.8948e-03
2.5600e+01  8.2990e-03
2.5700e+01  9.2146e-03
2.5800e+01  1.1707e-02
2.5900e+01  1.3966e-02
2.6000e+01  1.4077e-02
2.6100e+01  1.5068e-02
2.6200e+01  1.9469e-02
2.6300e+01  2.7598e-02
2.6400e+01  3.3537e-02
2.6500e+01  3.1705e-02
2.6600e+01  3.1206e-02
2.6700e+01  3.2994e-02
2.6800e+01  2.7860e-02
2.6900e+01  1.9789e-02
2.7000e+01  1.5227e-02
2.7100e+01  1.3864e-02
2.7200e+01  1.2575e-02
2.7300e+01  9.6172e-03
2.7400e+01  7.1505e-03
2.7500e+01  5.9040e-03
2.7600e+01  5.6546e-03
2.7700e+01  5.9233e-03
2.7800e+01  5.4939e-03
2.7900e+01  4.4160e-03
2.8000e+01  3.7343e-03
2.8100e+01  3.6531e-03
2.8200e+01  4.0382e-03
2.8300e+01  4.1673e-03
2.8400e+01  3.5250e-03
2.8500e+01  2.9449e-03
2.8600e+01  2.8231e-03
2.8700e+01  3.1384e-03
2.8800e+01  3.4933e-03
2.8900e+01  3.1840e-03
2.9000e+01  2.6884e-03
2.9100e+01  2.5699e-03
2.9200e+01  2.9113e-03
2.9300e+01  3.5476e-03
2.9400e+01  3.6642e-03
2.9500e+01  3.1836e-03
2.9600e+01  3.0322e-03
2.9700e+01  3.4683e-03
2.9800e+01  3.9993e-03
2.9900e+01  3.5980e-03
3.0000e+01  2.8445e-03
3.0100e+01  2.5377e-03
3.0200e+01  2.7191e-03
3.0300e+01  2.9711e-03
3.0400e+01  2.6192e-03
3.0500e+01  2.0997e-03
3.0600e+01  1.8986e-03
3.0700e+01  2.0346e-03
3.0800e+01  2.2459e-03
3.0900e+01  2.0361e-03
3.1000e+01  1.6708e-03
3.1100e+01  1.5331e-03
3.1200e+01  1.6556e-03
3.1300e+01  1.8552e-03
3.1400e+01  1.7271e-03
3.1500e+01  1.4499e-03
3.1600e+01  1.3578e-03
3.1700e+01  1.4920e-03
3.1800e+01  1.6917e-03
3.1900e+01  1.5920e-03
3.2000e+01  1.3601e-03
3.2100e+01  1.3054e-03
3.2200e+01  1.4622e-03
3.2300e+01  1.6423e-03
3.2400e+01  1.5266e-03
3.2500e+01  1.3499e-03
3.2600e+01  1.3756e-03
3.2700e+01  1.6043e-03
3.2800e+01  1.7528e-03
3.2900e+01  1.5841e-03
3.3000e+01  1.4625e-03
3.3100e+01  1.5882e-03
3.3200e+01  1.8460e-03
3.3300e+01  1.8372e-03
3.3400e+01  1.6618e-03
3.3500e+01  1.7089e-03
3.3600e+01  2.0769e-03
3.3700e+01  2.5797e-03
3.3800e+01  2.7403e-03
3.3900e+01  2.8688e-03
3.4000e+01  3.1458e-03
3.4100e+01  2.8212e-03
3.4200e+01  2.1738e-03
3.4300e+01  1.8428e-03
3.4400e+01  1.8698e-03
3.4500e+01  2.0052e-03
3.4600e+01  1.8813e-03
3.4700e+01  1.7528e-03
3.4800e+01  1.8933e-03
3.4900e+01  2.1094e-03
3.5000e+01  1.9850e-03
3.5100e+01  1.7906e-03
3.5200e+01  1.8701e-03
3.5300e+01  2.1133e-03
3.5400e+01  2.1229e-03
3.5500e+01  2.0816e-03
3.5600e+01  2.2920e-03
3.5700e+01  2.3975e-03
3.5800e+01  2.1976e-03
3.5900e+01  2.1784e-03
3.6000e+01  2.3598e-03
3.6100e+01  2.3127e-03
3.6200e+01  2.2227e-03
3.6300e+01  2.4316e-03
3.6400e+01  2.6514e-03
3.6500e+01  2.6044e-03
3.6600e+01  2.7308e-03
3.6700e+01  2.9531e-03
3.6800e+01  2.9231e-03
3.6900e+01  3.0740e-03
3.7000e+01  3.4492e-03
3.7100e+01  3.6146e-03
3.7200e+01  3.9634e-03
3.7300e+01  4.5525e-03
3.7400e+01  4.8785e-03
3.7500e+01  5.4328e-03
3.7600e+01  5.8877e-03
3.7700e+01  5.9767e-03
3.7800e+01  5.9426e-03
3.7900e+01  5.3965e-03
3.8000e+01  5.0372e-03
3.8100e+01  4.6677e-03
3.8200e+01  4.3936e-03
3.8300e+01  4.1813e-03
3.8400e+01  3.9868e-03
3.8500e+01  3.7514e-03
3.8600e+01  3.4630e-03
3.8700e+01  3.0961e-03
3.8800e+01  2.6987e-03
3.8900e+01  2.3076e-03
3.9000e+01  1.9243e-03
3.9100e+01  1.5563e-03
3.9200e+01  1.2260e-03
3.9300e+01  9.4915e-04
3.9400e+01  7.3333e-04
3.9500e+01  5.8370e-04
3.9600e+01  4.8345e-04
3.9700e+01  4.1366e-04
3.9800e+01  3.6254e-04
3.9900e+01  3.2346e-04
4.0000e+01  2.9256e-04
4.0100e+01  2.6750e-04
4.0200e+01  2.4674e-04
4.0300e+01  2.2926e-04
4.0400e+01  2.1432e-04
4.0500e+01  2.0142e-04
4.0600e+01  1.9015e-04
4.0700e+01  1.8023e-04
4.0800e+01  1.7142e-04
4.0900e+01  1.6355e-04
4.1000e+01  1.5648e-04
4.1100e+01  1.5009e-04
4.1200e+01  1.4428e-04
4.1300e+01  1.3898e-04
4.1400e+01  1.3412e-04
4.1500e+01  1.2966e-04
4.1600e+01  1.2554e-04
4.1700e+01  1.2172e-04
4.1800e+01  1.1817e-04
4.1900e+01  1.1487e-04
4.2000e+01  1.1179e-04
4.2100e+01  1.0890e-04
4.2200e+01  1.0620e-04
4.2300e+01  1.0365e-04
4.2400e+01  1.0125e-04
4.2500e+01  9.8989e-05
4.2600e+01  9.6848e-05
4.2700e+01  9.4819e-05
4.2800e+01  9.2894e-05
4.2900e+01  9.1065e-05
4.3000e+01  8.9324e-05
4.3100e+01  8.7664e-05
4.3200e+01  8.6081e-05
4.3300e+01  8.4567e-05
4.3400e+01  8.3119e-05
4.3500e+01  8.1732e-05
4.3600e+01  8.0402e-05
4.3700e+01  7.9126e-05
4.3800e+01  7.7899e-05
4.3900e+01  7.6719e-05
4.4000e+01  7.5583e-05
4.4100e+01  7.4488e-05
4.4200e+01  7.3432e-05
4.4300e+01  7.2413e-05
4.4400e+01  7.1429e-05
4.4500e+01  7.0477e-05
4.4600e+01  6.9556e-05
4.4700e+01  6.8665e-05
4.4800e+01  6.7801e-05
4.4900e+01  6.6964e-05
4.5000e+01  6.6151e-05
4.5100e+01  6.5363e-05
4.5200e+01  6.4597e-05
4.5300e+01  6.3853e-05
4.5400e+01  6.3130e-05
4.5500e+01  6.2426e-05
4.5600e+01  6.1741e-05
4.5700e+01  6.1074e-05
4.5800e+01  6.0424e-05
4.5900e+01  5.9790e-05
4.6000e+01  5.9172e-05
4.6100e+01  5.8569e-05
4.6200e+01  5.7981e-05
4.6300e+01  5.7406e-05
4.6400e+01  5.6845e-05
4.6500e+01  5.6297e-05
4.6600e+01  5.5761e-05
4.6700e+01  5.5236e-05
4.6800e+01  5.4723e-05
4.6900e+01  5.4221e-05
4.7000e+01  5.3730e-05
4.7100e+01  5.3249e-05
4.7200e+01  5.2778e-05
4.7300e+01  5.2316e-05
4.7400e+01  5.1863e-05
4.7500e+01  5.1419e-05
4.7600e+01  5.0984e-05
4.7700e+01  5.0557e-05
4.7800e+01  5.0138e-05
4.7900e+01  4.9727e-05
4.8000e+01  4.9323e-05
4.8100e+01  4.8927e-05
4.8200e+01  4.8538e-05
4.8300e+01  4.8155e-05
4.8400e+01  4.7779e-05
4.8500e+01  4.7410e-05
4.8600e+01  4.7047e-05
4.8700e+01  4.6689e-05
4.8800e+01  4.6338e-05
4.8900e+01  4.5993e-05
4.9000e+01  4.5653e-05
4.9100e+01  4.5318e-05
4.9200e+01  4.4989e-05
4.9300e+01  4.4665e-05
4.9400e+01  4.4345e-05
4.9500e+01  4.4031e-05
4.9600e+01  4.3721e-05
4.9700e+01  4.3416e-05
4.9800e+01  4.3116e-05
4.9900e+01  4.2820e-05
5.0000e+01  4.2528e-05
5.0100e+01  4.2240e-05
5.0200e+01  4.1956e-05
5.0300e+01  4.1677e-05
5.0400e+01  4.1401e-05
5.0500e+01  4.1129e-05
5.0600e+01  4.0860e-05
5.0700e+01  4.0595e-05
