-4.5800e+01  5.6416e-03
-4.5700e+01  5.6681e-03
-4.5600e+01  5.6949e-03
-4.5500e+01  5.7218e-03
-4.5400e+01  5.7490e-03
-4.5300e+01  5.7763e-03
-4.5200e+01  5.8037e-03
-4.5100e+01  5.8314e-03
-4.5000e+01  5.8592e-03
-4.4900e+01  5.8873e-03
-4.4800e+01  5.9155e-03
-4.4700e+01  5.9439e-03
-4.4600e+01  5.9724e-03
-4.4500e+01  6.0012e-03
-4.4400e+01  6.0301e-03
-4.4300e+01  6.0593e-03
-4.4200e+01  6.0886e-03
-4.4100e+01  6.1181e-03
-4.4000e+01  6.1478e-03
-4.3900e+01  6.1777e-03
-4.3800e+01  6.2078e-03
-4.3700e+01  6.2381e-03
-4.3600e+01  6.2686e-03
-4.3500e+01  6.2993e-03
-4.3400e+01  6.3301e-03
-4.3300e+01  6.3612e-03
-4.3200e+01  6.3925e-03
-4.3100e+01  6.4239e-03
-4.3000e+01  6.4556e-03
-4.2900e+01  6.4875e-03
-4.2800e+01  6.5196e-03
-4.2700e+01  6.5519e-03
-4.2600e+01  6.5844e-03
-4.2500e+01  6.6171e-03
-4.2400e+01  6.6500e-03
-4.2300e+01  6.6832e-03
-4.2200e+01  6.7165e-03
-4.2100e+01  6.7501e-03
-4.2000e+01  6.7839e-03
-4.1900e+01  6.8179e-03
-4.1800e+01  6.8521e-03
-4.1700e+01  6.8866e-03
-4.1600e+01  6.9213e-03
-4.1500e+01  6.9562e-03
-4.1400e+01  6.9914e-03
-4.1300e+01  7.0267e-03
-4.1200e+01  7.0624e-03
-4.1100e+01  7.0982e-03
-4.1000e+01  7.1343e-03
-4.0900e+01  7.1706e-03
-4.0800e+01  7.2072e-03
-4.0700e+01  7.2441e-03
-4.0600e+01  7.2811e-03
-4.0500e+01  7.3185e-03
-4.0400e+01  7.3561e-03
-4.0300e+01  7.3939e-03
-4.0200e+01  7.4320e-03
-4.0100e+01  7.4704e-03
-4.0000e+01  7.5090e-03
-3.9900e+01  7.5480e-03
-3.9800e+01  7.5871e-03
-3.9700e+01  7.6266e-03
-3.9600e+01  7.6663e-03
-3.9500e+01  7.7063e-03
-3.9400e+01  7.7466e-03
-3.9300e+01  7.7872e-03
-3.9200e+01  7.8281e-03
-3.9100e+01  7.8693e-03
-3.9000e+01  7.9107e-03
-3.8900e+01  7.9525e-03
-3.8800e+01  7.9946e-03
-3.8700e+01  8.0369e-03
-3.8600e+01  8.0796e-03
-3.8500e+01  8.1226e-03
-3.8400e+01  8.1660e-03
-3.8300e+01  8.2096e-03
-3.8200e+01  8.2536e-03
-3.8100e+01  8.2979e-03
-3.8000e+01  8.3425e-03
-3.7900e+01  8.3874e-03
-3.7800e+01  8.4327e-03
-3.7700e+01  8.4784e-03
-3.7600e+01  8.5244e-03
-3.7500e+01  8.5707e-03
-3.7400e+01  8.6174e-03
-3.7300e+01  8.6645e-03
-3.7200e+01  8.7119e-03
-3.7100e+01  8.7597e-03
-3.7000e+01  8.8078e-03
-3.6900e+01  8.8564e-03
-3.6800e+01  8.9053e-03
-3.6700e+01  8.9546e-03
-3.6600e+01  9.0043e-03
-3.6500e+01  9.0544e-03
-3.6400e+01  9.1049e-03
-3.6300e+01  9.1558e-03
-3.6200e+01  9.2071e-03
-3.6100e+01  9.2588e-03
-3.6000e+01  9.3109e-03
-3.5900e+01  9.3635e-03
-3.5800e+01  9.4164e-03
-3.5700e+01  9.4699e-03
-3.5600e+01  9.5237e-03
-3.5500e+01  9.5780e-03
-3.5400e+01  9.6327e-03
-3.5300e+01  9.6879e-03
-3.5200e+01  9.7436e-03
-3.5100e+01  9.7997e-03
-3.5000e+01  9.8563e-03
-3.4900e+01  9.9134e-03
-3.4800e+01  9.9709e-03
-3.4700e+01  1.0029e-02
-3.4600e+01  1.0088e-02
-3.4500e+01  1.0147e-02
-3.4400e+01  1.0206e-02
-3.4300e+01  1.0266e-02
-3.4200e+01  1.0327e-02
-3.4100e+01  1.0388e-02
-3.4000e+01  1.0449e-02
-3.3900e+01  1.0512e-02
-3.3800e+01  1.0574e-02
-3.3700e+01  1.0637e-02
-3.3600e+01  1.0701e-02
-3.3500e+01  1.0766e-02
-3.3400e+01  1.0831e-02
-3.3300e+01  1.0896e-02
-3.3200e+01  1.0962e-02
-3.3100e+01  1.1029e-02
-3.3000e+01  1.1096e-02
-3.2900e+01  1.1164e-02
-3.2800e+01  1.1233e-02
-3.2700e+01  1.1302e-02
-3.2600e+01  1.1371e-02
-3.2500e+01  1.1442e-02
-3.2400e+01  1.1513e-02
-3.2300e+01  1.1585e-02
-3.2200e+01  1.1657e-02
-3.2100e+01  1.1730e-02
-3.2000e+01  1.1804e-02
-3.1900e+01  1.1878e-02
-3.1800e+01  1.1953e-02
-3.1700e+01  1.2029e-02
-3.1600e+01  1.2106e-02
-3.1500e+01  1.2183e-02
-3.1400e+01  1.2261e-02
-3.1300e+01  1.2339e-02
-3.1200e+01  1.2419e-02
-3.1100e+01  1.2499e-02
-3.1000e+01  1.2580e-02
-3.0900e+01  1.2662e-02
-3.0800e+01  1.2745e-02
-3.0700e+01  1.2828e-02
-3.0600e+01  1.2912e-02
-3.0500e+01  1.2997e-02
-3.0400e+01  1.3083e-02
-3.0300e+01  1.3170e-02
-3.0200e+01  1.3257e-02
-3.0100e+01  1.3346e-02
-3.0000e+01  1.3435e-02
-2.9900e+01  1.3525e-02
-2.9800e+01  1.3616e-02
-2.9700e+01  1.3708e-02
-2.9600e+01  1.3801e-02
-2.9500e+01  1.3895e-02
-2.9400e+01  1.3990e-02
-2.9300e+01  1.4086e-02
-2.9200e+01  1.4183e-02
-2.9100e+01  1.4281e-02
-2.9000e+01  1.4380e-02
-2.8900e+01  1.4479e-02
-2.8800e+01  1.4580e-02
-2.8700e+01  1.4682e-02
-2.8600e+01  1.4785e-02
-2.8500e+01  1.4889e-02
-2.8400e+01  1.4995e-02
-2.8300e+01  1.5101e-02
-2.8200e+01  1.5208e-02
-2.8100e+01  1.5317e-02
-2.8000e+01  1.5427e-02
-2.7900e+01  1.5538e-02
-2.7800e+01  1.5650e-02
-2.7700e+01  1.5763e-02
-2.7600e+01  1.5878e-02
-2.7500e+01  1.5994e-02
-2.7400e+01  1.6111e-02
-2.7300e+01  1.6229e-02
-2.7200e+01  1.6349e-02
-2.7100e+01  1.6470e-02
-2.7000e+01  1.6593e-02
-2.6900e+01  1.6716e-02
-2.6800e+01  1.6842e-02
-2.6700e+01  1.6968e-02
-2.6600e+01  1.7096e-02
-2.6500e+01  1.7226e-02
-2.6400e+01  1.7357e-02
-2.6300e+01  1.7489e-02
-2.6200e+01  1.7623e-02
-2.6100e+01  1.7759e-02
-2.6000e+01  1.7896e-02
-2.5900e+01  1.8034e-02
-2.5800e+01  1.8175e-02
-2.5700e+01  1.8317e-02
-2.5600e+01  1.8460e-02
-2.5500e+01  1.8606e-02
-2.5400e+01  1.8753e-02
-2.5300e+01  1.8902e-02
-2.5200e+01  1.9052e-02
-2.5100e+01  1.9205e-02
-2.5000e+01  1.9359e-02
-2.4900e+01  1.9515e-02
-2.4800e+01  1.9673e-02
-2.4700e+01  1.9833e-02
-2.4600e+01  1.9995e-02
-2.4500e+01  2.0159e-02
-2.4400e+01  2.0325e-02
-2.4300e+01  2.0493e-02
-2.4200e+01  2.0663e-02
-2.4100e+01  2.0835e-02
-2.4000e+01  2.1009e-02
-2.3900e+01  2.1186e-02
-2.3800e+01  2.1365e-02
-2.3700e+01  2.1546e-02
-2.3600e+01  2.1729e-02
-2.3500e+01  2.1915e-02
-2.3400e+01  2.2103e-02
-2.3300e+01  2.2294e-02
-2.3200e+01  2.2487e-02
-2.3100e+01  2.2683e-02
-2.3000e+01  2.2881e-02
-2.2900e+01  2.3082e-02
-2.2800e+01  2.3285e-02
-2.2700e+01  2.3491e-02
-2.2600e+01  2.3700e-02
-2.2500e+01  2.3912e-02
-2.2400e+01  2.4127e-02
-2.2300e+01  2.4344e-02
-2.2200e+01  2.4565e-02
-2.2100e+01  2.4788e-02
-2.2000e+01  2.5015e-02
-2.1900e+01  2.5245e-02
-2.1800e+01  2.5478e-02
-2.1700e+01  2.5714e-02
-2.1600e+01  2.5953e-02
-2.1500e+01  2.6196e-02
-2.1400e+01  2.6443e-02
-2.1300e+01  2.6692e-02
-2.1200e+01  2.6946e-02
-2.1100e+01  2.7203e-02
-2.1000e+01  2.7464e-02
-2.0900e+01  2.7728e-02
-2.0800e+01  2.7997e-02
-2.0700e+01  2.8269e-02
-2.0600e+01  2.8545e-02
-2.0500e+01  2.8826e-02
-2.0400e+01  2.9110e-02
-2.0300e+01  2.9399e-02
-2.0200e+01  2.9693e-02
-2.0100e+01  2.9990e-02
-2.0000e+01  3.0292e-02
-1.9900e+01  3.0599e-02
-1.9800e+01  3.0911e-02
-1.9700e+01  3.1227e-02
-1.9600e+01  3.1548e-02
-1.9500e+01  3.1875e-02
-1.9400e+01  3.2206e-02
-1.9300e+01  3.2542e-02
-1.9200e+01  3.2884e-02
-1.9100e+01  3.3232e-02
-1.9000e+01  3.3585e-02
-1.8900e+01  3.3943e-02
-1.8800e+01  3.4308e-02
-1.8700e+01  3.4678e-02
-1.8600e+01  3.5054e-02
-1.8500e+01  3.5437e-02
-1.8400e+01  3.5826e-02
-1.8300e+01  3.6221e-02
-1.8200e+01  3.6623e-02
-1.8100e+01  3.7032e-02
-1.8000e+01  3.7448e-02
-1.7900e+01  3.7871e-02
-1.7800e+01  3.8301e-02
-1.7700e+01  3.8738e-02
-1.7600e+01  3.9183e-02
-1.7500e+01  3.9636e-02
-1.7400e+01  4.0097e-02
-1.7300e+01  4.0565e-02
-1.7200e+01  4.1043e-02
-1.7100e+01  4.1528e-02
-1.7000e+01  4.2023e-02
-1.6900e+01  4.2526e-02
-1.6800e+01  4.3039e-02
-1.6700e+01  4.3561e-02
-1.6600e+01  4.4092e-02
-1.6500e+01  4.4633e-02
-1.6400e+01  4.5185e-02
-1.6300e+01  4.5747e-02
-1.6200e+01  4.6319e-02
-1.6100e+01  4.6902e-02
-1.6000e+01  4.7497e-02
-1.5900e+01  4.8102e-02
-1.5800e+01  4.8720e-02
-1.5700e+01  4.9350e-02
-1.5600e+01  4.9991e-02
-1.5500e+01  5.0646e-02
-1.5400e+01  5.1314e-02
-1.5300e+01  5.1995e-02
-1.5200e+01  5.2689e-02
-1.5100e+01  5.3398e-02
-1.5000e+01  5.4121e-02
-1.4900e+01  5.4859e-02
-1.4800e+01  5.5613e-02
-1.4700e+01  5.6382e-02
-1.4600e+01  5.7167e-02
-1.4500e+01  5.7968e-02
-1.4400e+01  5.8787e-02
-1.4300e+01  5.9624e-02
-1.4200e+01  6.0478e-02
-1.4100e+01  6.1351e-02
-1.4000e+01  6.2243e-02
-1.3900e+01  6.3154e-02
-1.3800e+01  6.4086e-02
-1.3700e+01  6.5039e-02
-1.3600e+01  6.6013e-02
-1.3500e+01  6.7009e-02
-1.3400e+01  6.8028e-02
-1.3300e+01  6.9071e-02
-1.3200e+01  7.0137e-02
-1.3100e+01  7.1229e-02
-1.3000e+01  7.2346e-02
-1.2900e+01  7.3490e-02
-1.2800e+01  7.4660e-02
-1.2700e+01  7.5860e-02
-1.2600e+01  7.7088e-02
-1.2500e+01  7.8346e-02
-1.2400e+01  7.9635e-02
-1.2300e+01  8.0956e-02
-1.2200e+01  8.2310e-02
-1.2100e+01  8.3699e-02
-1.2000e+01  8.5122e-02
-1.1900e+01  8.6582e-02
-1.1800e+01  8.8080e-02
-1.1700e+01  8.9616e-02
-1.1600e+01  9.1193e-02
-1.1500e+01  9.2811e-02
-1.1400e+01  9.4473e-02
-1.1300e+01  9.6178e-02
-1.1200e+01  9.7930e-02
-1.1100e+01  9.9730e-02
-1.1000e+01  1.0158e-01
-1.0900e+01  1.0348e-01
-1.0800e+01  1.0543e-01
-1.0700e+01  1.0744e-01
-1.0600e+01  1.0950e-01
-1.0500e+01  1.1163e-01
-1.0400e+01  1.1381e-01
-1.0300e+01  1.1606e-01
-1.0200e+01  1.1837e-01
-1.0100e+01  1.2075e-01
-1.0000e+01  1.2320e-01
-9.9000e+00  1.2573e-01
-9.8000e+00  1.2833e-01
-9.7000e+00  1.3100e-01
-9.6000e+00  1.3376e-01
-9.5000e+00  1.3661e-01
-9.4000e+00  1.3954e-01
-9.3000e+00  1.4256e-01
-9.2000e+00  1.4567e-01
-9.1000e+00  1.4889e-01
-9.0000e+00  1.5220e-01
-8.9000e+00  1.5562e-01
-8.8000e+00  1.5915e-01
-8.7000e+00  1.6279e-01
-8.6000e+00  1.6655e-01
-8.5000e+00  1.7043e-01
-8.4000e+00  1.7444e-01
-8.3000e+00  1.7857e-01
-8.2000e+00  1.8284e-01
-8.1000e+00  1.8725e-01
-8.0000e+00  1.9181e-01
-7.9000e+00  1.9652e-01
-7.8000e+00  2.0138e-01
-7.7000e+00  2.0640e-01
-7.6000e+00  2.1159e-01
-7.5000e+00  2.1695e-01
-7.4000e+00  2.2248e-01
-7.3000e+00  2.2820e-01
-7.2000e+00  2.3411e-01
-7.1000e+00  2.4021e-01
-7.0000e+00  2.4652e-01
-6.9000e+00  2.5303e-01
-6.8000e+00  2.5975e-01
-6.7000e+00  2.6669e-01
-6.6000e+00  2.7385e-01
-6.5000e+00  2.8125e-01
-6.4000e+00  2.8887e-01
-6.3000e+00  2.9674e-01
-6.2000e+00  3.0486e-01
-6.1000e+00  3.1323e-01
-6.0000e+00  3.2185e-01
-5.9000e+00  3.3073e-01
-5.8000e+00  3.3988e-01
-5.7000e+00  3.4930e-01
-5.6000e+00  3.5899e-01
-5.5000e+00  3.6896e-01
-5.4000e+00  3.7920e-01
-5.3000e+00  3.8972e-01
-5.2000e+00  4.0052e-01
-5.1000e+00  4.1160e-01
-5.0000e+00  4.2296e-01
-4.9000e+00  4.3460e-01
-4.8000e+00  4.4652e-01
-4.7000e+00  4.5871e-01
-4.6000e+00  4.7116e-01
-4.5000e+00  4.8388e-01
-4.4000e+00  4.9686e-01
-4.3000e+00  5.1009e-01
-4.2000e+00  5.2356e-01
-4.1000e+00  5.3725e-01
-4.0000e+00  5.5117e-01
-3.9000e+00  5.6529e-01
-3.8000e+00  5.7959e-01
-3.7000e+00  5.9408e-01
-3.6000e+00  6.0872e-01
-3.5000e+00  6.2349e-01
-3.4000e+00  6.3839e-01
-3.3000e+00  6.5338e-01
-3.2000e+00  6.6844e-01
-3.1000e+00  6.8354e-01
-3.0000e+00  6.9867e-01
-2.9000e+00  7.1379e-01
-2.8000e+00  7.2887e-01
-2.7000e+00  7.4388e-01
-2.6000e+00  7.5880e-01
-2.5000e+00  7.7358e-01
-2.4000e+00  7.8819e-01
-2.3000e+00  8.0261e-01
-2.2000e+00  8.1679e-01
-2.1000e+00  8.3070e-01
-2.0000e+00  8.4430e-01
-1.9000e+00  8.5756e-01
-1.8000e+00  8.7044e-01
-1.7000e+00  8.8290e-01
-1.6000e+00  8.9491e-01
-1.5000e+00  9.0643e-01
-1.4000e+00  9.1742e-01
-1.3000e+00  9.2786e-01
-1.2000e+00  9.3771e-01
-1.1000e+00  9.4694e-01
-1.0000e+00  9.5551e-01
-9.0000e-01  9.6340e-01
-8.0000e-01  9.7058e-01
-7.0000e-01  9.7703e-01
-6.0000e-01  9.8272e-01
-5.0000e-01  9.8763e-01
-4.0000e-01  9.9175e-01
-3.0000e-01  9.9506e-01
-2.0000e-01  9.9754e-01
-1.0000e-01  9.9919e-01
0.0000e+00  1.0000e+00
1.0000e-01  9.9997e-01
2.0000e-01  9.9909e-01
3.0000e-01  9.9736e-01
4.0000e-01  9.9480e-01
5.0000e-01  9.9141e-01
6.0000e-01  9.8720e-01
7.0000e-01  9.8218e-01
8.0000e-01  9.7637e-01
9.0000e-01  9.6979e-01
1.0000e+00  9.6247e-01
1.1000e+00  9.5442e-01
1.2000e+00  9.4568e-01
1.3000e+00  9.3627e-01
1.4000e+00  9.2623e-01
1.5000e+00  9.1558e-01
1.6000e+00  9.0436e-01
1.7000e+00  8.9262e-01
1.8000e+00  8.8037e-01
1.9000e+00  8.6768e-01
2.0000e+00  8.5456e-01
2.1000e+00  8.4107e-01
2.2000e+00  8.2725e-01
2.3000e+00  8.1312e-01
2.4000e+00  7.9875e-01
2.5000e+00  7.8415e-01
2.6000e+00  7.6938e-01
2.7000e+00  7.5448e-01
2.8000e+00  7.3948e-01
2.9000e+00  7.2441e-01
3.0000e+00  7.0933e-01
3.1000e+00  6.9425e-01
3.2000e+00  6.7923e-01
3.3000e+00  6.6428e-01
3.4000e+00  6.4944e-01
3.5000e+00  6.3474e-01
3.6000e+00  6.2020e-01
3.7000e+00  6.0587e-01
3.8000e+00  5.9174e-01
3.9000e+00  5.7786e-01
4.0000e+00  5.6425e-01
4.1000e+00  5.5091e-01
4.2000e+00  5.3787e-01
4.3000e+00  5.2515e-01
4.4000e+00  5.1275e-01
4.5000e+00  5.0070e-01
4.6000e+00  4.8899e-01
4.7000e+00  4.7765e-01
4.8000e+00  4.6668e-01
4.9000e+00  4.5608e-01
5.0000e+00  4.4586e-01
5.1000e+00  4.3603e-01
5.2000e+00  4.2658e-01
5.3000e+00  4.1751e-01
5.4000e+00  4.0884e-01
5.5000e+00  4.0055e-01
5.6000e+00  3.9264e-01
5.7000e+00  3.8511e-01
5.8000e+00  3.7796e-01
5.9000e+00  3.7118e-01
6.0000e+00  3.6477e-01
6.1000e+00  3.5871e-01
6.2000e+00  3.5301e-01
6.3000e+00  3.4765e-01
6.4000e+00  3.4263e-01
6.5000e+00  3.3794e-01
6.6000e+00  3.3357e-01
6.7000e+00  3.2951e-01
6.8000e+00  3.2574e-01
6.9000e+00  3.2227e-01
7.0000e+00  3.1907e-01
7.1000e+00  3.1614e-01
7.2000e+00  3.1346e-01
7.3000e+00  3.1102e-01
7.4000e+00  3.0881e-01
7.5000e+00  3.0682e-01
7.6000e+00  3.0503e-01
7.7000e+00  3.0343e-01
7.8000e+00  3.0201e-01
7.9000e+00  3.0074e-01
8.0000e+00  2.9963e-01
8.1000e+00  2.9865e-01
8.2000e+00  2.9779e-01
8.3000e+00  2.9703e-01
8.4000e+00  2.9637e-01
8.5000e+00  2.9578e-01
8.6000e+00  2.9525e-01
8.7000e+00  2.9476e-01
8.8000e+00  2.9431e-01
8.9000e+00  2.9388e-01
9.0000e+00  2.9345e-01
9.1000e+00  2.9301e-01
9.2000e+00  2.9255e-01
9.3000e+00  2.9205e-01
9.4000e+00  2.9150e-01
9.5000e+00  2.9089e-01
9.6000e+00  2.9021e-01
9.7000e+00  2.8945e-01
9.8000e+00  2.8859e-01
9.9000e+00  2.8763e-01
1.0000e+01  2.8656e-01
1.0100e+01  2.8536e-01
1.0200e+01  2.8404e-01
1.0300e+01  2.8259e-01
1.0400e+01  2.8099e-01
1.0500e+01  2.7926e-01
1.0600e+01  2.7737e-01
1.0700e+01  2.7534e-01
1.0800e+01  2.7315e-01
1.0900e+01  2.7081e-01
1.1000e+01  2.6832e-01
1.1100e+01  2.6567e-01
1.1200e+01  2.6288e-01
1.1300e+01  2.5994e-01
1.1400e+01  2.5685e-01
1.1500e+01  2.5363e-01
1.1600e+01  2.5028e-01
1.1700e+01  2.4680e-01
1.1800e+01  2.4319e-01
1.1900e+01  2.3948e-01
1.2000e+01  2.3566e-01
1.2100e+01  2.3174e-01
1.2200e+01  2.2773e-01
1.2300e+01  2.2365e-01
1.2400e+01  2.1950e-01
1.2500e+01  2.1528e-01
1.2600e+01  2.1101e-01
1.2700e+01  2.0671e-01
1.2800e+01  2.0237e-01
1.2900e+01  1.9801e-01
1.3000e+01  1.9364e-01
1.3100e+01  1.8926e-01
1.3200e+01  1.8490e-01
1.3300e+01  1.8054e-01
1.3400e+01  1.7621e-01
1.3500e+01  1.7192e-01
1.3600e+01  1.6766e-01
1.3700e+01  1.6345e-01
1.3800e+01  1.5929e-01
1.3900e+01  1.5519e-01
1.4000e+01  1.5116e-01
1.4100e+01  1.4720e-01
1.4200e+01  1.4331e-01
1.4300e+01  1.3951e-01
1.4400e+01  1.3579e-01
1.4500e+01  1.3215e-01
1.4600e+01  1.2861e-01
1.4700e+01  1.2515e-01
1.4800e+01  1.2179e-01
1.4900e+01  1.1853e-01
1.5000e+01  1.1536e-01
1.5100e+01  1.1229e-01
1.5200e+01  1.0931e-01
1.5300e+01  1.0643e-01
1.5400e+01  1.0364e-01
1.5500e+01  1.0095e-01
1.5600e+01  9.8356e-02
1.5700e+01  9.5851e-02
1.5800e+01  9.3435e-02
1.5900e+01  9.1109e-02
1.6000e+01  8.8868e-02
1.6100e+01  8.6712e-02
1.6200e+01  8.4639e-02
1.6300e+01  8.2645e-02
1.6400e+01  8.0728e-02
1.6500e+01  7.8887e-02
1.6600e+01  7.7118e-02
1.6700e+01  7.5419e-02
1.6800e+01  7.3788e-02
1.6900e+01  7.2221e-02
1.7000e+01  7.0718e-02
1.7100e+01  6.9275e-02
1.7200e+01  6.7889e-02
1.7300e+01  6.6560e-02
1.7400e+01  6.5283e-02
1.7500e+01  6.4059e-02
1.7600e+01  6.2883e-02
1.7700e+01  6.1755e-02
1.7800e+01  6.0672e-02
1.7900e+01  5.9633e-02
1.8000e+01  5.8636e-02
1.8100e+01  5.7679e-02
1.8200e+01  5.6761e-02
1.8300e+01  5.5880e-02
1.8400e+01  5.5036e-02
1.8500e+01  5.4226e-02
1.8600e+01  5.3451e-02
1.8700e+01  5.2707e-02
1.8800e+01  5.1996e-02
1.8900e+01  5.1316e-02
1.9000e+01  5.0666e-02
1.9100e+01  5.0045e-02
1.9200e+01  4.9454e-02
1.9300e+01  4.8891e-02
1.9400e+01  4.8356e-02
1.9500e+01  4.7848e-02
1.9600e+01  4.7369e-02
1.9700e+01  4.6917e-02
1.9800e+01  4.6492e-02
1.9900e+01  4.6095e-02
2.0000e+01  4.5725e-02
2.0100e+01  4.5384e-02
2.0200e+01  4.5070e-02
2.0300e+01  4.4785e-02
2.0400e+01  4.4530e-02
2.0500e+01  4.4304e-02
2.0600e+01  4.4108e-02
2.0700e+01  4.3944e-02
2.0800e+01  4.3812e-02
2.0900e+01  4.3714e-02
2.1000e+01  4.3649e-02
2.1100e+01  4.3620e-02
2.1200e+01  4.3628e-02
2.1300e+01  4.3674e-02
2.1400e+01  4.3760e-02
2.1500e+01  4.3887e-02
2.1600e+01  4.4057e-02
2.1700e+01  4.4272e-02
2.1800e+01  4.4533e-02
2.1900e+01  4.4843e-02
2.2000e+01  4.5204e-02
2.2100e+01  4.5618e-02
2.2200e+01  4.6087e-02
2.2300e+01  4.6613e-02
2.2400e+01  4.7199e-02
2.2500e+01  4.7846e-02
2.2600e+01  4.8559e-02
2.2700e+01  4.9338e-02
2.2800e+01  5.0187e-02
2.2900e+01  5.1108e-02
2.3000e+01  5.2102e-02
2.3100e+01  5.3174e-02
2.3200e+01  5.4324e-02
2.3300e+01  5.5555e-02
2.3400e+01  5.6869e-02
2.3500e+01  5.8268e-02
2.3600e+01  5.9754e-02
2.3700e+01  6.1328e-02
2.3800e+01  6.2991e-02
2.3900e+01  6.4744e-02
2.4000e+01  6.6588e-02
2.4100e+01  6.8524e-02
2.4200e+01  7.0550e-02
2.4300e+01  7.2667e-02
2.4400e+01  7.4873e-02
2.4500e+01  7.7167e-02
2.4600e+01  7.9546e-02
2.4700e+01  8.2008e-02
2.4800e+01  8.4551e-02
2.4900e+01  8.7169e-02
2.5000e+01  8.9858e-02
2.5100e+01  9.2613e-02
2.5200e+01  9.5428e-02
2.5300e+01  9.8296e-02
2.5400e+01  1.0121e-01
2.5500e+01  1.0416e-01
2.5600e+01  1.0714e-01
2.5700e+01  1.1015e-01
2.5800e+01  1.1316e-01
2.5900e+01  1.1617e-01
2.6000e+01  1.1916e-01
2.6100e+01  1.2214e-01
2.6200e+01  1.2507e-01
2.6300e+01  1.2796e-01
2.6400e+01  1.3078e-01
2.6500e+01  1.3353e-01
2.6600e+01  1.3619e-01
2.6700e+01  1.3875e-01
2.6800e+01  1.4119e-01
2.6900e+01  1.4350e-01
2.7000e+01  1.4567e-01
2.7100e+01  1.4768e-01
2.7200e+01  1.4953e-01
2.7300e+01  1.5119e-01
2.7400e+01  1.5266e-01
2.7500e+01  1.5394e-01
2.7600e+01  1.5500e-01
2.7700e+01  1.5584e-01
2.7800e+01  1.5646e-01
2.7900e+01  1.5684e-01
2.8000e+01  1.5699e-01
2.8100e+01  1.5689e-01
2.8200e+01  1.5656e-01
2.8300e+01  1.5597e-01
2.8400e+01  1.5515e-01
2.8500e+01  1.5408e-01
2.8600e+01  1.5278e-01
2.8700e+01  1.5124e-01
2.8800e+01  1.4947e-01
2.8900e+01  1.4748e-01
2.9000e+01  1.4528e-01
2.9100e+01  1.4289e-01
2.9200e+01  1.4030e-01
2.9300e+01  1.3753e-01
2.9400e+01  1.3460e-01
2.9500e+01  1.3151e-01
2.9600e+01  1.2829e-01
2.9700e+01  1.2495e-01
2.9800e+01  1.2150e-01
2.9900e+01  1.1797e-01
3.0000e+01  1.1435e-01
3.0100e+01  1.1068e-01
3.0200e+01  1.0696e-01
3.0300e+01  1.0322e-01
3.0400e+01  9.9468e-02
3.0500e+01  9.5716e-02
3.0600e+01  9.1982e-02
3.0700e+01  8.8279e-02
3.0800e+01  8.4621e-02
3.0900e+01  8.1020e-02
3.1000e+01  7.7488e-02
3.1100e+01  7.4036e-02
3.1200e+01  7.0676e-02
3.1300e+01  6.7418e-02
3.1400e+01  6.4274e-02
3.1500e+01  6.1257e-02
3.1600e+01  5.8388e-02
3.1700e+01  5.5707e-02
3.1800e+01  5.3353e-02
3.1900e+01  5.0874e-02
3.2000e+01  4.7757e-02
3.2100e+01  4.4638e-02
3.2200e+01  4.1971e-02
3.2300e+01  3.9578e-02
3.2400e+01  3.7396e-02
3.2500e+01  3.5393e-02
3.2600e+01  3.3548e-02
3.2700e+01  3.1847e-02
3.2800e+01  3.0278e-02
3.2900e+01  2.8830e-02
3.3000e+01  2.7495e-02
3.3100e+01  2.6263e-02
3.3200e+01  2.5128e-02
3.3300e+01  2.4083e-02
3.3400e+01  2.3120e-02
3.3500e+01  2.2233e-02
3.3600e+01  2.1418e-02
3.3700e+01  2.0667e-02
3.3800e+01  1.9976e-02
3.3900e+01  1.9340e-02
3.4000e+01  1.8755e-02
3.4100e+01  1.8216e-02
3.4200e+01  1.7719e-02
3.4300e+01  1.7260e-02
3.4400e+01  1.6837e-02
3.4500e+01  1.6445e-02
3.4600e+01  1.6083e-02
3.4700e+01  1.5747e-02
3.4800e+01  1.5435e-02
3.4900e+01  1.5144e-02
3.5000e+01  1.4873e-02
3.5100e+01  1.4619e-02
3.5200e+01  1.4382e-02
3.5300e+01  1.4159e-02
3.5400e+01  1.3949e-02
3.5500e+01  1.3751e-02
3.5600e+01  1.3564e-02
3.5700e+01  1.3386e-02
3.5800e+01  1.3217e-02
3.5900e+01  1.3056e-02
3.6000e+01  1.2903e-02
3.6100e+01  1.2756e-02
3.6200e+01  1.2614e-02
3.6300e+01  1.2479e-02
3.6400e+01  1.2348e-02
3.6500e+01  1.2222e-02
3.6600e+01  1.2100e-02
3.6700e+01  1.1983e-02
3.6800e+01  1.1868e-02
3.6900e+01  1.1757e-02
3.7000e+01  1.1650e-02
3.7100e+01  1.1545e-02
3.7200e+01  1.1442e-02
3.7300e+01  1.1343e-02
3.7400e+01  1.1245e-02
3.7500e+01  1.1150e-02
3.7600e+01  1.1057e-02
3.7700e+01  1.0966e-02
3.7800e+01  1.0877e-02
3.7900e+01  1.0790e-02
3.8000e+01  1.0704e-02
3.8100e+01  1.0620e-02
3.8200e+01  1.0538e-02
3.8300e+01  1.0457e-02
3.8400e+01  1.0378e-02
3.8500e+01  1.0300e-02
3.8600e+01  1.0223e-02
3.8700e+01  1.0148e-02
3.8800e+01  1.0073e-02
3.8900e+01  1.0000e-02
3.9000e+01  9.9286e-03
3.9100e+01  9.8580e-03
3.9200e+01  9.7884e-03
3.9300e+01  9.7198e-03
3.9400e+01  9.6523e-03
3.9500e+01  9.5857e-03
3.9600e+01  9.5202e-03
3.9700e+01  9.4555e-03
3.9800e+01  9.3918e-03
3.9900e+01  9.3289e-03
4.0000e+01  9.2669e-03
4.0100e+01  9.2058e-03
4.0200e+01  9.1454e-03
4.0300e+01  9.0858e-03
4.0400e+01  9.0271e-03
4.0500e+01  8.9690e-03
4.0600e+01  8.9117e-03
4.0700e+01  8.8552e-03
4.0800e+01  8.7993e-03
4.0900e+01  8.7441e-03
4.1000e+01  8.6896e-03
4.1100e+01  8.6357e-03
4.1200e+01  8.5825e-03
4.1300e+01  8.5299e-03
4.1400e+01  8.4780e-03
4.1500e+01  8.4266e-03
4.1600e+01  8.3758e-03
4.1700e+01  8.3256e-03
4.1800e+01  8.2759e-03
4.1900e+01  8.2268e-03
4.2000e+01  8.1783e-03
4.2100e+01  8.1303e-03
4.2200e+01  8.0828e-03
4.2300e+01  8.0358e-03
4.2400e+01  7.9893e-03
4.2500e+01  7.9433e-03
4.2600e+01  7.8978e-03
4.2700e+01  7.8528e-03
4.2800e+01  7.8082e-03
4.2900e+01  7.7641e-03
4.3000e+01  7.7204e-03
4.3100e+01  7.6772e-03
4.3200e+01  7.6344e-03
4.3300e+01  7.5920e-03
4.3400e+01  7.5501e-03
4.3500e+01  7.5085e-03
4.3600e+01  7.4674e-03
4.3700e+01  7.4267e-03
4.3800e+01  7.3863e-03
4.3900e+01  7.3464e-03
4.4000e+01  7.3068e-03
4.4100e+01  7.2676e-03
4.4200e+01  7.2288e-03
4.4300e+01  7.1903e-03
4.4400e+01  7.1522e-03
4.4500e+01  7.1144e-03
4.4600e+01  7.0770e-03
4.4700e+01  7.0399e-03
4.4800e+01  7.0032e-03
4.4900e+01  6.9668e-03
4.5000e+01  6.9307e-03
4.5100e+01  6.8949e-03
4.5200e+01  6.8595e-03
4.5300e+01  6.8243e-03
4.5400e+01  6.7895e-03
4.5500e+01  6.7550e-03
4.5600e+01  6.7207e-03
4.5700e+01  6.6868e-03
4.5800e+01  6.6531e-03
4.5900e+01  6.6198e-03
4.6000e+01  6.5867e-03
4.6100e+01  6.5539e-03
4.6200e+01  6.5214e-03
4.6300e+01  6.4891e-03
4.6400e+01  6.4571e-03
4.6500e+01  6.4254e-03
4.6600e+01  6.3939e-03
4.6700e+01  6.3627e-03
4.6800e+01  6.3317e-03
4.6900e+01  6.3010e-03
4.7000e+01  6.2705e-03
4.7100e+01  6.2403e-03
4.7200e+01  6.2103e-03
4.7300e+01  6.1806e-03
4.7400e+01  6.1511e-03
4.7500e+01  6.1218e-03
4.7600e+01  6.0927e-03
4.7700e+01  6.0638e-03
4.7800e+01  6.0352e-03
4.7900e+01  6.0068e-03
4.8000e+01  5.9786e-03
4.8100e+01  5.9506e-03
4.8200e+01  5.9228e-03
4.8300e+01  5.8952e-03
4.8400e+01  5.8677e-03
4.8500e+01  5.8405e-03
4.8600e+01  5.8135e-03
4.8700e+01  5.7866e-03
4.8800e+01  5.7599e-03
4.8900e+01  5.7334e-03
4.9000e+01  5.7070e-03
4.9100e+01  5.6808e-03
4.9200e+01  5.6548e-03
4.9300e+01  5.6289e-03
4.9400e+01  5.6031e-03
4.9500e+01  5.5774e-03
4.9600e+01  5.5519e-03
4.9700e+01  5.5265e-03
4.9800e+01  5.5012e-03
4.9900e+01  5.4760e-03
5.0000e+01  5.4509e-03
5.0100e+01  5.4259e-03
5.0200e+01  5.4009e-03
5.0300e+01  5.3760e-03
5.0400e+01  5.3511e-03
5.0500e+01  5.3263e-03
5.0600e+01  5.3016e-03
5.0700e+01  5.2768e-03
5.0800e+01  5.2521e-03
5.0900e+01  5.2273e-03
5.1000e+01  5.2026e-03
5.1100e+01  5.1779e-03
5.1200e+01  5.1531e-03
5.1300e+01  5.1283e-03
5.1400e+01  5.1034e-03
5.1500e+01  5.0785e-03
5.1600e+01  5.0536e-03
5.1700e+01  5.0286e-03
5.1800e+01  5.0035e-03
5.1900e+01  4.9783e-03
5.2000e+01  4.9531e-03
5.2100e+01  4.9278e-03
5.2200e+01  4.9024e-03
5.2300e+01  4.8769e-03
5.2400e+01  4.8514e-03
5.2500e+01  4.8257e-03
5.2600e+01  4.8000e-03
5.2700e+01  4.7743e-03
5.2800e+01  4.7484e-03
5.2900e+01  4.7225e-03
5.3000e+01  4.6965e-03
5.3100e+01  4.6705e-03
5.3200e+01  4.6444e-03
5.3300e+01  4.6183e-03
5.3400e+01  4.5922e-03
5.3500e+01  4.5660e-03
5.3600e+01  4.5397e-03
5.3700e+01  4.5133e-03
5.3800e+01  4.4867e-03
5.3900e+01  4.4593e-03
5.4000e+01  4.4292e-03
5.4100e+01  4.3548e-03
