-4.5700e+01  3.5854e-05
-4.5600e+01  3.6008e-05
-4.5500e+01  3.6162e-05
-4.5400e+01  3.6318e-05
-4.5300e+01  3.6475e-05
-4.5200e+01  3.6632e-05
-4.5100e+01  3.6791e-05
-4.5000e+01  3.6951e-05
-4.4900e+01  3.7111e-05
-4.4800e+01  3.7273e-05
-4.4700e+01  3.7436e-05
-4.4600e+01  3.7600e-05
-4.4500e+01  3.7765e-05
-4.4400e+01  3.7931e-05
-4.4300e+01  3.8098e-05
-4.4200e+01  3.8267e-05
-4.4100e+01  3.8436e-05
-4.4000e+01  3.8607e-05
-4.3900e+01  3.8779e-05
-4.3800e+01  3.8951e-05
-4.3700e+01  3.9126e-05
-4.3600e+01  3.9301e-05
-4.3500e+01  3.9477e-05
-4.3400e+01  3.9655e-05
-4.3300e+01  3.9834e-05
-4.3200e+01  4.0014e-05
-4.3100e+01  4.0195e-05
-4.3000e+01  4.0378e-05
-4.2900e+01  4.0562e-05
-4.2800e+01  4.0747e-05
-4.2700e+01  4.0933e-05
-4.2600e+01  4.1121e-05
-4.2500e+01  4.1310e-05
-4.2400e+01  4.1500e-05
-4.2300e+01  4.1691e-05
-4.2200e+01  4.1884e-05
-4.2100e+01  4.2079e-05
-4.2000e+01  4.2274e-05
-4.1900e+01  4.2471e-05
-4.1800e+01  4.2670e-05
-4.1700e+01  4.2869e-05
-4.1600e+01  4.3071e-05
-4.1500e+01  4.3273e-05
-4.1400e+01  4.3477e-05
-4.1300e+01  4.3683e-05
-4.1200e+01  4.3890e-05
-4.1100e+01  4.4099e-05
-4.1000e+01  4.4309e-05
-4.0900e+01  4.4520e-05
-4.0800e+01  4.4733e-05
-4.0700e+01  4.4948e-05
-4.0600e+01  4.5164e-05
-4.0500e+01  4.5382e-05
-4.0400e+01  4.5601e-05
-4.0300e+01  4.5822e-05
-4.0200e+01  4.6045e-05
-4.0100e+01  4.6269e-05
-4.0000e+01  4.6495e-05
-3.9900e+01  4.6722e-05
-3.9800e+01  4.6951e-05
-3.9700e+01  4.7182e-05
-3.9600e+01  4.7415e-05
-3.9500e+01  4.7649e-05
-3.9400e+01  4.7885e-05
-3.9300e+01  4.8123e-05
-3.9200e+01  4.8363e-05
-3.9100e+01  4.8605e-05
-3.9000e+01  4.8848e-05
-3.8900e+01  4.9093e-05
-3.8800e+01  4.9340e-05
-3.8700e+01  4.9589e-05
-3.8600e+01  4.9840e-05
-3.8500e+01  5.0093e-05
-3.8400e+01  5.0347e-05
-3.8300e+01  5.0604e-05
-3.8200e+01  5.0863e-05
-3.8100e+01  5.1123e-05
-3.8000e+01  5.1386e-05
-3.7900e+01  5.1651e-05
-3.7800e+01  5.1917e-05
-3.7700e+01  5.2186e-05
-3.7600e+01  5.2457e-05
-3.7500e+01  5.2730e-05
-3.7400e+01  5.3006e-05
-3.7300e+01  5.3283e-05
-3.7200e+01  5.3563e-05
-3.7100e+01  5.3844e-05
-3.7000e+01  5.4129e-05
-3.6900e+01  5.4415e-05
-3.6800e+01  5.4704e-05
-3.6700e+01  5.4995e-05
-3.6600e+01  5.5288e-05
-3.6500e+01  5.5584e-05
-3.6400e+01  5.5882e-05
-3.6300e+01  5.6182e-05
-3.6200e+01  5.6485e-05
-3.6100e+01  5.6791e-05
-3.6000e+01  5.7099e-05
-3.5900e+01  5.7409e-05
-3.5800e+01  5.7722e-05
-3.5700e+01  5.8038e-05
-3.5600e+01  5.8356e-05
-3.5500e+01  5.8677e-05
-3.5400e+01  5.9001e-05
-3.5300e+01  5.9327e-05
-3.5200e+01  5.9656e-05
-3.5100e+01  5.9988e-05
-3.5000e+01  6.0323e-05
-3.4900e+01  6.0660e-05
-3.4800e+01  6.1000e-05
-3.4700e+01  6.1344e-05
-3.4600e+01  6.1690e-05
-3.4500e+01  6.2039e-05
-3.4400e+01  6.2391e-05
-3.4300e+01  6.2746e-05
-3.4200e+01  6.3104e-05
-3.4100e+01  6.3465e-05
-3.4000e+01  6.3830e-05
-3.3900e+01  6.4197e-05
-3.3800e+01  6.4568e-05
-3.3700e+01  6.4942e-05
-3.3600e+01  6.5320e-05
-3.3500e+01  6.5700e-05
-3.3400e+01  6.6084e-05
-3.3300e+01  6.6472e-05
-3.3200e+01  6.6863e-05
-3.3100e+01  6.7257e-05
-3.3000e+01  6.7655e-05
-3.2900e+01  6.8056e-05
-3.2800e+01  6.8462e-05
-3.2700e+01  6.8870e-05
-3.2600e+01  6.9283e-05
-3.2500e+01  6.9699e-05
-3.2400e+01  7.0119e-05
-3.2300e+01  7.0543e-05
-3.2200e+01  7.0971e-05
-3.2100e+01  7.1402e-05
-3.2000e+01  7.1838e-05
-3.1900e+01  7.2278e-05
-3.1800e+01  7.2721e-05
-3.1700e+01  7.3169e-05
-3.1600e+01  7.3621e-05
-3.1500e+01  7.4078e-05
-3.1400e+01  7.4538e-05
-3.1300e+01  7.5003e-05
-3.1200e+01  7.5473e-05
-3.1100e+01  7.5947e-05
-3.1000e+01  7.6425e-05
-3.0900e+01  7.6908e-05
-3.0800e+01  7.7395e-05
-3.0700e+01  7.7888e-05
-3.0600e+01  7.8385e-05
-3.0500e+01  7.8887e-05
-3.0400e+01  7.9393e-05
-3.0300e+01  7.9905e-05
-3.0200e+01  8.0422e-05
-3.0100e+01  8.0943e-05
-3.0000e+01  8.1470e-05
-2.9900e+01  8.2002e-05
-2.9800e+01  8.2540e-05
-2.9700e+01  8.3083e-05
-2.9600e+01  8.3631e-05
-2.9500e+01  8.4184e-05
-2.9400e+01  8.4744e-05
-2.9300e+01  8.5308e-05
-2.9200e+01  8.5879e-05
-2.9100e+01  8.6455e-05
-2.9000e+01  8.7038e-05
-2.8900e+01  8.7626e-05
-2.8800e+01  8.8220e-05
-2.8700e+01  8.8821e-05
-2.8600e+01  8.9427e-05
-2.8500e+01  9.0040e-05
-2.8400e+01  9.0659e-05
-2.8300e+01  9.1285e-05
-2.8200e+01  9.1918e-05
-2.8100e+01  9.2557e-05
-2.8000e+01  9.3202e-05
-2.7900e+01  9.3855e-05
-2.7800e+01  9.4514e-05
-2.7700e+01  9.5181e-05
-2.7600e+01  9.5855e-05
-2.7500e+01  9.6536e-05
-2.7400e+01  9.7224e-05
-2.7300e+01  9.7920e-05
-2.7200e+01  9.8623e-05
-2.7100e+01  9.9334e-05
-2.7000e+01  1.0005e-04
-2.6900e+01  1.0078e-04
-2.6800e+01  1.0152e-04
-2.6700e+01  1.0226e-04
-2.6600e+01  1.0301e-04
-2.6500e+01  1.0377e-04
-2.6400e+01  1.0454e-04
-2.6300e+01  1.0531e-04
-2.6200e+01  1.0610e-04
-2.6100e+01  1.0689e-04
-2.6000e+01  1.0770e-04
-2.5900e+01  1.0851e-04
-2.5800e+01  1.0933e-04
-2.5700e+01  1.1016e-04
-2.5600e+01  1.1101e-04
-2.5500e+01  1.1186e-04
-2.5400e+01  1.1272e-04
-2.5300e+01  1.1359e-04
-2.5200e+01  1.1447e-04
-2.5100e+01  1.1536e-04
-2.5000e+01  1.1627e-04
-2.4900e+01  1.1718e-04
-2.4800e+01  1.1810e-04
-2.4700e+01  1.1904e-04
-2.4600e+01  1.1999e-04
-2.4500e+01  1.2094e-04
-2.4400e+01  1.2191e-04
-2.4300e+01  1.2290e-04
-2.4200e+01  1.2389e-04
-2.4100e+01  1.2490e-04
-2.4000e+01  1.2592e-04
-2.3900e+01  1.2695e-04
-2.3800e+01  1.2799e-04
-2.3700e+01  1.2905e-04
-2.3600e+01  1.3012e-04
-2.3500e+01  1.3121e-04
-2.3400e+01  1.3231e-04
-2.3300e+01  1.3342e-04
-2.3200e+01  1.3455e-04
-2.3100e+01  1.3570e-04
-2.3000e+01  1.3686e-04
-2.2900e+01  1.3803e-04
-2.2800e+01  1.3923e-04
-2.2700e+01  1.4044e-04
-2.2600e+01  1.4166e-04
-2.2500e+01  1.4291e-04
-2.2400e+01  1.4417e-04
-2.2300e+01  1.4546e-04
-2.2200e+01  1.4676e-04
-2.2100e+01  1.4809e-04
-2.2000e+01  1.4945e-04
-2.1900e+01  1.5084e-04
-2.1800e+01  1.5226e-04
-2.1700e+01  1.5373e-04
-2.1600e+01  1.5527e-04
-2.1500e+01  1.5689e-04
-2.1400e+01  1.5865e-04
-2.1300e+01  1.6064e-04
-2.1200e+01  1.6307e-04
-2.1100e+01  1.6626e-04
-2.1000e+01  1.7026e-04
-2.0900e+01  1.7300e-04
-2.0800e+01  1.7267e-04
-2.0700e+01  1.7190e-04
-2.0600e+01  1.7202e-04
-2.0500e+01  1.7281e-04
-2.0400e+01  1.7397e-04
-2.0300e+01  1.7534e-04
-2.0200e+01  1.7684e-04
-2.0100e+01  1.7843e-04
-2.0000e+01  1.8008e-04
-1.9900e+01  1.8178e-04
-1.9800e+01  1.8352e-04
-1.9700e+01  1.8531e-04
-1.9600e+01  1.8712e-04
-1.9500e+01  1.8898e-04
-1.9400e+01  1.9086e-04
-1.9300e+01  1.9278e-04
-1.9200e+01  1.9474e-04
-1.9100e+01  1.9672e-04
-1.9000e+01  1.9874e-04
-1.8900e+01  2.0079e-04
-1.8800e+01  2.0288e-04
-1.8700e+01  2.0500e-04
-1.8600e+01  2.0715e-04
-1.8500e+01  2.0934e-04
-1.8400e+01  2.1156e-04
-1.8300e+01  2.1383e-04
-1.8200e+01  2.1613e-04
-1.8100e+01  2.1847e-04
-1.8000e+01  2.2084e-04
-1.7900e+01  2.2326e-04
-1.7800e+01  2.2572e-04
-1.7700e+01  2.2822e-04
-1.7600e+01  2.3076e-04
-1.7500e+01  2.3334e-04
-1.7400e+01  2.3597e-04
-1.7300e+01  2.3865e-04
-1.7200e+01  2.4137e-04
-1.7100e+01  2.4414e-04
-1.7000e+01  2.4696e-04
-1.6900e+01  2.4982e-04
-1.6800e+01  2.5274e-04
-1.6700e+01  2.5571e-04
-1.6600e+01  2.5874e-04
-1.6500e+01  2.6181e-04
-1.6400e+01  2.6495e-04
-1.6300e+01  2.6814e-04
-1.6200e+01  2.7139e-04
-1.6100e+01  2.7470e-04
-1.6000e+01  2.7808e-04
-1.5900e+01  2.8151e-04
-1.5800e+01  2.8501e-04
-1.5700e+01  2.8858e-04
-1.5600e+01  2.9222e-04
-1.5500e+01  2.9592e-04
-1.5400e+01  2.9970e-04
-1.5300e+01  3.0355e-04
-1.5200e+01  3.0748e-04
-1.5100e+01  3.1148e-04
-1.5000e+01  3.1557e-04
-1.4900e+01  3.1974e-04
-1.4800e+01  3.2399e-04
-1.4700e+01  3.2832e-04
-1.4600e+01  3.3275e-04
-1.4500e+01  3.3727e-04
-1.4400e+01  3.4188e-04
-1.4300e+01  3.4659e-04
-1.4200e+01  3.5139e-04
-1.4100e+01  3.5630e-04
-1.4000e+01  3.6132e-04
-1.3900e+01  3.6644e-04
-1.3800e+01  3.7167e-04
-1.3700e+01  3.7702e-04
-1.3600e+01  3.8248e-04
-1.3500e+01  3.8807e-04
-1.3400e+01  3.9378e-04
-1.3300e+01  3.9962e-04
-1.3200e+01  4.0559e-04
-1.3100e+01  4.1170e-04
-1.3000e+01  4.1795e-04
-1.2900e+01  4.2434e-04
-1.2800e+01  4.3088e-04
-1.2700e+01  4.3758e-04
-1.2600e+01  4.4444e-04
-1.2500e+01  4.5146e-04
-1.2400e+01  4.5865e-04
-1.2300e+01  4.6602e-04
-1.2200e+01  4.7357e-04
-1.2100e+01  4.8131e-04
-1.2000e+01  4.8924e-04
-1.1900e+01  4.9737e-04
-1.1800e+01  5.0570e-04
-1.1700e+01  5.1425e-04
-1.1600e+01  5.2303e-04
-1.1500e+01  5.3203e-04
-1.1400e+01  5.4127e-04
-1.1300e+01  5.5075e-04
-1.1200e+01  5.6049e-04
-1.1100e+01  5.7049e-04
-1.1000e+01  5.8077e-04
-1.0900e+01  5.9133e-04
-1.0800e+01  6.0219e-04
-1.0700e+01  6.1335e-04
-1.0600e+01  6.2483e-04
-1.0500e+01  6.3663e-04
-1.0400e+01  6.4878e-04
-1.0300e+01  6.6129e-04
-1.0200e+01  6.7416e-04
-1.0100e+01  6.8742e-04
-1.0000e+01  7.0108e-04
-9.9000e+00  7.1515e-04
-9.8000e+00  7.2966e-04
-9.7000e+00  7.4462e-04
-9.6000e+00  7.6005e-04
-9.5000e+00  7.7598e-04
-9.4000e+00  7.9241e-04
-9.3000e+00  8.0938e-04
-9.2000e+00  8.2690e-04
-9.1000e+00  8.4501e-04
-9.0000e+00  8.6373e-04
-8.9000e+00  8.8308e-04
-8.8000e+00  9.0310e-04
-8.7000e+00  9.2382e-04
-8.6000e+00  9.4527e-04
-8.5000e+00  9.6748e-04
-8.4000e+00  9.9049e-04
-8.3000e+00  1.0143e-03
-8.2000e+00  1.0391e-03
-8.1000e+00  1.0647e-03
-8.0000e+00  1.0914e-03
-7.9000e+00  1.1191e-03
-7.8000e+00  1.1478e-03
-7.7000e+00  1.1777e-03
-7.6000e+00  1.2087e-03
-7.5000e+00  1.2411e-03
-7.4000e+00  1.2747e-03
-7.3000e+00  1.3098e-03
-7.2000e+00  1.3464e-03
-7.1000e+00  1.3845e-03
-7.0000e+00  1.4243e-03
-6.9000e+00  1.4658e-03
-6.8000e+00  1.5092e-03
-6.7000e+00  1.5546e-03
-6.6000e+00  1.6021e-03
-6.5000e+00  1.6519e-03
-6.4000e+00  1.7040e-03
-6.3000e+00  1.7586e-03
-6.2000e+00  1.8160e-03
-6.1000e+00  1.8762e-03
-6.0000e+00  1.9395e-03
-5.9000e+00  2.0061e-03
-5.8000e+00  2.0763e-03
-5.7000e+00  2.1502e-03
-5.6000e+00  2.2282e-03
-5.5000e+00  2.3106e-03
-5.4000e+00  2.3976e-03
-5.3000e+00  2.4898e-03
-5.2000e+00  2.5874e-03
-5.1000e+00  2.6909e-03
-5.0000e+00  2.8008e-03
-4.9000e+00  2.9177e-03
-4.8000e+00  3.0421e-03
-4.7000e+00  3.1748e-03
-4.6000e+00  3.3164e-03
-4.5000e+00  3.4678e-03
-4.4000e+00  3.6300e-03
-4.3000e+00  3.8039e-03
-4.2000e+00  3.9907e-03
-4.1000e+00  4.1918e-03
-4.0000e+00  4.4087e-03
-3.9000e+00  4.6430e-03
-3.8000e+00  4.8967e-03
-3.7000e+00  5.1720e-03
-3.6000e+00  5.4715e-03
-3.5000e+00  5.7980e-03
-3.4000e+00  6.1550e-03
-3.3000e+00  6.5464e-03
-3.2000e+00  6.9767e-03
-3.1000e+00  7.4514e-03
-3.0000e+00  7.9769e-03
-2.9000e+00  8.5606e-03
-2.8000e+00  9.2116e-03
-2.7000e+00  9.9407e-03
-2.6000e+00  1.0761e-02
-2.5000e+00  1.1689e-02
-2.4000e+00  1.2744e-02
-2.3000e+00  1.3950e-02
-2.2000e+00  1.5339e-02
-2.1000e+00  1.6950e-02
-2.0000e+00  1.8834e-02
-1.9000e+00  2.1055e-02
-1.8000e+00  2.3703e-02
-1.7000e+00  2.6896e-02
-1.6000e+00  3.0797e-02
-1.5000e+00  3.5637e-02
-1.4000e+00  4.1752e-02
-1.3000e+00  4.9646e-02
-1.2000e+00  6.0101e-02
-1.1000e+00  7.4394e-02
-1.0000e+00  9.4709e-02
-9.0000e-01  1.2500e-01
-8.0000e-01  1.7280e-01
-7.0000e-01  2.5236e-01
-6.0000e-01  3.8344e-01
-5.0000e-01  5.5026e-01
-4.0000e-01  6.6407e-01
-3.0000e-01  7.0730e-01
-2.0000e-01  7.4675e-01
-1.0000e-01  8.7250e-01
0.0000e+00  1.0000e+00
1.0000e-01  9.9046e-01
2.0000e-01  8.1108e-01
3.0000e-01  5.6592e-01
4.0000e-01  3.6573e-01
5.0000e-01  2.4224e-01
6.0000e-01  1.6952e-01
7.0000e-01  1.2477e-01
8.0000e-01  9.5624e-02
9.0000e-01  7.5652e-02
1.0000e+00  6.1386e-02
1.1000e+00  5.0840e-02
1.2000e+00  4.2822e-02
1.3000e+00  3.6581e-02
1.4000e+00  3.1626e-02
1.5000e+00  2.7625e-02
1.6000e+00  2.4348e-02
1.7000e+00  2.1628e-02
1.8000e+00  1.9346e-02
1.9000e+00  1.7412e-02
2.0000e+00  1.5759e-02
2.1000e+00  1.4335e-02
2.2000e+00  1.3099e-02
2.3000e+00  1.2020e-02
2.4000e+00  1.1071e-02
2.5000e+00  1.0234e-02
2.6000e+00  9.4909e-03
2.7000e+00  8.8285e-03
2.8000e+00  8.2356e-03
2.9000e+00  7.7029e-03
3.0000e+00  7.2225e-03
3.1000e+00  6.7880e-03
3.2000e+00  6.3938e-03
3.3000e+00  6.0352e-03
3.4000e+00  5.7081e-03
3.5000e+00  5.4090e-03
3.6000e+00  5.1349e-03
3.7000e+00  4.8833e-03
3.8000e+00  4.6519e-03
3.9000e+00  4.4387e-03
4.0000e+00  4.2419e-03
4.1000e+00  4.0601e-03
4.2000e+00  3.8920e-03
4.3000e+00  3.7363e-03
4.4000e+00  3.5920e-03
4.5000e+00  3.4581e-03
4.6000e+00  3.3340e-03
4.7000e+00  3.2187e-03
4.8000e+00  3.1118e-03
4.9000e+00  3.0126e-03
5.0000e+00  2.9206e-03
5.1000e+00  2.8353e-03
5.2000e+00  2.7564e-03
5.3000e+00  2.6836e-03
5.4000e+00  2.6164e-03
5.5000e+00  2.5547e-03
5.6000e+00  2.4983e-03
5.7000e+00  2.4469e-03
5.8000e+00  2.4003e-03
5.9000e+00  2.3586e-03
6.0000e+00  2.3216e-03
6.1000e+00  2.2892e-03
6.2000e+00  2.2614e-03
6.3000e+00  2.2383e-03
6.4000e+00  2.2200e-03
6.5000e+00  2.2065e-03
6.6000e+00  2.1980e-03
6.7000e+00  2.1948e-03
6.8000e+00  2.1970e-03
6.9000e+00  2.2051e-03
7.0000e+00  2.2194e-03
7.1000e+00  2.2406e-03
7.2000e+00  2.2693e-03
7.3000e+00  2.3062e-03
7.4000e+00  2.3523e-03
7.5000e+00  2.4088e-03
7.6000e+00  2.4773e-03
7.7000e+00  2.5595e-03
7.8000e+00  2.6577e-03
7.9000e+00  2.7749e-03
8.0000e+00  2.9150e-03
8.1000e+00  3.0827e-03
8.2000e+00  3.2850e-03
8.3000e+00  3.5310e-03
8.4000e+00  3.8340e-03
8.5000e+00  4.2139e-03
8.6000e+00  4.7025e-03
8.7000e+00  5.3530e-03
8.8000e+00  6.2581e-03
8.9000e+00  7.5530e-03
9.0000e+00  9.2605e-03
9.1000e+00  1.1085e-02
9.2000e+00  1.2953e-02
9.3000e+00  1.5043e-02
9.4000e+00  1.7899e-02
9.5000e+00  2.3042e-02
9.6000e+00  3.2397e-02
9.7000e+00  4.7714e-02
9.8000e+00  6.5462e-02
9.9000e+00  7.6091e-02
1.0000e+01  7.9419e-02
1.0100e+01  8.6202e-02
1.0200e+01  9.5840e-02
1.0300e+01  9.3217e-02
1.0400e+01  7.7836e-02
1.0500e+01  6.4100e-02
1.0600e+01  6.3546e-02
1.0700e+01  7.7893e-02
1.0800e+01  1.0075e-01
1.0900e+01  1.0637e-01
1.1000e+01  8.1527e-02
1.1100e+01  5.3050e-02
1.1200e+01  3.4456e-02
1.1300e+01  2.3650e-02
1.1400e+01  1.7205e-02
1.1500e+01  1.3129e-02
1.1600e+01  1.0400e-02
1.1700e+01  8.4840e-03
1.1800e+01  7.0848e-03
1.1900e+01  6.0297e-03
1.2000e+01  5.2126e-03
1.2100e+01  4.5655e-03
1.2200e+01  4.0434e-03
1.2300e+01  3.6153e-03
1.2400e+01  3.2593e-03
1.2500e+01  2.9596e-03
1.2600e+01  2.7047e-03
1.2700e+01  2.4858e-03
1.2800e+01  2.2962e-03
1.2900e+01  2.1308e-03
1.3000e+01  1.9854e-03
1.3100e+01  1.8568e-03
1.3200e+01  1.7425e-03
1.3300e+01  1.6403e-03
1.3400e+01  1.5486e-03
1.3500e+01  1.4658e-03
1.3600e+01  1.3908e-03
1.3700e+01  1.3226e-03
1.3800e+01  1.2604e-03
1.3900e+01  1.2035e-03
1.4000e+01  1.1512e-03
1.4100e+01  1.1031e-03
1.4200e+01  1.0587e-03
1.4300e+01  1.0175e-03
1.4400e+01  9.7936e-04
1.4500e+01  9.4388e-04
1.4600e+01  9.1081e-04
1.4700e+01  8.7995e-04
1.4800e+01  8.5107e-04
1.4900e+01  8.2402e-04
1.5000e+01  7.9863e-04
1.5100e+01  7.7477e-04
1.5200e+01  7.5230e-04
1.5300e+01  7.3113e-04
1.5400e+01  7.1114e-04
1.5500e+01  6.9224e-04
1.5600e+01  6.7437e-04
1.5700e+01  6.5743e-04
1.5800e+01  6.4138e-04
1.5900e+01  6.2614e-04
1.6000e+01  6.1166e-04
1.6100e+01  5.9789e-04
1.6200e+01  5.8479e-04
1.6300e+01  5.7232e-04
1.6400e+01  5.6043e-04
1.6500e+01  5.4909e-04
1.6600e+01  5.3827e-04
1.6700e+01  5.2795e-04
1.6800e+01  5.1809e-04
1.6900e+01  5.0866e-04
1.7000e+01  4.9966e-04
1.7100e+01  4.9104e-04
1.7200e+01  4.8281e-04
1.7300e+01  4.7493e-04
1.7400e+01  4.6740e-04
1.7500e+01  4.6019e-04
1.7600e+01  4.5329e-04
1.7700e+01  4.4669e-04
1.7800e+01  4.4038e-04
1.7900e+01  4.3434e-04
1.8000e+01  4.2857e-04
1.8100e+01  4.2306e-04
1.8200e+01  4.1780e-04
1.8300e+01  4.1277e-04
1.8400e+01  4.0798e-04
1.8500e+01  4.0342e-04
1.8600e+01  3.9907e-04
1.8700e+01  3.9494e-04
1.8800e+01  3.9103e-04
1.8900e+01  3.8731e-04
1.9000e+01  3.8380e-04
1.9100e+01  3.8049e-04
1.9200e+01  3.7738e-04
1.9300e+01  3.7446e-04
1.9400e+01  3.7174e-04
1.9500e+01  3.6920e-04
1.9600e+01  3.6686e-04
1.9700e+01  3.6471e-04
1.9800e+01  3.6275e-04
1.9900e+01  3.6099e-04
2.0000e+01  3.5941e-04
2.0100e+01  3.5804e-04
2.0200e+01  3.5686e-04
2.0300e+01  3.5588e-04
2.0400e+01  3.5512e-04
2.0500e+01  3.5456e-04
2.0600e+01  3.5422e-04
2.0700e+01  3.5410e-04
2.0800e+01  3.5421e-04
2.0900e+01  3.5456e-04
2.1000e+01  3.5517e-04
2.1100e+01  3.5603e-04
2.1200e+01  3.5716e-04
2.1300e+01  3.5857e-04
2.1400e+01  3.6029e-04
2.1500e+01  3.6233e-04
2.1600e+01  3.6470e-04
2.1700e+01  3.6743e-04
2.1800e+01  3.7055e-04
2.1900e+01  3.7408e-04
2.2000e+01  3.7806e-04
2.2100e+01  3.8252e-04
2.2200e+01  3.8751e-04
2.2300e+01  3.9308e-04
2.2400e+01  3.9927e-04
2.2500e+01  4.0617e-04
2.2600e+01  4.1384e-04
2.2700e+01  4.2238e-04
2.2800e+01  4.3189e-04
2.2900e+01  4.4252e-04
2.3000e+01  4.5442e-04
2.3100e+01  4.6779e-04
2.3200e+01  4.8287e-04
2.3300e+01  4.9998e-04
2.3400e+01  5.1951e-04
2.3500e+01  5.4200e-04
2.3600e+01  5.6815e-04
2.3700e+01  5.9895e-04
2.3800e+01  6.3576e-04
2.3900e+01  6.8061e-04
2.4000e+01  7.3658e-04
2.4100e+01  8.0859e-04
2.4200e+01  9.0482e-04
2.4300e+01  1.0398e-03
2.4400e+01  1.2408e-03
2.4500e+01  1.5602e-03
2.4600e+01  2.0880e-03
2.4700e+01  2.8852e-03
2.4800e+01  3.7266e-03
2.4900e+01  4.1207e-03
2.5000e+01  3.8387e-03
2.5100e+01  3.2006e-03
2.5200e+01  2.7119e-03
2.5300e+01  2.5959e-03
2.5400e+01  2.8484e-03
2.5500e+01  3.3566e-03
2.5600e+01  3.8287e-03
2.5700e+01  4.0959e-03
2.5800e+01  4.3027e-03
2.5900e+01  4.5864e-03
2.6000e+01  4.9604e-03
2.6100e+01  5.4680e-03
2.6200e+01  6.1681e-03
2.6300e+01  7.1439e-03
2.6400e+01  8.2472e-03
2.6500e+01  8.8018e-03
2.6600e+01  8.5277e-03
2.6700e+01  8.0689e-03
2.6800e+01  8.3780e-03
2.6900e+01  9.9931e-03
2.7000e+01  1.2980e-02
2.7100e+01  1.6471e-02
2.7200e+01  1.9504e-02
2.7300e+01  2.2386e-02
2.7400e+01  2.6492e-02
2.7500e+01  3.2044e-02
2.7600e+01  3.7283e-02
2.7700e+01  4.0290e-02
2.7800e+01  4.0002e-02
2.7900e+01  3.6924e-02
2.8000e+01  3.2961e-02
2.8100e+01  2.9767e-02
2.8200e+01  2.7823e-02
2.8300e+01  2.6988e-02
2.8400e+01  2.7856e-02
2.8500e+01  3.1136e-02
2.8600e+01  3.5512e-02
2.8700e+01  3.6194e-02
2.8800e+01  3.0604e-02
2.8900e+01  2.1920e-02
2.9000e+01  1.4627e-02
2.9100e+01  9.9475e-03
2.9200e+01  7.1302e-03
2.9300e+01  5.3812e-03
2.9400e+01  4.2325e-03
2.9500e+01  3.4372e-03
2.9600e+01  2.8618e-03
2.9700e+01  2.4304e-03
2.9800e+01  2.0976e-03
2.9900e+01  1.8346e-03
3.0000e+01  1.6225e-03
3.0100e+01  1.4486e-03
3.0200e+01  1.3040e-03
3.0300e+01  1.1822e-03
3.0400e+01  1.0786e-03
3.0500e+01  9.8947e-04
3.0600e+01  9.1224e-04
3.0700e+01  8.4479e-04
3.0800e+01  7.8549e-04
3.0900e+01  7.3302e-04
3.1000e+01  6.8635e-04
3.1100e+01  6.4461e-04
3.1200e+01  6.0712e-04
3.1300e+01  5.7330e-04
3.1400e+01  5.4266e-04
3.1500e+01  5.1481e-04
3.1600e+01  4.8941e-04
3.1700e+01  4.6616e-04
3.1800e+01  4.4482e-04
3.1900e+01  4.2518e-04
3.2000e+01  4.0705e-04
3.2100e+01  3.9029e-04
3.2200e+01  3.7474e-04
3.2300e+01  3.6029e-04
3.2400e+01  3.4684e-04
3.2500e+01  3.3429e-04
3.2600e+01  3.2255e-04
3.2700e+01  3.1156e-04
3.2800e+01  3.0125e-04
3.2900e+01  2.9157e-04
3.3000e+01  2.8245e-04
3.3100e+01  2.7386e-04
3.3200e+01  2.6576e-04
3.3300e+01  2.5810e-04
3.3400e+01  2.5085e-04
3.3500e+01  2.4398e-04
3.3600e+01  2.3746e-04
3.3700e+01  2.3127e-04
3.3800e+01  2.2539e-04
3.3900e+01  2.1979e-04
3.4000e+01  2.1446e-04
3.4100e+01  2.0937e-04
3.4200e+01  2.0451e-04
3.4300e+01  1.9987e-04
3.4400e+01  1.9544e-04
3.4500e+01  1.9119e-04
3.4600e+01  1.8712e-04
3.4700e+01  1.8322e-04
3.4800e+01  1.7948e-04
3.4900e+01  1.7588e-04
3.5000e+01  1.7243e-04
3.5100e+01  1.6911e-04
3.5200e+01  1.6591e-04
3.5300e+01  1.6283e-04
3.5400e+01  1.5987e-04
3.5500e+01  1.5701e-04
3.5600e+01  1.5425e-04
3.5700e+01  1.5159e-04
3.5800e+01  1.4902e-04
3.5900e+01  1.4654e-04
3.6000e+01  1.4413e-04
3.6100e+01  1.4181e-04
3.6200e+01  1.3956e-04
3.6300e+01  1.3738e-04
3.6400e+01  1.3527e-04
3.6500e+01  1.3322e-04
3.6600e+01  1.3123e-04
3.6700e+01  1.2931e-04
3.6800e+01  1.2744e-04
3.6900e+01  1.2562e-04
3.7000e+01  1.2386e-04
3.7100e+01  1.2214e-04
3.7200e+01  1.2047e-04
3.7300e+01  1.1885e-04
3.7400e+01  1.1727e-04
3.7500e+01  1.1574e-04
3.7600e+01  1.1424e-04
3.7700e+01  1.1278e-04
3.7800e+01  1.1136e-04
3.7900e+01  1.0997e-04
3.8000e+01  1.0862e-04
3.8100e+01  1.0731e-04
3.8200e+01  1.0602e-04
3.8300e+01  1.0476e-04
3.8400e+01  1.0354e-04
3.8500e+01  1.0234e-04
3.8600e+01  1.0117e-04
3.8700e+01  1.0003e-04
3.8800e+01  9.8909e-05
3.8900e+01  9.7817e-05
3.9000e+01  9.6748e-05
3.9100e+01  9.5702e-05
3.9200e+01  9.4678e-05
3.9300e+01  9.3676e-05
3.9400e+01  9.2695e-05
3.9500e+01  9.1735e-05
3.9600e+01  9.0793e-05
3.9700e+01  8.9871e-05
3.9800e+01  8.8968e-05
3.9900e+01  8.8082e-05
4.0000e+01  8.7213e-05
4.0100e+01  8.6362e-05
4.0200e+01  8.5526e-05
4.0300e+01  8.4706e-05
4.0400e+01  8.3902e-05
4.0500e+01  8.3113e-05
4.0600e+01  8.2338e-05
4.0700e+01  8.1577e-05
4.0800e+01  8.0830e-05
4.0900e+01  8.0096e-05
4.1000e+01  7.9375e-05
4.1100e+01  7.8666e-05
4.1200e+01  7.7970e-05
4.1300e+01  7.7286e-05
4.1400e+01  7.6613e-05
4.1500e+01  7.5952e-05
4.1600e+01  7.5301e-05
4.1700e+01  7.4662e-05
4.1800e+01  7.4032e-05
4.1900e+01  7.3413e-05
4.2000e+01  7.2804e-05
4.2100e+01  7.2204e-05
4.2200e+01  7.1614e-05
4.2300e+01  7.1033e-05
4.2400e+01  7.0461e-05
4.2500e+01  6.9898e-05
4.2600e+01  6.9343e-05
4.2700e+01  6.8797e-05
4.2800e+01  6.8258e-05
4.2900e+01  6.7728e-05
4.3000e+01  6.7206e-05
4.3100e+01  6.6691e-05
4.3200e+01  6.6183e-05
4.3300e+01  6.5683e-05
4.3400e+01  6.5190e-05
4.3500e+01  6.4704e-05
4.3600e+01  6.4224e-05
4.3700e+01  6.3752e-05
4.3800e+01  6.3285e-05
4.3900e+01  6.2825e-05
4.4000e+01  6.2372e-05
4.4100e+01  6.1924e-05
4.4200e+01  6.1482e-05
4.4300e+01  6.1046e-05
4.4400e+01  6.0616e-05
4.4500e+01  6.0192e-05
4.4600e+01  5.9773e-05
4.4700e+01  5.9359e-05
4.4800e+01  5.8951e-05
4.4900e+01  5.8548e-05
4.5000e+01  5.8149e-05
4.5100e+01  5.7756e-05
4.5200e+01  5.7368e-05
4.5300e+01  5.6984e-05
4.5400e+01  5.6605e-05
4.5500e+01  5.6231e-05
4.5600e+01  5.5861e-05
4.5700e+01  5.5496e-05
4.5800e+01  5.5135e-05
4.5900e+01  5.4778e-05
4.6000e+01  5.4425e-05
4.6100e+01  5.4077e-05
4.6200e+01  5.3732e-05
4.6300e+01  5.3392e-05
4.6400e+01  5.3055e-05
4.6500e+01  5.2722e-05
4.6600e+01  5.2393e-05
4.6700e+01  5.2068e-05
4.6800e+01  5.1746e-05
4.6900e+01  5.1428e-05
4.7000e+01  5.1113e-05
4.7100e+01  5.0802e-05
4.7200e+01  5.0494e-05
4.7300e+01  5.0190e-05
4.7400e+01  4.9888e-05
4.7500e+01  4.9590e-05
4.7600e+01  4.9295e-05
4.7700e+01  4.9003e-05
4.7800e+01  4.8715e-05
4.7900e+01  4.8429e-05
4.8000e+01  4.8146e-05
4.8100e+01  4.7866e-05
4.8200e+01  4.7589e-05
4.8300e+01  4.7315e-05
4.8400e+01  4.7044e-05
4.8500e+01  4.6775e-05
4.8600e+01  4.6509e-05
4.8700e+01  4.6246e-05
4.8800e+01  4.5985e-05
4.8900e+01  4.5727e-05
4.9000e+01  4.5471e-05
4.9100e+01  4.5218e-05
4.9200e+01  4.4967e-05
4.9300e+01  4.4719e-05
4.9400e+01  4.4473e-05
4.9500e+01  4.4229e-05
4.9600e+01  4.3988e-05
4.9700e+01  4.3749e-05
4.9800e+01  4.3513e-05
4.9900e+01  4.3278e-05
5.0000e+01  4.3046e-05
5.0100e+01  4.2816e-05
5.0200e+01  4.2588e-05
5.0300e+01  4.2362e-05
5.0400e+01  4.2138e-05
5.0500e+01  4.1916e-05
5.0600e+01  4.1696e-05
5.0700e+01  4.1478e-05
5.0800e+01  4.1262e-05
5.0900e+01  4.1048e-05
5.1000e+01  4.0836e-05
5.1100e+01  4.0626e-05
5.1200e+01  4.0418e-05
5.1300e+01  4.0211e-05
5.1400e+01  4.0007e-05
5.1500e+01  3.9804e-05
5.1600e+01  3.9602e-05
5.1700e+01  3.9403e-05
5.1800e+01  3.9205e-05
5.1900e+01  3.9009e-05
5.2000e+01  3.8815e-05
5.2100e+01  3.8622e-05
5.2200e+01  3.8431e-05
5.2300e+01  3.8241e-05
5.2400e+01  3.8053e-05
5.2500e+01  3.7867e-05
5.2600e+01  3.7682e-05
5.2700e+01  3.7498e-05
5.2800e+01  3.7317e-05
5.2900e+01  3.7136e-05
5.3000e+01  3.6957e-05
5.3100e+01  3.6780e-05
5.3200e+01  3.6604e-05
5.3300e+01  3.6429e-05
5.3400e+01  3.6256e-05
5.3500e+01  3.6084e-05
5.3600e+01  3.5914e-05
5.3700e+01  3.5745e-05
5.3800e+01  3.5577e-05
5.3900e+01  3.5410e-05
5.4000e+01  3.5245e-05
5.4100e+01  3.5081e-05
5.4200e+01  3.4919e-05
