-4.5600e+01  3.4391e-05
-4.5500e+01  3.9443e-05
-4.5400e+01  4.4231e-05
-4.5300e+01  4.8601e-05
-4.5200e+01  5.2444e-05
-4.5100e+01  5.5705e-05
-4.5000e+01  5.8382e-05
-4.4900e+01  6.0513e-05
-4.4800e+01  6.2168e-05
-4.4700e+01  6.3429e-05
-4.4600e+01  6.4384e-05
-4.4500e+01  6.5111e-05
-4.4400e+01  6.5678e-05
-4.4300e+01  6.6137e-05
-4.4200e+01  6.6528e-05
-4.4100e+01  6.6878e-05
-4.4000e+01  6.7204e-05
-4.3900e+01  6.7518e-05
-4.3800e+01  6.7826e-05
-4.3700e+01  6.8132e-05
-4.3600e+01  6.8438e-05
-4.3500e+01  6.8746e-05
-4.3400e+01  6.9055e-05
-4.3300e+01  6.9366e-05
-4.3200e+01  6.9679e-05
-4.3100e+01  6.9994e-05
-4.3000e+01  7.0311e-05
-4.2900e+01  7.0631e-05
-4.2800e+01  7.0953e-05
-4.2700e+01  7.1276e-05
-4.2600e+01  7.1603e-05
-4.2500e+01  7.1931e-05
-4.2400e+01  7.2262e-05
-4.2300e+01  7.2595e-05
-4.2200e+01  7.2930e-05
-4.2100e+01  7.3267e-05
-4.2000e+01  7.3607e-05
-4.1900e+01  7.3950e-05
-4.1800e+01  7.4295e-05
-4.1700e+01  7.4642e-05
-4.1600e+01  7.4992e-05
-4.1500e+01  7.5344e-05
-4.1400e+01  7.5698e-05
-4.1300e+01  7.6056e-05
-4.1200e+01  7.6415e-05
-4.1100e+01  7.6778e-05
-4.1000e+01  7.7143e-05
-4.0900e+01  7.7510e-05
-4.0800e+01  7.7880e-05
-4.0700e+01  7.8253e-05
-4.0600e+01  7.8629e-05
-4.0500e+01  7.9007e-05
-4.0400e+01  7.9388e-05
-4.0300e+01  7.9772e-05
-4.0200e+01  8.0159e-05
-4.0100e+01  8.0548e-05
-4.0000e+01  8.0941e-05
-3.9900e+01  8.1336e-05
-3.9800e+01  8.1734e-05
-3.9700e+01  8.2135e-05
-3.9600e+01  8.2539e-05
-3.9500e+01  8.2947e-05
-3.9400e+01  8.3357e-05
-3.9300e+01  8.3770e-05
-3.9200e+01  8.4186e-05
-3.9100e+01  8.4606e-05
-3.9000e+01  8.5029e-05
-3.8900e+01  8.5455e-05
-3.8800e+01  8.5884e-05
-3.8700e+01  8.6316e-05
-3.8600e+01  8.6752e-05
-3.8500e+01  8.7191e-05
-3.8400e+01  8.7633e-05
-3.8300e+01  8.8079e-05
-3.8200e+01  8.8528e-05
-3.8100e+01  8.8981e-05
-3.8000e+01  8.9437e-05
-3.7900e+01  8.9897e-05
-3.7800e+01  9.0360e-05
-3.7700e+01  9.0827e-05
-3.7600e+01  9.1298e-05
-3.7500e+01  9.1772e-05
-3.7400e+01  9.2250e-05
-3.7300e+01  9.2732e-05
-3.7200e+01  9.3217e-05
-3.7100e+01  9.3707e-05
-3.7000e+01  9.4200e-05
-3.6900e+01  9.4698e-05
-3.6800e+01  9.5199e-05
-3.6700e+01  9.5704e-05
-3.6600e+01  9.6214e-05
-3.6500e+01  9.6727e-05
-3.6400e+01  9.7245e-05
-3.6300e+01  9.7767e-05
-3.6200e+01  9.8293e-05
-3.6100e+01  9.8823e-05
-3.6000e+01  9.9358e-05
-3.5900e+01  9.9897e-05
-3.5800e+01  1.0044e-04
-3.5700e+01  1.0099e-04
-3.5600e+01  1.0154e-04
-3.5500e+01  1.0210e-04
-3.5400e+01  1.0266e-04
-3.5300e+01  1.0323e-04
-3.5200e+01  1.0380e-04
-3.5100e+01  1.0437e-04
-3.5000e+01  1.0495e-04
-3.4900e+01  1.0554e-04
-3.4800e+01  1.0613e-04
-3.4700e+01  1.0673e-04
-3.4600e+01  1.0733e-04
-3.4500e+01  1.0793e-04
-3.4400e+01  1.0854e-04
-3.4300e+01  1.0916e-04
-3.4200e+01  1.0978e-04
-3.4100e+01  1.1041e-04
-3.4000e+01  1.1104e-04
-3.3900e+01  1.1168e-04
-3.3800e+01  1.1232e-04
-3.3700e+01  1.1297e-04
-3.3600e+01  1.1363e-04
-3.3500e+01  1.1429e-04
-3.3400e+01  1.1496e-04
-3.3300e+01  1.1563e-04
-3.3200e+01  1.1631e-04
-3.3100e+01  1.1699e-04
-3.3000e+01  1.1768e-04
-3.2900e+01  1.1838e-04
-3.2800e+01  1.1908e-04
-3.2700e+01  1.1979e-04
-3.2600e+01  1.2051e-04
-3.2500e+01  1.2123e-04
-3.2400e+01  1.2196e-04
-3.2300e+01  1.2269e-04
-3.2200e+01  1.2343e-04
-3.2100e+01  1.2418e-04
-3.2000e+01  1.2494e-04
-3.1900e+01  1.2570e-04
-3.1800e+01  1.2647e-04
-3.1700e+01  1.2725e-04
-3.1600e+01  1.2803e-04
-3.1500e+01  1.2883e-04
-3.1400e+01  1.2962e-04
-3.1300e+01  1.3043e-04
-3.1200e+01  1.3125e-04
-3.1100e+01  1.3207e-04
-3.1000e+01  1.3290e-04
-3.0900e+01  1.3373e-04
-3.0800e+01  1.3458e-04
-3.0700e+01  1.3543e-04
-3.0600e+01  1.3630e-04
-3.0500e+01  1.3717e-04
-3.0400e+01  1.3805e-04
-3.0300e+01  1.3893e-04
-3.0200e+01  1.3983e-04
-3.0100e+01  1.4073e-04
-3.0000e+01  1.4165e-04
-2.9900e+01  1.4257e-04
-2.9800e+01  1.4350e-04
-2.9700e+01  1.4444e-04
-2.9600e+01  1.4539e-04
-2.9500e+01  1.4635e-04
-2.9400e+01  1.4732e-04
-2.9300e+01  1.4830e-04
-2.9200e+01  1.4929e-04
-2.9100e+01  1.5029e-04
-2.9000e+01  1.5130e-04
-2.8900e+01  1.5232e-04
-2.8800e+01  1.5335e-04
-2.8700e+01  1.5439e-04
-2.8600e+01  1.5545e-04
-2.8500e+01  1.5651e-04
-2.8400e+01  1.5758e-04
-2.8300e+01  1.5867e-04
-2.8200e+01  1.5976e-04
-2.8100e+01  1.6087e-04
-2.8000e+01  1.6199e-04
-2.7900e+01  1.6312e-04
-2.7800e+01  1.6426e-04
-2.7700e+01  1.6542e-04
-2.7600e+01  1.6659e-04
-2.7500e+01  1.6777e-04
-2.7400e+01  1.6896e-04
-2.7300e+01  1.7017e-04
-2.7200e+01  1.7139e-04
-2.7100e+01  1.7262e-04
-2.7000e+01  1.7386e-04
-2.6900e+01  1.7512e-04
-2.6800e+01  1.7640e-04
-2.6700e+01  1.7769e-04
-2.6600e+01  1.7899e-04
-2.6500e+01  1.8030e-04
-2.6400e+01  1.8163e-04
-2.6300e+01  1.8298e-04
-2.6200e+01  1.8434e-04
-2.6100e+01  1.8572e-04
-2.6000e+01  1.8711e-04
-2.5900e+01  1.8852e-04
-2.5800e+01  1.8994e-04
-2.5700e+01  1.9139e-04
-2.5600e+01  1.9284e-04
-2.5500e+01  1.9432e-04
-2.5400e+01  1.9581e-04
-2.5300e+01  1.9732e-04
-2.5200e+01  1.9885e-04
-2.5100e+01  2.0039e-04
-2.5000e+01  2.0195e-04
-2.4900e+01  2.0354e-04
-2.4800e+01  2.0514e-04
-2.4700e+01  2.0676e-04
-2.4600e+01  2.0840e-04
-2.4500e+01  2.1006e-04
-2.4400e+01  2.1174e-04
-2.4300e+01  2.1344e-04
-2.4200e+01  2.1516e-04
-2.4100e+01  2.1690e-04
-2.4000e+01  2.1867e-04
-2.3900e+01  2.2046e-04
-2.3800e+01  2.2227e-04
-2.3700e+01  2.2410e-04
-2.3600e+01  2.2596e-04
-2.3500e+01  2.2784e-04
-2.3400e+01  2.2974e-04
-2.3300e+01  2.3167e-04
-2.3200e+01  2.3363e-04
-2.3100e+01  2.3561e-04
-2.3000e+01  2.3763e-04
-2.2900e+01  2.3967e-04
-2.2800e+01  2.4174e-04
-2.2700e+01  2.4384e-04
-2.2600e+01  2.4598e-04
-2.2500e+01  2.4816e-04
-2.2400e+01  2.5038e-04
-2.2300e+01  2.5265e-04
-2.2200e+01  2.5498e-04
-2.2100e+01  2.5738e-04
-2.2000e+01  2.5985e-04
-2.1900e+01  2.6240e-04
-2.1800e+01  2.6505e-04
-2.1700e+01  2.6779e-04
-2.1600e+01  2.7063e-04
-2.1500e+01  2.7356e-04
-2.1400e+01  2.7655e-04
-2.1300e+01  2.7958e-04
-2.1200e+01  2.8263e-04
-2.1100e+01  2.8564e-04
-2.1000e+01  2.8859e-04
-2.0900e+01  2.9144e-04
-2.0800e+01  2.9419e-04
-2.0700e+01  2.9681e-04
-2.0600e+01  2.9933e-04
-2.0500e+01  3.0176e-04
-2.0400e+01  3.0414e-04
-2.0300e+01  3.0651e-04
-2.0200e+01  3.0891e-04
-2.0100e+01  3.1136e-04
-2.0000e+01  3.1390e-04
-1.9900e+01  3.1653e-04
-1.9800e+01  3.1928e-04
-1.9700e+01  3.2214e-04
-1.9600e+01  3.2510e-04
-1.9500e+01  3.2817e-04
-1.9400e+01  3.3132e-04
-1.9300e+01  3.3457e-04
-1.9200e+01  3.3789e-04
-1.9100e+01  3.4128e-04
-1.9000e+01  3.4474e-04
-1.8900e+01  3.4826e-04
-1.8800e+01  3.5185e-04
-1.8700e+01  3.5551e-04
-1.8600e+01  3.5922e-04
-1.8500e+01  3.6300e-04
-1.8400e+01  3.6684e-04
-1.8300e+01  3.7075e-04
-1.8200e+01  3.7472e-04
-1.8100e+01  3.7875e-04
-1.8000e+01  3.8286e-04
-1.7900e+01  3.8703e-04
-1.7800e+01  3.9128e-04
-1.7700e+01  3.9560e-04
-1.7600e+01  3.9999e-04
-1.7500e+01  4.0445e-04
-1.7400e+01  4.0899e-04
-1.7300e+01  4.1361e-04
-1.7200e+01  4.1831e-04
-1.7100e+01  4.2310e-04
-1.7000e+01  4.2796e-04
-1.6900e+01  4.3291e-04
-1.6800e+01  4.3795e-04
-1.6700e+01  4.4308e-04
-1.6600e+01  4.4830e-04
-1.6500e+01  4.5362e-04
-1.6400e+01  4.5903e-04
-1.6300e+01  4.6454e-04
-1.6200e+01  4.7016e-04
-1.6100e+01  4.7587e-04
-1.6000e+01  4.8170e-04
-1.5900e+01  4.8763e-04
-1.5800e+01  4.9367e-04
-1.5700e+01  4.9983e-04
-1.5600e+01  5.0611e-04
-1.5500e+01  5.1250e-04
-1.5400e+01  5.1902e-04
-1.5300e+01  5.2567e-04
-1.5200e+01  5.3245e-04
-1.5100e+01  5.3936e-04
-1.5000e+01  5.4641e-04
-1.4900e+01  5.5360e-04
-1.4800e+01  5.6093e-04
-1.4700e+01  5.6842e-04
-1.4600e+01  5.7605e-04
-1.4500e+01  5.8385e-04
-1.4400e+01  5.9180e-04
-1.4300e+01  5.9992e-04
-1.4200e+01  6.0821e-04
-1.4100e+01  6.1668e-04
-1.4000e+01  6.2533e-04
-1.3900e+01  6.3416e-04
-1.3800e+01  6.4319e-04
-1.3700e+01  6.5241e-04
-1.3600e+01  6.6183e-04
-1.3500e+01  6.7146e-04
-1.3400e+01  6.8131e-04
-1.3300e+01  6.9138e-04
-1.3200e+01  7.0168e-04
-1.3100e+01  7.1221e-04
-1.3000e+01  7.2298e-04
-1.2900e+01  7.3401e-04
-1.2800e+01  7.4529e-04
-1.2700e+01  7.5683e-04
-1.2600e+01  7.6866e-04
-1.2500e+01  7.8076e-04
-1.2400e+01  7.9316e-04
-1.2300e+01  8.0586e-04
-1.2200e+01  8.1887e-04
-1.2100e+01  8.3220e-04
-1.2000e+01  8.4587e-04
-1.1900e+01  8.5988e-04
-1.1800e+01  8.7425e-04
-1.1700e+01  8.8898e-04
-1.1600e+01  9.0410e-04
-1.1500e+01  9.1961e-04
-1.1400e+01  9.3553e-04
-1.1300e+01  9.5187e-04
-1.1200e+01  9.6865e-04
-1.1100e+01  9.8589e-04
-1.1000e+01  1.0036e-03
-1.0900e+01  1.0218e-03
-1.0800e+01  1.0405e-03
-1.0700e+01  1.0597e-03
-1.0600e+01  1.0795e-03
-1.0500e+01  1.0998e-03
-1.0400e+01  1.1208e-03
-1.0300e+01  1.1423e-03
-1.0200e+01  1.1645e-03
-1.0100e+01  1.1873e-03
-1.0000e+01  1.2109e-03
-9.9000e+00  1.2351e-03
-9.8000e+00  1.2601e-03
-9.7000e+00  1.2859e-03
-9.6000e+00  1.3125e-03
-9.5000e+00  1.3399e-03
-9.4000e+00  1.3682e-03
-9.3000e+00  1.3974e-03
-9.2000e+00  1.4276e-03
-9.1000e+00  1.4588e-03
-9.0000e+00  1.4911e-03
-8.9000e+00  1.5244e-03
-8.8000e+00  1.5589e-03
-8.7000e+00  1.5946e-03
-8.6000e+00  1.6316e-03
-8.5000e+00  1.6699e-03
-8.4000e+00  1.7095e-03
-8.3000e+00  1.7507e-03
-8.2000e+00  1.7933e-03
-8.1000e+00  1.8376e-03
-8.0000e+00  1.8835e-03
-7.9000e+00  1.9312e-03
-7.8000e+00  1.9808e-03
-7.7000e+00  2.0323e-03
-7.6000e+00  2.0860e-03
-7.5000e+00  2.1418e-03
-7.4000e+00  2.1999e-03
-7.3000e+00  2.2604e-03
-7.2000e+00  2.3236e-03
-7.1000e+00  2.3894e-03
-7.0000e+00  2.4582e-03
-6.9000e+00  2.5300e-03
-6.8000e+00  2.6050e-03
-6.7000e+00  2.6836e-03
-6.6000e+00  2.7657e-03
-6.5000e+00  2.8518e-03
-6.4000e+00  2.9421e-03
-6.3000e+00  3.0367e-03
-6.2000e+00  3.1361e-03
-6.1000e+00  3.2406e-03
-6.0000e+00  3.3505e-03
-5.9000e+00  3.4662e-03
-5.8000e+00  3.5881e-03
-5.7000e+00  3.7166e-03
-5.6000e+00  3.8524e-03
-5.5000e+00  3.9958e-03
-5.4000e+00  4.1477e-03
-5.3000e+00  4.3085e-03
-5.2000e+00  4.4791e-03
-5.1000e+00  4.6602e-03
-5.0000e+00  4.8528e-03
-4.9000e+00  5.0579e-03
-4.8000e+00  5.2766e-03
-4.7000e+00  5.5102e-03
-4.6000e+00  5.7600e-03
-4.5000e+00  6.0277e-03
-4.4000e+00  6.3150e-03
-4.3000e+00  6.6239e-03
-4.2000e+00  6.9568e-03
-4.1000e+00  7.3161e-03
-4.0000e+00  7.7050e-03
-3.9000e+00  8.1268e-03
-3.8000e+00  8.5854e-03
-3.7000e+00  9.0855e-03
-3.6000e+00  9.6324e-03
-3.5000e+00  1.0232e-02
-3.4000e+00  1.0893e-02
-3.3000e+00  1.1622e-02
-3.2000e+00  1.2432e-02
-3.1000e+00  1.3334e-02
-3.0000e+00  1.4345e-02
-2.9000e+00  1.5485e-02
-2.8000e+00  1.6778e-02
-2.7000e+00  1.8256e-02
-2.6000e+00  1.9962e-02
-2.5000e+00  2.1952e-02
-2.4000e+00  2.4304e-02
-2.3000e+00  2.7123e-02
-2.2000e+00  3.0557e-02
-2.1000e+00  3.4814e-02
-2.0000e+00  4.0180e-02
-1.9000e+00  4.7048e-02
-1.8000e+00  5.5943e-02
-1.7000e+00  6.7551e-02
-1.6000e+00  8.2734e-02
-1.5000e+00  1.0253e-01
-1.4000e+00  1.2811e-01
-1.3000e+00  1.6073e-01
-1.2000e+00  2.0159e-01
-1.1000e+00  2.5168e-01
-1.0000e+00  3.1156e-01
-9.0000e-01  3.8116e-01
-8.0000e-01  4.5957e-01
-7.0000e-01  5.4485e-01
-6.0000e-01  6.3403e-01
-5.0000e-01  7.2315e-01
-4.0000e-01  8.0750e-01
-3.0000e-01  8.8198e-01
-2.0000e-01  9.4160e-01
-1.0000e-01  9.8200e-01
0.0000e+00  1.0000e+00
1.0000e-01  9.9403e-01
2.0000e-01  9.6434e-01
3.0000e-01  9.1301e-01
4.0000e-01  8.4373e-01
5.0000e-01  7.6135e-01
6.0000e-01  6.7127e-01
7.0000e-01  5.7885e-01
8.0000e-01  4.8889e-01
9.0000e-01  4.0519e-01
1.0000e+00  3.3036e-01
1.1000e+00  2.6579e-01
1.2000e+00  2.1183e-01
1.3000e+00  1.6796e-01
1.4000e+00  1.3315e-01
1.5000e+00  1.0605e-01
1.6000e+00  8.5244e-02
1.7000e+00  6.9412e-02
1.8000e+00  5.7394e-02
1.9000e+00  4.8238e-02
2.0000e+00  4.1199e-02
2.1000e+00  3.5713e-02
2.2000e+00  3.1366e-02
2.3000e+00  2.7861e-02
2.4000e+00  2.4983e-02
2.5000e+00  2.2582e-02
2.6000e+00  2.0551e-02
2.7000e+00  1.8810e-02
2.8000e+00  1.7303e-02
2.9000e+00  1.5987e-02
3.0000e+00  1.4828e-02
3.1000e+00  1.3802e-02
3.2000e+00  1.2888e-02
3.3000e+00  1.2069e-02
3.4000e+00  1.1334e-02
3.5000e+00  1.0670e-02
3.6000e+00  1.0068e-02
3.7000e+00  9.5222e-03
3.8000e+00  9.0244e-03
3.9000e+00  8.5698e-03
4.0000e+00  8.1536e-03
4.1000e+00  7.7718e-03
4.2000e+00  7.4209e-03
4.3000e+00  7.0979e-03
4.4000e+00  6.8001e-03
4.5000e+00  6.5253e-03
4.6000e+00  6.2715e-03
4.7000e+00  6.0369e-03
4.8000e+00  5.8200e-03
4.9000e+00  5.6194e-03
5.0000e+00  5.4338e-03
5.1000e+00  5.2623e-03
5.2000e+00  5.1039e-03
5.3000e+00  4.9578e-03
5.4000e+00  4.8233e-03
5.5000e+00  4.6998e-03
5.6000e+00  4.5868e-03
5.7000e+00  4.4838e-03
5.8000e+00  4.3905e-03
5.9000e+00  4.3067e-03
6.0000e+00  4.2320e-03
6.1000e+00  4.1664e-03
6.2000e+00  4.1098e-03
6.3000e+00  4.0623e-03
6.4000e+00  4.0241e-03
6.5000e+00  3.9952e-03
6.6000e+00  3.9762e-03
6.7000e+00  3.9674e-03
6.8000e+00  3.9695e-03
6.9000e+00  3.9833e-03
7.0000e+00  4.0099e-03
7.1000e+00  4.0507e-03
7.2000e+00  4.1075e-03
7.3000e+00  4.1826e-03
7.4000e+00  4.2790e-03
7.5000e+00  4.4009e-03
7.6000e+00  4.5534e-03
7.7000e+00  4.7436e-03
7.8000e+00  4.9810e-03
7.9000e+00  5.2779e-03
8.0000e+00  5.6507e-03
8.1000e+00  6.1208e-03
8.2000e+00  6.7163e-03
8.3000e+00  7.4734e-03
8.4000e+00  8.4386e-03
8.5000e+00  9.6706e-03
8.6000e+00  1.1242e-02
8.7000e+00  1.3240e-02
8.8000e+00  1.5767e-02
8.9000e+00  1.8932e-02
9.0000e+00  2.2849e-02
9.1000e+00  2.7623e-02
9.2000e+00  3.3331e-02
9.3000e+00  4.0010e-02
9.4000e+00  4.7633e-02
9.5000e+00  5.6100e-02
9.6000e+00  6.5227e-02
9.7000e+00  7.4756e-02
9.8000e+00  8.4364e-02
9.9000e+00  9.3695e-02
1.0000e+01  1.0239e-01
1.0100e+01  1.1009e-01
1.0200e+01  1.1653e-01
1.0300e+01  1.2147e-01
1.0400e+01  1.2473e-01
1.0500e+01  1.2623e-01
1.0600e+01  1.2589e-01
1.0700e+01  1.2373e-01
1.0800e+01  1.1977e-01
1.0900e+01  1.1413e-01
1.1000e+01  1.0697e-01
1.1100e+01  9.8550e-02
1.1200e+01  8.9178e-02
1.1300e+01  7.9234e-02
1.1400e+01  6.9118e-02
1.1500e+01  5.9225e-02
1.1600e+01  4.9900e-02
1.1700e+01  4.1412e-02
1.1800e+01  3.3938e-02
1.1900e+01  2.7554e-02
1.2000e+01  2.2253e-02
1.2100e+01  1.7959e-02
1.2200e+01  1.4554e-02
1.2300e+01  1.1898e-02
1.2400e+01  9.8499e-03
1.2500e+01  8.2792e-03
1.2600e+01  7.0737e-03
1.2700e+01  6.1425e-03
1.2800e+01  5.4146e-03
1.2900e+01  4.8365e-03
1.3000e+01  4.3694e-03
1.3100e+01  3.9850e-03
1.3200e+01  3.6632e-03
1.3300e+01  3.3897e-03
1.3400e+01  3.1541e-03
1.3500e+01  2.9488e-03
1.3600e+01  2.7682e-03
1.3700e+01  2.6080e-03
1.3800e+01  2.4650e-03
1.3900e+01  2.3365e-03
1.4000e+01  2.2205e-03
1.4100e+01  2.1152e-03
1.4200e+01  2.0192e-03
1.4300e+01  1.9314e-03
1.4400e+01  1.8508e-03
1.4500e+01  1.7766e-03
1.4600e+01  1.7081e-03
1.4700e+01  1.6447e-03
1.4800e+01  1.5857e-03
1.4900e+01  1.5309e-03
1.5000e+01  1.4798e-03
1.5100e+01  1.4320e-03
1.5200e+01  1.3873e-03
1.5300e+01  1.3453e-03
1.5400e+01  1.3059e-03
1.5500e+01  1.2688e-03
1.5600e+01  1.2338e-03
1.5700e+01  1.2008e-03
1.5800e+01  1.1696e-03
1.5900e+01  1.1401e-03
1.6000e+01  1.1122e-03
1.6100e+01  1.0857e-03
1.6200e+01  1.0606e-03
1.6300e+01  1.0367e-03
1.6400e+01  1.0140e-03
1.6500e+01  9.9242e-04
1.6600e+01  9.7186e-04
1.6700e+01  9.5227e-04
1.6800e+01  9.3360e-04
1.6900e+01  9.1579e-04
1.7000e+01  8.9879e-04
1.7100e+01  8.8256e-04
1.7200e+01  8.6705e-04
1.7300e+01  8.5225e-04
1.7400e+01  8.3810e-04
1.7500e+01  8.2457e-04
1.7600e+01  8.1164e-04
1.7700e+01  7.9929e-04
1.7800e+01  7.8748e-04
1.7900e+01  7.7619e-04
1.8000e+01  7.6541e-04
1.8100e+01  7.5511e-04
1.8200e+01  7.4528e-04
1.8300e+01  7.3590e-04
1.8400e+01  7.2695e-04
1.8500e+01  7.1842e-04
1.8600e+01  7.1031e-04
1.8700e+01  7.0259e-04
1.8800e+01  6.9527e-04
1.8900e+01  6.8832e-04
1.9000e+01  6.8175e-04
1.9100e+01  6.7554e-04
1.9200e+01  6.6970e-04
1.9300e+01  6.6421e-04
1.9400e+01  6.5907e-04
1.9500e+01  6.5428e-04
1.9600e+01  6.4984e-04
1.9700e+01  6.4574e-04
1.9800e+01  6.4199e-04
1.9900e+01  6.3859e-04
2.0000e+01  6.3554e-04
2.0100e+01  6.3284e-04
2.0200e+01  6.3049e-04
2.0300e+01  6.2851e-04
2.0400e+01  6.2691e-04
2.0500e+01  6.2567e-04
2.0600e+01  6.2483e-04
2.0700e+01  6.2439e-04
2.0800e+01  6.2436e-04
2.0900e+01  6.2475e-04
2.1000e+01  6.2560e-04
2.1100e+01  6.2690e-04
2.1200e+01  6.2870e-04
2.1300e+01  6.3101e-04
2.1400e+01  6.3386e-04
2.1500e+01  6.3728e-04
2.1600e+01  6.4132e-04
2.1700e+01  6.4602e-04
2.1800e+01  6.5143e-04
2.1900e+01  6.5760e-04
2.2000e+01  6.6460e-04
2.2100e+01  6.7252e-04
2.2200e+01  6.8144e-04
2.2300e+01  6.9148e-04
2.2400e+01  7.0278e-04
2.2500e+01  7.1550e-04
2.2600e+01  7.2986e-04
2.2700e+01  7.4612e-04
2.2800e+01  7.6465e-04
2.2900e+01  7.8593e-04
2.3000e+01  8.1060e-04
2.3100e+01  8.3956e-04
2.3200e+01  8.7403e-04
2.3300e+01  9.1566e-04
2.3400e+01  9.6662e-04
2.3500e+01  1.0297e-03
2.3600e+01  1.1085e-03
2.3700e+01  1.2071e-03
2.3800e+01  1.3301e-03
2.3900e+01  1.4821e-03
2.4000e+01  1.6673e-03
2.4100e+01  1.8888e-03
2.4200e+01  2.1476e-03
2.4300e+01  2.4421e-03
2.4400e+01  2.7678e-03
2.4500e+01  3.1175e-03
2.4600e+01  3.4815e-03
2.4700e+01  3.8494e-03
2.4800e+01  4.2115e-03
2.4900e+01  4.5608e-03
2.5000e+01  4.8942e-03
2.5100e+01  5.2133e-03
2.5200e+01  5.5252e-03
2.5300e+01  5.8407e-03
2.5400e+01  6.1741e-03
2.5500e+01  6.5405e-03
2.5600e+01  6.9548e-03
2.5700e+01  7.4306e-03
2.5800e+01  7.9797e-03
2.5900e+01  8.6127e-03
2.6000e+01  9.3401e-03
2.6100e+01  1.0174e-02
2.6200e+01  1.1132e-02
2.6300e+01  1.2235e-02
2.6400e+01  1.3512e-02
2.6500e+01  1.4998e-02
2.6600e+01  1.6729e-02
2.6700e+01  1.8741e-02
2.6800e+01  2.1062e-02
2.6900e+01  2.3701e-02
2.7000e+01  2.6646e-02
2.7100e+01  2.9854e-02
2.7200e+01  3.3250e-02
2.7300e+01  3.6732e-02
2.7400e+01  4.0174e-02
2.7500e+01  4.3438e-02
2.7600e+01  4.6393e-02
2.7700e+01  4.8923e-02
2.7800e+01  5.0940e-02
2.7900e+01  5.2392e-02
2.8000e+01  5.3258e-02
2.8100e+01  5.3546e-02
2.8200e+01  5.3281e-02
2.8300e+01  5.2490e-02
2.8400e+01  5.1202e-02
2.8500e+01  4.9436e-02
2.8600e+01  4.7210e-02
2.8700e+01  4.4544e-02
2.8800e+01  4.1476e-02
2.8900e+01  3.8062e-02
2.9000e+01  3.4388e-02
2.9100e+01  3.0562e-02
2.9200e+01  2.6709e-02
2.9300e+01  2.2956e-02
2.9400e+01  1.9419e-02
2.9500e+01  1.6191e-02
2.9600e+01  1.3335e-02
2.9700e+01  1.0882e-02
2.9800e+01  8.8316e-03
2.9900e+01  7.1582e-03
3.0000e+01  5.8210e-03
3.0100e+01  4.7701e-03
3.0200e+01  3.9538e-03
3.0300e+01  3.3237e-03
3.0400e+01  2.8376e-03
3.0500e+01  2.4604e-03
3.0600e+01  2.1646e-03
3.0700e+01  1.9294e-03
3.0800e+01  1.7390e-03
3.0900e+01  1.5823e-03
3.1000e+01  1.4511e-03
3.1100e+01  1.3396e-03
3.1200e+01  1.2435e-03
3.1300e+01  1.1598e-03
3.1400e+01  1.0861e-03
3.1500e+01  1.0207e-03
3.1600e+01  9.6238e-04
3.1700e+01  9.0994e-04
3.1800e+01  8.6259e-04
3.1900e+01  8.1962e-04
3.2000e+01  7.8047e-04
3.2100e+01  7.4467e-04
3.2200e+01  7.1182e-04
3.2300e+01  6.8157e-04
3.2400e+01  6.5365e-04
3.2500e+01  6.2781e-04
3.2600e+01  6.0382e-04
3.2700e+01  5.8151e-04
3.2800e+01  5.6071e-04
3.2900e+01  5.4128e-04
3.3000e+01  5.2310e-04
3.3100e+01  5.0605e-04
3.3200e+01  4.9003e-04
3.3300e+01  4.7496e-04
3.3400e+01  4.6076e-04
3.3500e+01  4.4736e-04
3.3600e+01  4.3470e-04
3.3700e+01  4.2271e-04
3.3800e+01  4.1135e-04
3.3900e+01  4.0058e-04
3.4000e+01  3.9034e-04
3.4100e+01  3.8060e-04
3.4200e+01  3.7133e-04
3.4300e+01  3.6250e-04
3.4400e+01  3.5407e-04
3.4500e+01  3.4603e-04
3.4600e+01  3.3833e-04
3.4700e+01  3.3098e-04
3.4800e+01  3.2393e-04
3.4900e+01  3.1717e-04
3.5000e+01  3.1070e-04
3.5100e+01  3.0448e-04
3.5200e+01  2.9851e-04
3.5300e+01  2.9276e-04
3.5400e+01  2.8724e-04
3.5500e+01  2.8192e-04
3.5600e+01  2.7680e-04
3.5700e+01  2.7186e-04
3.5800e+01  2.6710e-04
3.5900e+01  2.6250e-04
3.6000e+01  2.5806e-04
3.6100e+01  2.5377e-04
3.6200e+01  2.4962e-04
3.6300e+01  2.4561e-04
3.6400e+01  2.4172e-04
3.6500e+01  2.3796e-04
3.6600e+01  2.3432e-04
3.6700e+01  2.3078e-04
3.6800e+01  2.2736e-04
3.6900e+01  2.2403e-04
3.7000e+01  2.2080e-04
3.7100e+01  2.1767e-04
3.7200e+01  2.1462e-04
3.7300e+01  2.1166e-04
3.7400e+01  2.0879e-04
3.7500e+01  2.0599e-04
3.7600e+01  2.0326e-04
3.7700e+01  2.0061e-04
3.7800e+01  1.9803e-04
3.7900e+01  1.9551e-04
3.8000e+01  1.9306e-04
3.8100e+01  1.9067e-04
3.8200e+01  1.8834e-04
3.8300e+01  1.8606e-04
3.8400e+01  1.8384e-04
3.8500e+01  1.8167e-04
3.8600e+01  1.7956e-04
3.8700e+01  1.7749e-04
3.8800e+01  1.7547e-04
3.8900e+01  1.7350e-04
3.9000e+01  1.7157e-04
3.9100e+01  1.6968e-04
3.9200e+01  1.6783e-04
3.9300e+01  1.6603e-04
3.9400e+01  1.6426e-04
3.9500e+01  1.6253e-04
3.9600e+01  1.6084e-04
3.9700e+01  1.5918e-04
3.9800e+01  1.5755e-04
3.9900e+01  1.5596e-04
4.0000e+01  1.5440e-04
4.0100e+01  1.5287e-04
4.0200e+01  1.5137e-04
4.0300e+01  1.4990e-04
4.0400e+01  1.4845e-04
4.0500e+01  1.4704e-04
4.0600e+01  1.4565e-04
4.0700e+01  1.4428e-04
4.0800e+01  1.4294e-04
4.0900e+01  1.4163e-04
4.1000e+01  1.4034e-04
4.1100e+01  1.3907e-04
4.1200e+01  1.3782e-04
4.1300e+01  1.3660e-04
4.1400e+01  1.3539e-04
4.1500e+01  1.3421e-04
4.1600e+01  1.3305e-04
4.1700e+01  1.3191e-04
4.1800e+01  1.3078e-04
4.1900e+01  1.2967e-04
4.2000e+01  1.2859e-04
4.2100e+01  1.2752e-04
4.2200e+01  1.2646e-04
4.2300e+01  1.2542e-04
4.2400e+01  1.2440e-04
4.2500e+01  1.2340e-04
4.2600e+01  1.2241e-04
4.2700e+01  1.2143e-04
4.2800e+01  1.2048e-04
4.2900e+01  1.1953e-04
4.3000e+01  1.1860e-04
4.3100e+01  1.1768e-04
4.3200e+01  1.1678e-04
4.3300e+01  1.1589e-04
4.3400e+01  1.1501e-04
4.3500e+01  1.1414e-04
4.3600e+01  1.1329e-04
4.3700e+01  1.1245e-04
4.3800e+01  1.1162e-04
4.3900e+01  1.1080e-04
4.4000e+01  1.0999e-04
4.4100e+01  1.0919e-04
4.4200e+01  1.0841e-04
4.4300e+01  1.0763e-04
4.4400e+01  1.0687e-04
4.4500e+01  1.0612e-04
4.4600e+01  1.0537e-04
4.4700e+01  1.0464e-04
4.4800e+01  1.0391e-04
4.4900e+01  1.0319e-04
4.5000e+01  1.0249e-04
4.5100e+01  1.0179e-04
4.5200e+01  1.0110e-04
4.5300e+01  1.0042e-04
4.5400e+01  9.9744e-05
4.5500e+01  9.9079e-05
4.5600e+01  9.8423e-05
4.5700e+01  9.7774e-05
4.5800e+01  9.7134e-05
4.5900e+01  9.6501e-05
4.6000e+01  9.5875e-05
4.6100e+01  9.5257e-05
4.6200e+01  9.4646e-05
4.6300e+01  9.4042e-05
4.6400e+01  9.3445e-05
4.6500e+01  9.2855e-05
4.6600e+01  9.2271e-05
4.6700e+01  9.1694e-05
4.6800e+01  9.1124e-05
4.6900e+01  9.0560e-05
4.7000e+01  9.0002e-05
4.7100e+01  8.9451e-05
4.7200e+01  8.8905e-05
4.7300e+01  8.8366e-05
4.7400e+01  8.7832e-05
4.7500e+01  8.7304e-05
4.7600e+01  8.6781e-05
4.7700e+01  8.6264e-05
4.7800e+01  8.5753e-05
4.7900e+01  8.5247e-05
4.8000e+01  8.4746e-05
4.8100e+01  8.4251e-05
4.8200e+01  8.3760e-05
4.8300e+01  8.3275e-05
4.8400e+01  8.2795e-05
4.8500e+01  8.2319e-05
4.8600e+01  8.1848e-05
4.8700e+01  8.1382e-05
4.8800e+01  8.0921e-05
4.8900e+01  8.0464e-05
4.9000e+01  8.0012e-05
4.9100e+01  7.9564e-05
4.9200e+01  7.9121e-05
4.9300e+01  7.8681e-05
4.9400e+01  7.8247e-05
4.9500e+01  7.7816e-05
4.9600e+01  7.7389e-05
4.9700e+01  7.6967e-05
4.9800e+01  7.6548e-05
4.9900e+01  7.6134e-05
5.0000e+01  7.5723e-05
5.0100e+01  7.5316e-05
5.0200e+01  7.4913e-05
5.0300e+01  7.4513e-05
5.0400e+01  7.4118e-05
5.0500e+01  7.3726e-05
5.0600e+01  7.3337e-05
5.0700e+01  7.2952e-05
5.0800e+01  7.2571e-05
5.0900e+01  7.2193e-05
5.1000e+01  7.1818e-05
5.1100e+01  7.1446e-05
5.1200e+01  7.1078e-05
5.1300e+01  7.0713e-05
5.1400e+01  7.0352e-05
5.1500e+01  6.9993e-05
5.1600e+01  6.9638e-05
5.1700e+01  6.9286e-05
5.1800e+01  6.8936e-05
5.1900e+01  6.8590e-05
5.2000e+01  6.8246e-05
5.2100e+01  6.7906e-05
5.2200e+01  6.7568e-05
5.2300e+01  6.7233e-05
5.2400e+01  6.6899e-05
5.2500e+01  6.6566e-05
5.2600e+01  6.6233e-05
5.2700e+01  6.5894e-05
5.2800e+01  6.5544e-05
5.2900e+01  6.5172e-05
5.3000e+01  6.4761e-05
5.3100e+01  6.4283e-05
5.3200e+01  6.3702e-05
5.3300e+01  6.2966e-05
5.3400e+01  6.2009e-05
5.3500e+01  6.0754e-05
5.3600e+01  5.9117e-05
5.3700e+01  5.7017e-05
5.3800e+01  5.4387e-05
5.3900e+01  5.1189e-05
5.4000e+01  4.7427e-05
5.4100e+01  4.3154e-05
5.4200e+01  3.8475e-05
5.4300e+01  3.3542e-05
