-4.8500e+01  4.6041e-03
-4.8400e+01  4.6258e-03
-4.8300e+01  4.6476e-03
-4.8200e+01  4.6696e-03
-4.8100e+01  4.6918e-03
-4.8000e+01  4.7140e-03
-4.7900e+01  4.7365e-03
-4.7800e+01  4.7590e-03
-4.7700e+01  4.7818e-03
-4.7600e+01  4.8046e-03
-4.7500e+01  4.8276e-03
-4.7400e+01  4.8508e-03
-4.7300e+01  4.8741e-03
-4.7200e+01  4.8976e-03
-4.7100e+01  4.9212e-03
-4.7000e+01  4.9450e-03
-4.6900e+01  4.9689e-03
-4.6800e+01  4.9930e-03
-4.6700e+01  5.0173e-03
-4.6600e+01  5.0417e-03
-4.6500e+01  5.0662e-03
-4.6400e+01  5.0909e-03
-4.6300e+01  5.1158e-03
-4.6200e+01  5.1409e-03
-4.6100e+01  5.1661e-03
-4.6000e+01  5.1914e-03
-4.5900e+01  5.2169e-03
-4.5800e+01  5.2426e-03
-4.5700e+01  5.2685e-03
-4.5600e+01  5.2945e-03
-4.5500e+01  5.3207e-03
-4.5400e+01  5.3470e-03
-4.5300e+01  5.3736e-03
-4.5200e+01  5.4003e-03
-4.5100e+01  5.4271e-03
-4.5000e+01  5.4542e-03
-4.4900e+01  5.4814e-03
-4.4800e+01  5.5088e-03
-4.4700e+01  5.5364e-03
-4.4600e+01  5.5641e-03
-4.4500e+01  5.5921e-03
-4.4400e+01  5.6202e-03
-4.4300e+01  5.6485e-03
-4.4200e+01  5.6770e-03
-4.4100e+01  5.7057e-03
-4.4000e+01  5.7346e-03
-4.3900e+01  5.7636e-03
-4.3800e+01  5.7929e-03
-4.3700e+01  5.8224e-03
-4.3600e+01  5.8520e-03
-4.3500e+01  5.8819e-03
-4.3400e+01  5.9119e-03
-4.3300e+01  5.9422e-03
-4.3200e+01  5.9727e-03
-4.3100e+01  6.0033e-03
-4.3000e+01  6.0342e-03
-4.2900e+01  6.0653e-03
-4.2800e+01  6.0966e-03
-4.2700e+01  6.1282e-03
-4.2600e+01  6.1599e-03
-4.2500e+01  6.1919e-03
-4.2400e+01  6.2241e-03
-4.2300e+01  6.2565e-03
-4.2200e+01  6.2892e-03
-4.2100e+01  6.3221e-03
-4.2000e+01  6.3552e-03
-4.1900e+01  6.3886e-03
-4.1800e+01  6.4222e-03
-4.1700e+01  6.4560e-03
-4.1600e+01  6.4901e-03
-4.1500e+01  6.5244e-03
-4.1400e+01  6.5590e-03
-4.1300e+01  6.5938e-03
-4.1200e+01  6.6289e-03
-4.1100e+01  6.6643e-03
-4.1000e+01  6.6999e-03
-4.0900e+01  6.7358e-03
-4.0800e+01  6.7719e-03
-4.0700e+01  6.8083e-03
-4.0600e+01  6.8450e-03
-4.0500e+01  6.8820e-03
-4.0400e+01  6.9193e-03
-4.0300e+01  6.9568e-03
-4.0200e+01  6.9946e-03
-4.0100e+01  7.0327e-03
-4.0000e+01  7.0711e-03
-3.9900e+01  7.1098e-03
-3.9800e+01  7.1488e-03
-3.9700e+01  7.1881e-03
-3.9600e+01  7.2277e-03
-3.9500e+01  7.2677e-03
-3.9400e+01  7.3079e-03
-3.9300e+01  7.3485e-03
-3.9200e+01  7.3893e-03
-3.9100e+01  7.4305e-03
-3.9000e+01  7.4721e-03
-3.8900e+01  7.5139e-03
-3.8800e+01  7.5561e-03
-3.8700e+01  7.5987e-03
-3.8600e+01  7.6416e-03
-3.8500e+01  7.6848e-03
-3.8400e+01  7.7284e-03
-3.8300e+01  7.7724e-03
-3.8200e+01  7.8167e-03
-3.8100e+01  7.8613e-03
-3.8000e+01  7.9064e-03
-3.7900e+01  7.9518e-03
-3.7800e+01  7.9976e-03
-3.7700e+01  8.0438e-03
-3.7600e+01  8.0904e-03
-3.7500e+01  8.1373e-03
-3.7400e+01  8.1847e-03
-3.7300e+01  8.2325e-03
-3.7200e+01  8.2806e-03
-3.7100e+01  8.3292e-03
-3.7000e+01  8.3782e-03
-3.6900e+01  8.4277e-03
-3.6800e+01  8.4775e-03
-3.6700e+01  8.5278e-03
-3.6600e+01  8.5785e-03
-3.6500e+01  8.6297e-03
-3.6400e+01  8.6813e-03
-3.6300e+01  8.7334e-03
-3.6200e+01  8.7859e-03
-3.6100e+01  8.8389e-03
-3.6000e+01  8.8924e-03
-3.5900e+01  8.9463e-03
-3.5800e+01  9.0007e-03
-3.5700e+01  9.0557e-03
-3.5600e+01  9.1111e-03
-3.5500e+01  9.1670e-03
-3.5400e+01  9.2234e-03
-3.5300e+01  9.2803e-03
-3.5200e+01  9.3378e-03
-3.5100e+01  9.3958e-03
-3.5000e+01  9.4543e-03
-3.4900e+01  9.5133e-03
-3.4800e+01  9.5729e-03
-3.4700e+01  9.6331e-03
-3.4600e+01  9.6938e-03
-3.4500e+01  9.7551e-03
-3.4400e+01  9.8170e-03
-3.4300e+01  9.8794e-03
-3.4200e+01  9.9424e-03
-3.4100e+01  1.0006e-02
-3.4000e+01  1.0070e-02
-3.3900e+01  1.0135e-02
-3.3800e+01  1.0201e-02
-3.3700e+01  1.0267e-02
-3.3600e+01  1.0334e-02
-3.3500e+01  1.0401e-02
-3.3400e+01  1.0469e-02
-3.3300e+01  1.0538e-02
-3.3200e+01  1.0607e-02
-3.3100e+01  1.0677e-02
-3.3000e+01  1.0748e-02
-3.2900e+01  1.0819e-02
-3.2800e+01  1.0892e-02
-3.2700e+01  1.0964e-02
-3.2600e+01  1.1038e-02
-3.2500e+01  1.1112e-02
-3.2400e+01  1.1188e-02
-3.2300e+01  1.1263e-02
-3.2200e+01  1.1340e-02
-3.2100e+01  1.1418e-02
-3.2000e+01  1.1496e-02
-3.1900e+01  1.1575e-02
-3.1800e+01  1.1655e-02
-3.1700e+01  1.1735e-02
-3.1600e+01  1.1817e-02
-3.1500e+01  1.1899e-02
-3.1400e+01  1.1982e-02
-3.1300e+01  1.2066e-02
-3.1200e+01  1.2151e-02
-3.1100e+01  1.2237e-02
-3.1000e+01  1.2324e-02
-3.0900e+01  1.2412e-02
-3.0800e+01  1.2500e-02
-3.0700e+01  1.2590e-02
-3.0600e+01  1.2681e-02
-3.0500e+01  1.2772e-02
-3.0400e+01  1.2865e-02
-3.0300e+01  1.2958e-02
-3.0200e+01  1.3053e-02
-3.0100e+01  1.3148e-02
-3.0000e+01  1.3245e-02
-2.9900e+01  1.3343e-02
-2.9800e+01  1.3441e-02
-2.9700e+01  1.3541e-02
-2.9600e+01  1.3642e-02
-2.9500e+01  1.3745e-02
-2.9400e+01  1.3848e-02
-2.9300e+01  1.3952e-02
-2.9200e+01  1.4058e-02
-2.9100e+01  1.4165e-02
-2.9000e+01  1.4273e-02
-2.8900e+01  1.4382e-02
-2.8800e+01  1.4493e-02
-2.8700e+01  1.4605e-02
-2.8600e+01  1.4718e-02
-2.8500e+01  1.4833e-02
-2.8400e+01  1.4948e-02
-2.8300e+01  1.5066e-02
-2.8200e+01  1.5184e-02
-2.8100e+01  1.5304e-02
-2.8000e+01  1.5426e-02
-2.7900e+01  1.5549e-02
-2.7800e+01  1.5673e-02
-2.7700e+01  1.5799e-02
-2.7600e+01  1.5926e-02
-2.7500e+01  1.6055e-02
-2.7400e+01  1.6186e-02
-2.7300e+01  1.6318e-02
-2.7200e+01  1.6452e-02
-2.7100e+01  1.6587e-02
-2.7000e+01  1.6724e-02
-2.6900e+01  1.6863e-02
-2.6800e+01  1.7003e-02
-2.6700e+01  1.7146e-02
-2.6600e+01  1.7290e-02
-2.6500e+01  1.7436e-02
-2.6400e+01  1.7584e-02
-2.6300e+01  1.7733e-02
-2.6200e+01  1.7885e-02
-2.6100e+01  1.8039e-02
-2.6000e+01  1.8194e-02
-2.5900e+01  1.8352e-02
-2.5800e+01  1.8511e-02
-2.5700e+01  1.8673e-02
-2.5600e+01  1.8837e-02
-2.5500e+01  1.9003e-02
-2.5400e+01  1.9171e-02
-2.5300e+01  1.9342e-02
-2.5200e+01  1.9515e-02
-2.5100e+01  1.9690e-02
-2.5000e+01  1.9867e-02
-2.4900e+01  2.0047e-02
-2.4800e+01  2.0230e-02
-2.4700e+01  2.0415e-02
-2.4600e+01  2.0602e-02
-2.4500e+01  2.0792e-02
-2.4400e+01  2.0985e-02
-2.4300e+01  2.1181e-02
-2.4200e+01  2.1379e-02
-2.4100e+01  2.1580e-02
-2.4000e+01  2.1784e-02
-2.3900e+01  2.1991e-02
-2.3800e+01  2.2200e-02
-2.3700e+01  2.2413e-02
-2.3600e+01  2.2629e-02
-2.3500e+01  2.2848e-02
-2.3400e+01  2.3071e-02
-2.3300e+01  2.3296e-02
-2.3200e+01  2.3525e-02
-2.3100e+01  2.3757e-02
-2.3000e+01  2.3993e-02
-2.2900e+01  2.4232e-02
-2.2800e+01  2.4475e-02
-2.2700e+01  2.4722e-02
-2.2600e+01  2.4972e-02
-2.2500e+01  2.5226e-02
-2.2400e+01  2.5485e-02
-2.2300e+01  2.5747e-02
-2.2200e+01  2.6013e-02
-2.2100e+01  2.6283e-02
-2.2000e+01  2.6558e-02
-2.1900e+01  2.6837e-02
-2.1800e+01  2.7121e-02
-2.1700e+01  2.7409e-02
-2.1600e+01  2.7701e-02
-2.1500e+01  2.7999e-02
-2.1400e+01  2.8301e-02
-2.1300e+01  2.8608e-02
-2.1200e+01  2.8920e-02
-2.1100e+01  2.9238e-02
-2.1000e+01  2.9560e-02
-2.0900e+01  2.9888e-02
-2.0800e+01  3.0222e-02
-2.0700e+01  3.0561e-02
-2.0600e+01  3.0906e-02
-2.0500e+01  3.1257e-02
-2.0400e+01  3.1614e-02
-2.0300e+01  3.1978e-02
-2.0200e+01  3.2347e-02
-2.0100e+01  3.2723e-02
-2.0000e+01  3.3106e-02
-1.9900e+01  3.3495e-02
-1.9800e+01  3.3892e-02
-1.9700e+01  3.4295e-02
-1.9600e+01  3.4706e-02
-1.9500e+01  3.5124e-02
-1.9400e+01  3.5550e-02
-1.9300e+01  3.5984e-02
-1.9200e+01  3.6426e-02
-1.9100e+01  3.6876e-02
-1.9000e+01  3.7334e-02
-1.8900e+01  3.7801e-02
-1.8800e+01  3.8277e-02
-1.8700e+01  3.8762e-02
-1.8600e+01  3.9257e-02
-1.8500e+01  3.9761e-02
-1.8400e+01  4.0274e-02
-1.8300e+01  4.0798e-02
-1.8200e+01  4.1333e-02
-1.8100e+01  4.1877e-02
-1.8000e+01  4.2433e-02
-1.7900e+01  4.3000e-02
-1.7800e+01  4.3578e-02
-1.7700e+01  4.4169e-02
-1.7600e+01  4.4771e-02
-1.7500e+01  4.5386e-02
-1.7400e+01  4.6013e-02
-1.7300e+01  4.6654e-02
-1.7200e+01  4.7308e-02
-1.7100e+01  4.7977e-02
-1.7000e+01  4.8659e-02
-1.6900e+01  4.9356e-02
-1.6800e+01  5.0069e-02
-1.6700e+01  5.0797e-02
-1.6600e+01  5.1541e-02
-1.6500e+01  5.2301e-02
-1.6400e+01  5.3079e-02
-1.6300e+01  5.3874e-02
-1.6200e+01  5.4687e-02
-1.6100e+01  5.5518e-02
-1.6000e+01  5.6369e-02
-1.5900e+01  5.7239e-02
-1.5800e+01  5.8130e-02
-1.5700e+01  5.9042e-02
-1.5600e+01  5.9975e-02
-1.5500e+01  6.0931e-02
-1.5400e+01  6.1909e-02
-1.5300e+01  6.2912e-02
-1.5200e+01  6.3939e-02
-1.5100e+01  6.4991e-02
-1.5000e+01  6.6069e-02
-1.4900e+01  6.7174e-02
-1.4800e+01  6.8307e-02
-1.4700e+01  6.9469e-02
-1.4600e+01  7.0660e-02
-1.4500e+01  7.1882e-02
-1.4400e+01  7.3136e-02
-1.4300e+01  7.4423e-02
-1.4200e+01  7.5744e-02
-1.4100e+01  7.7100e-02
-1.4000e+01  7.8492e-02
-1.3900e+01  7.9921e-02
-1.3800e+01  8.1390e-02
-1.3700e+01  8.2899e-02
-1.3600e+01  8.4450e-02
-1.3500e+01  8.6043e-02
-1.3400e+01  8.7682e-02
-1.3300e+01  8.9367e-02
-1.3200e+01  9.1099e-02
-1.3100e+01  9.2882e-02
-1.3000e+01  9.4716e-02
-1.2900e+01  9.6603e-02
-1.2800e+01  9.8546e-02
-1.2700e+01  1.0055e-01
-1.2600e+01  1.0261e-01
-1.2500e+01  1.0473e-01
-1.2400e+01  1.0691e-01
-1.2300e+01  1.0916e-01
-1.2200e+01  1.1148e-01
-1.2100e+01  1.1388e-01
-1.2000e+01  1.1634e-01
-1.1900e+01  1.1889e-01
-1.1800e+01  1.2151e-01
-1.1700e+01  1.2421e-01
-1.1600e+01  1.2700e-01
-1.1500e+01  1.2988e-01
-1.1400e+01  1.3286e-01
-1.1300e+01  1.3592e-01
-1.1200e+01  1.3909e-01
-1.1100e+01  1.4236e-01
-1.1000e+01  1.4573e-01
-1.0900e+01  1.4922e-01
-1.0800e+01  1.5282e-01
-1.0700e+01  1.5654e-01
-1.0600e+01  1.6038e-01
-1.0500e+01  1.6435e-01
-1.0400e+01  1.6844e-01
-1.0300e+01  1.7268e-01
-1.0200e+01  1.7705e-01
-1.0100e+01  1.8157e-01
-1.0000e+01  1.8624e-01
-9.9000e+00  1.9106e-01
-9.8000e+00  1.9604e-01
-9.7000e+00  2.0118e-01
-9.6000e+00  2.0650e-01
-9.5000e+00  2.1198e-01
-9.4000e+00  2.1765e-01
-9.3000e+00  2.2349e-01
-9.2000e+00  2.2953e-01
-9.1000e+00  2.3575e-01
-9.0000e+00  2.4217e-01
-8.9000e+00  2.4880e-01
-8.8000e+00  2.5563e-01
-8.7000e+00  2.6266e-01
-8.6000e+00  2.6991e-01
-8.5000e+00  2.7738e-01
-8.4000e+00  2.8507e-01
-8.3000e+00  2.9297e-01
-8.2000e+00  3.0111e-01
-8.1000e+00  3.0947e-01
-8.0000e+00  3.1805e-01
-7.9000e+00  3.2687e-01
-7.8000e+00  3.3591e-01
-7.7000e+00  3.4518e-01
-7.6000e+00  3.5468e-01
-7.5000e+00  3.6441e-01
-7.4000e+00  3.7435e-01
-7.3000e+00  3.8452e-01
-7.2000e+00  3.9490e-01
-7.1000e+00  4.0549e-01
-7.0000e+00  4.1629e-01
-6.9000e+00  4.2728e-01
-6.8000e+00  4.3845e-01
-6.7000e+00  4.4981e-01
-6.6000e+00  4.6133e-01
-6.5000e+00  4.7301e-01
-6.4000e+00  4.8483e-01
-6.3000e+00  4.9678e-01
-6.2000e+00  5.0884e-01
-6.1000e+00  5.2099e-01
-6.0000e+00  5.3323e-01
-5.9000e+00  5.4552e-01
-5.8000e+00  5.5784e-01
-5.7000e+00  5.7019e-01
-5.6000e+00  5.8253e-01
-5.5000e+00  5.9483e-01
-5.4000e+00  6.0709e-01
-5.3000e+00  6.1926e-01
-5.2000e+00  6.3132e-01
-5.1000e+00  6.4325e-01
-5.0000e+00  6.5501e-01
-4.9000e+00  6.6659e-01
-4.8000e+00  6.7794e-01
-4.7000e+00  6.8904e-01
-4.6000e+00  6.9986e-01
-4.5000e+00  7.1037e-01
-4.4000e+00  7.2054e-01
-4.3000e+00  7.3034e-01
-4.2000e+00  7.3974e-01
-4.1000e+00  7.4871e-01
-4.0000e+00  7.5723e-01
-3.9000e+00  7.6527e-01
-3.8000e+00  7.7280e-01
-3.7000e+00  7.7980e-01
-3.6000e+00  7.8623e-01
-3.5000e+00  7.9210e-01
-3.4000e+00  7.9736e-01
-3.3000e+00  8.0200e-01
-3.2000e+00  8.0601e-01
-3.1000e+00  8.0937e-01
-3.0000e+00  8.1207e-01
-2.9000e+00  8.1410e-01
-2.8000e+00  8.1544e-01
-2.7000e+00  8.1611e-01
-2.6000e+00  8.1608e-01
-2.5000e+00  8.1536e-01
-2.4000e+00  8.1395e-01
-2.3000e+00  8.1186e-01
-2.2000e+00  8.0909e-01
-2.1000e+00  8.0566e-01
-2.0000e+00  8.0156e-01
-1.9000e+00  7.9682e-01
-1.8000e+00  7.9146e-01
-1.7000e+00  7.8548e-01
-1.6000e+00  7.7891e-01
-1.5000e+00  7.7178e-01
-1.4000e+00  7.6410e-01
-1.3000e+00  7.5590e-01
-1.2000e+00  7.4721e-01
-1.1000e+00  7.3806e-01
-1.0000e+00  7.2847e-01
-9.0000e-01  7.1848e-01
-8.0000e-01  7.0812e-01
-7.0000e-01  6.9741e-01
-6.0000e-01  6.8641e-01
-5.0000e-01  6.7512e-01
-4.0000e-01  6.6360e-01
-3.0000e-01  6.5186e-01
-2.0000e-01  6.3995e-01
-1.0000e-01  6.2790e-01
0.0000e+00  6.1574e-01
1.0000e-01  6.0349e-01
2.0000e-01  5.9120e-01
3.0000e-01  5.7889e-01
4.0000e-01  5.6659e-01
5.0000e-01  5.5432e-01
6.0000e-01  5.4212e-01
7.0000e-01  5.3001e-01
8.0000e-01  5.1801e-01
9.0000e-01  5.0615e-01
1.0000e+00  4.9445e-01
1.1000e+00  4.8293e-01
1.2000e+00  4.7160e-01
1.3000e+00  4.6048e-01
1.4000e+00  4.4960e-01
1.5000e+00  4.3896e-01
1.6000e+00  4.2858e-01
1.7000e+00  4.1846e-01
1.8000e+00  4.0862e-01
1.9000e+00  3.9907e-01
2.0000e+00  3.8982e-01
2.1000e+00  3.8086e-01
2.2000e+00  3.7221e-01
2.3000e+00  3.6387e-01
2.4000e+00  3.5584e-01
2.5000e+00  3.4813e-01
2.6000e+00  3.4074e-01
2.7000e+00  3.3365e-01
2.8000e+00  3.2689e-01
2.9000e+00  3.2043e-01
3.0000e+00  3.1429e-01
3.1000e+00  3.0845e-01
3.2000e+00  3.0292e-01
3.3000e+00  2.9769e-01
3.4000e+00  2.9275e-01
3.5000e+00  2.8809e-01
3.6000e+00  2.8372e-01
3.7000e+00  2.7963e-01
3.8000e+00  2.7580e-01
3.9000e+00  2.7223e-01
4.0000e+00  2.6891e-01
4.1000e+00  2.6584e-01
4.2000e+00  2.6301e-01
4.3000e+00  2.6039e-01
4.4000e+00  2.5800e-01
4.5000e+00  2.5582e-01
4.6000e+00  2.5383e-01
4.7000e+00  2.5202e-01
4.8000e+00  2.5040e-01
4.9000e+00  2.4894e-01
5.0000e+00  2.4763e-01
5.1000e+00  2.4647e-01
5.2000e+00  2.4544e-01
5.3000e+00  2.4453e-01
5.4000e+00  2.4373e-01
5.5000e+00  2.4303e-01
5.6000e+00  2.4241e-01
5.7000e+00  2.4187e-01
5.8000e+00  2.4138e-01
5.9000e+00  2.4095e-01
6.0000e+00  2.4056e-01
6.1000e+00  2.4019e-01
6.2000e+00  2.3984e-01
6.3000e+00  2.3948e-01
6.4000e+00  2.3913e-01
6.5000e+00  2.3875e-01
6.6000e+00  2.3834e-01
6.7000e+00  2.3790e-01
6.8000e+00  2.3740e-01
6.9000e+00  2.3684e-01
7.0000e+00  2.3622e-01
7.1000e+00  2.3552e-01
7.2000e+00  2.3474e-01
7.3000e+00  2.3386e-01
7.4000e+00  2.3289e-01
7.5000e+00  2.3181e-01
7.6000e+00  2.3062e-01
7.7000e+00  2.2932e-01
7.8000e+00  2.2790e-01
7.9000e+00  2.2636e-01
8.0000e+00  2.2470e-01
8.1000e+00  2.2292e-01
8.2000e+00  2.2101e-01
8.3000e+00  2.1897e-01
8.4000e+00  2.1682e-01
8.5000e+00  2.1454e-01
8.6000e+00  2.1214e-01
8.7000e+00  2.0962e-01
8.8000e+00  2.0699e-01
8.9000e+00  2.0425e-01
9.0000e+00  2.0141e-01
9.1000e+00  1.9847e-01
9.2000e+00  1.9544e-01
9.3000e+00  1.9232e-01
9.4000e+00  1.8912e-01
9.5000e+00  1.8586e-01
9.6000e+00  1.8252e-01
9.7000e+00  1.7913e-01
9.8000e+00  1.7569e-01
9.9000e+00  1.7221e-01
1.0000e+01  1.6870e-01
1.0100e+01  1.6515e-01
1.0200e+01  1.6160e-01
1.0300e+01  1.5803e-01
1.0400e+01  1.5446e-01
1.0500e+01  1.5089e-01
1.0600e+01  1.4734e-01
1.0700e+01  1.4381e-01
1.0800e+01  1.4030e-01
1.0900e+01  1.3683e-01
1.1000e+01  1.3339e-01
1.1100e+01  1.3000e-01
1.1200e+01  1.2665e-01
1.1300e+01  1.2336e-01
1.1400e+01  1.2013e-01
1.1500e+01  1.1696e-01
1.1600e+01  1.1385e-01
1.1700e+01  1.1082e-01
1.1800e+01  1.0785e-01
1.1900e+01  1.0496e-01
1.2000e+01  1.0214e-01
1.2100e+01  9.9397e-02
1.2200e+01  9.6732e-02
1.2300e+01  9.4146e-02
1.2400e+01  9.1638e-02
1.2500e+01  8.9209e-02
1.2600e+01  8.6858e-02
1.2700e+01  8.4585e-02
1.2800e+01  8.2389e-02
1.2900e+01  8.0269e-02
1.3000e+01  7.8224e-02
1.3100e+01  7.6253e-02
1.3200e+01  7.4354e-02
1.3300e+01  7.2526e-02
1.3400e+01  7.0767e-02
1.3500e+01  6.9074e-02
1.3600e+01  6.7447e-02
1.3700e+01  6.5883e-02
1.3800e+01  6.4380e-02
1.3900e+01  6.2936e-02
1.4000e+01  6.1550e-02
1.4100e+01  6.0219e-02
1.4200e+01  5.8940e-02
1.4300e+01  5.7713e-02
1.4400e+01  5.6535e-02
1.4500e+01  5.5405e-02
1.4600e+01  5.4320e-02
1.4700e+01  5.3278e-02
1.4800e+01  5.2279e-02
1.4900e+01  5.1319e-02
1.5000e+01  5.0398e-02
1.5100e+01  4.9515e-02
1.5200e+01  4.8667e-02
1.5300e+01  4.7853e-02
1.5400e+01  4.7072e-02
1.5500e+01  4.6323e-02
1.5600e+01  4.5604e-02
1.5700e+01  4.4915e-02
1.5800e+01  4.4254e-02
1.5900e+01  4.3621e-02
1.6000e+01  4.3015e-02
1.6100e+01  4.2434e-02
1.6200e+01  4.1879e-02
1.6300e+01  4.1349e-02
1.6400e+01  4.0842e-02
1.6500e+01  4.0359e-02
1.6600e+01  3.9900e-02
1.6700e+01  3.9463e-02
1.6800e+01  3.9049e-02
1.6900e+01  3.8658e-02
1.7000e+01  3.8289e-02
1.7100e+01  3.7942e-02
1.7200e+01  3.7618e-02
1.7300e+01  3.7317e-02
1.7400e+01  3.7038e-02
1.7500e+01  3.6782e-02
1.7600e+01  3.6550e-02
1.7700e+01  3.6341e-02
1.7800e+01  3.6157e-02
1.7900e+01  3.5997e-02
1.8000e+01  3.5863e-02
1.8100e+01  3.5756e-02
1.8200e+01  3.5675e-02
1.8300e+01  3.5622e-02
1.8400e+01  3.5599e-02
1.8500e+01  3.5605e-02
1.8600e+01  3.5643e-02
1.8700e+01  3.5713e-02
1.8800e+01  3.5816e-02
1.8900e+01  3.5955e-02
1.9000e+01  3.6130e-02
1.9100e+01  3.6344e-02
1.9200e+01  3.6597e-02
1.9300e+01  3.6891e-02
1.9400e+01  3.7229e-02
1.9500e+01  3.7612e-02
1.9600e+01  3.8041e-02
1.9700e+01  3.8519e-02
1.9800e+01  3.9048e-02
1.9900e+01  3.9629e-02
2.0000e+01  4.0265e-02
2.0100e+01  4.0958e-02
2.0200e+01  4.1709e-02
2.0300e+01  4.2521e-02
2.0400e+01  4.3395e-02
2.0500e+01  4.4334e-02
2.0600e+01  4.5339e-02
2.0700e+01  4.6411e-02
2.0800e+01  4.7553e-02
2.0900e+01  4.8766e-02
2.1000e+01  5.0050e-02
2.1100e+01  5.1407e-02
2.1200e+01  5.2838e-02
2.1300e+01  5.4343e-02
2.1400e+01  5.5923e-02
2.1500e+01  5.7576e-02
2.1600e+01  5.9304e-02
2.1700e+01  6.1104e-02
2.1800e+01  6.2976e-02
2.1900e+01  6.4918e-02
2.2000e+01  6.6928e-02
2.2100e+01  6.9002e-02
2.2200e+01  7.1139e-02
2.2300e+01  7.3333e-02
2.2400e+01  7.5582e-02
2.2500e+01  7.7879e-02
2.2600e+01  8.0220e-02
2.2700e+01  8.2599e-02
2.2800e+01  8.5008e-02
2.2900e+01  8.7441e-02
2.3000e+01  8.9891e-02
2.3100e+01  9.2348e-02
2.3200e+01  9.4804e-02
2.3300e+01  9.7250e-02
2.3400e+01  9.9676e-02
2.3500e+01  1.0207e-01
2.3600e+01  1.0443e-01
2.3700e+01  1.0673e-01
2.3800e+01  1.0898e-01
2.3900e+01  1.1115e-01
2.4000e+01  1.1323e-01
2.4100e+01  1.1523e-01
2.4200e+01  1.1711e-01
2.4300e+01  1.1888e-01
2.4400e+01  1.2052e-01
2.4500e+01  1.2203e-01
2.4600e+01  1.2339e-01
2.4700e+01  1.2459e-01
2.4800e+01  1.2563e-01
2.4900e+01  1.2650e-01
2.5000e+01  1.2718e-01
2.5100e+01  1.2769e-01
2.5200e+01  1.2800e-01
2.5300e+01  1.2812e-01
2.5400e+01  1.2804e-01
2.5500e+01  1.2777e-01
2.5600e+01  1.2729e-01
2.5700e+01  1.2662e-01
2.5800e+01  1.2575e-01
2.5900e+01  1.2468e-01
2.6000e+01  1.2342e-01
2.6100e+01  1.2198e-01
2.6200e+01  1.2036e-01
2.6300e+01  1.1857e-01
2.6400e+01  1.1661e-01
2.6500e+01  1.1450e-01
2.6600e+01  1.1224e-01
2.6700e+01  1.0985e-01
2.6800e+01  1.0733e-01
2.6900e+01  1.0470e-01
2.7000e+01  1.0197e-01
2.7100e+01  9.9160e-02
2.7200e+01  9.6272e-02
2.7300e+01  9.3323e-02
2.7400e+01  9.0326e-02
2.7500e+01  8.7294e-02
2.7600e+01  8.4240e-02
2.7700e+01  8.1176e-02
2.7800e+01  7.8115e-02
2.7900e+01  7.5067e-02
2.8000e+01  7.2045e-02
2.8100e+01  6.9060e-02
2.8200e+01  6.6121e-02
2.8300e+01  6.3238e-02
2.8400e+01  6.0421e-02
2.8500e+01  5.7679e-02
2.8600e+01  5.5020e-02
2.8700e+01  5.2454e-02
2.8800e+01  4.9992e-02
2.8900e+01  4.7651e-02
2.9000e+01  4.5463e-02
2.9100e+01  4.3542e-02
2.9200e+01  4.1519e-02
2.9300e+01  3.8975e-02
2.9400e+01  3.6430e-02
2.9500e+01  3.4253e-02
2.9600e+01  3.2300e-02
2.9700e+01  3.0519e-02
2.9800e+01  2.8884e-02
2.9900e+01  2.7379e-02
3.0000e+01  2.5991e-02
3.0100e+01  2.4710e-02
3.0200e+01  2.3529e-02
3.0300e+01  2.2439e-02
3.0400e+01  2.1434e-02
3.0500e+01  2.0507e-02
3.0600e+01  1.9654e-02
3.0700e+01  1.8868e-02
3.0800e+01  1.8145e-02
3.0900e+01  1.7479e-02
3.1000e+01  1.6866e-02
3.1100e+01  1.6303e-02
3.1200e+01  1.5784e-02
3.1300e+01  1.5306e-02
3.1400e+01  1.4866e-02
3.1500e+01  1.4460e-02
3.1600e+01  1.4086e-02
3.1700e+01  1.3741e-02
3.1800e+01  1.3421e-02
3.1900e+01  1.3125e-02
3.2000e+01  1.2851e-02
3.2100e+01  1.2596e-02
3.2200e+01  1.2359e-02
3.2300e+01  1.2138e-02
3.2400e+01  1.1931e-02
3.2500e+01  1.1737e-02
3.2600e+01  1.1555e-02
3.2700e+01  1.1384e-02
3.2800e+01  1.1222e-02
3.2900e+01  1.1069e-02
3.3000e+01  1.0924e-02
3.3100e+01  1.0787e-02
3.3200e+01  1.0655e-02
3.3300e+01  1.0530e-02
3.3400e+01  1.0410e-02
3.3500e+01  1.0295e-02
3.3600e+01  1.0184e-02
3.3700e+01  1.0077e-02
3.3800e+01  9.9747e-03
3.3900e+01  9.8753e-03
3.4000e+01  9.7791e-03
3.4100e+01  9.6858e-03
3.4200e+01  9.5952e-03
3.4300e+01  9.5072e-03
3.4400e+01  9.4216e-03
3.4500e+01  9.3381e-03
3.4600e+01  9.2567e-03
3.4700e+01  9.1773e-03
3.4800e+01  9.0997e-03
3.4900e+01  9.0238e-03
3.5000e+01  8.9495e-03
3.5100e+01  8.8768e-03
3.5200e+01  8.8056e-03
3.5300e+01  8.7357e-03
3.5400e+01  8.6672e-03
3.5500e+01  8.6000e-03
3.5600e+01  8.5340e-03
3.5700e+01  8.4692e-03
3.5800e+01  8.4056e-03
3.5900e+01  8.3430e-03
3.6000e+01  8.2815e-03
3.6100e+01  8.2210e-03
3.6200e+01  8.1614e-03
3.6300e+01  8.1028e-03
3.6400e+01  8.0451e-03
3.6500e+01  7.9883e-03
3.6600e+01  7.9324e-03
3.6700e+01  7.8773e-03
3.6800e+01  7.8230e-03
3.6900e+01  7.7695e-03
3.7000e+01  7.7167e-03
3.7100e+01  7.6647e-03
3.7200e+01  7.6134e-03
3.7300e+01  7.5628e-03
3.7400e+01  7.5129e-03
3.7500e+01  7.4636e-03
3.7600e+01  7.4150e-03
3.7700e+01  7.3670e-03
3.7800e+01  7.3197e-03
3.7900e+01  7.2729e-03
3.8000e+01  7.2268e-03
3.8100e+01  7.1812e-03
3.8200e+01  7.1361e-03
3.8300e+01  7.0916e-03
3.8400e+01  7.0477e-03
3.8500e+01  7.0042e-03
3.8600e+01  6.9613e-03
3.8700e+01  6.9189e-03
3.8800e+01  6.8770e-03
3.8900e+01  6.8355e-03
3.9000e+01  6.7946e-03
3.9100e+01  6.7540e-03
3.9200e+01  6.7140e-03
3.9300e+01  6.6744e-03
3.9400e+01  6.6352e-03
3.9500e+01  6.5964e-03
3.9600e+01  6.5581e-03
3.9700e+01  6.5201e-03
3.9800e+01  6.4826e-03
3.9900e+01  6.4454e-03
4.0000e+01  6.4087e-03
4.0100e+01  6.3723e-03
4.0200e+01  6.3363e-03
4.0300e+01  6.3007e-03
4.0400e+01  6.2654e-03
4.0500e+01  6.2305e-03
4.0600e+01  6.1959e-03
4.0700e+01  6.1617e-03
4.0800e+01  6.1278e-03
4.0900e+01  6.0942e-03
4.1000e+01  6.0610e-03
4.1100e+01  6.0280e-03
4.1200e+01  5.9954e-03
4.1300e+01  5.9631e-03
4.1400e+01  5.9311e-03
4.1500e+01  5.8995e-03
4.1600e+01  5.8681e-03
4.1700e+01  5.8370e-03
4.1800e+01  5.8061e-03
4.1900e+01  5.7756e-03
4.2000e+01  5.7453e-03
4.2100e+01  5.7153e-03
4.2200e+01  5.6856e-03
4.2300e+01  5.6562e-03
4.2400e+01  5.6270e-03
4.2500e+01  5.5981e-03
4.2600e+01  5.5694e-03
4.2700e+01  5.5409e-03
4.2800e+01  5.5128e-03
4.2900e+01  5.4848e-03
4.3000e+01  5.4571e-03
4.3100e+01  5.4297e-03
4.3200e+01  5.4024e-03
4.3300e+01  5.3754e-03
4.3400e+01  5.3487e-03
4.3500e+01  5.3221e-03
4.3600e+01  5.2958e-03
4.3700e+01  5.2697e-03
4.3800e+01  5.2438e-03
4.3900e+01  5.2181e-03
4.4000e+01  5.1926e-03
4.4100e+01  5.1674e-03
4.4200e+01  5.1423e-03
4.4300e+01  5.1174e-03
4.4400e+01  5.0928e-03
4.4500e+01  5.0683e-03
4.4600e+01  5.0440e-03
4.4700e+01  5.0199e-03
4.4800e+01  4.9960e-03
4.4900e+01  4.9723e-03
4.5000e+01  4.9487e-03
4.5100e+01  4.9254e-03
4.5200e+01  4.9022e-03
4.5300e+01  4.8792e-03
4.5400e+01  4.8563e-03
4.5500e+01  4.8336e-03
4.5600e+01  4.8111e-03
4.5700e+01  4.7887e-03
4.5800e+01  4.7665e-03
4.5900e+01  4.7444e-03
4.6000e+01  4.7225e-03
4.6100e+01  4.7007e-03
4.6200e+01  4.6791e-03
4.6300e+01  4.6575e-03
4.6400e+01  4.6362e-03
4.6500e+01  4.6149e-03
4.6600e+01  4.5937e-03
4.6700e+01  4.5727e-03
4.6800e+01  4.5518e-03
4.6900e+01  4.5310e-03
4.7000e+01  4.5102e-03
4.7100e+01  4.4896e-03
4.7200e+01  4.4690e-03
4.7300e+01  4.4485e-03
4.7400e+01  4.4281e-03
4.7500e+01  4.4077e-03
4.7600e+01  4.3874e-03
4.7700e+01  4.3671e-03
4.7800e+01  4.3469e-03
4.7900e+01  4.3266e-03
4.8000e+01  4.3064e-03
4.8100e+01  4.2863e-03
4.8200e+01  4.2661e-03
4.8300e+01  4.2459e-03
4.8400e+01  4.2257e-03
4.8500e+01  4.2055e-03
4.8600e+01  4.1852e-03
4.8700e+01  4.1649e-03
4.8800e+01  4.1446e-03
4.8900e+01  4.1243e-03
4.9000e+01  4.1038e-03
4.9100e+01  4.0834e-03
4.9200e+01  4.0628e-03
4.9300e+01  4.0423e-03
4.9400e+01  4.0216e-03
4.9500e+01  4.0009e-03
4.9600e+01  3.9801e-03
4.9700e+01  3.9592e-03
4.9800e+01  3.9383e-03
4.9900e+01  3.9173e-03
5.0000e+01  3.8963e-03
5.0100e+01  3.8752e-03
5.0200e+01  3.8540e-03
5.0300e+01  3.8329e-03
5.0400e+01  3.8116e-03
5.0500e+01  3.7903e-03
5.0600e+01  3.7690e-03
5.0700e+01  3.7477e-03
5.0800e+01  3.7263e-03
5.0900e+01  3.7049e-03
5.1000e+01  3.6833e-03
5.1100e+01  3.6616e-03
5.1200e+01  3.6393e-03
5.1300e+01  3.6147e-03
5.1400e+01  3.5540e-03
