-4.8500e+01  3.3863e-05
-4.8400e+01  3.8834e-05
-4.8300e+01  4.3544e-05
-4.8200e+01  4.7841e-05
-4.8100e+01  5.1618e-05
-4.8000e+01  5.4821e-05
-4.7900e+01  5.7448e-05
-4.7800e+01  5.9536e-05
-4.7700e+01  6.1154e-05
-4.7600e+01  6.2383e-05
-4.7500e+01  6.3311e-05
-4.7400e+01  6.4013e-05
-4.7300e+01  6.4558e-05
-4.7200e+01  6.4996e-05
-4.7100e+01  6.5367e-05
-4.7000e+01  6.5697e-05
-4.6900e+01  6.6004e-05
-4.6800e+01  6.6298e-05
-4.6700e+01  6.6587e-05
-4.6600e+01  6.6873e-05
-4.6500e+01  6.7159e-05
-4.6400e+01  6.7447e-05
-4.6300e+01  6.7735e-05
-4.6200e+01  6.8025e-05
-4.6100e+01  6.8317e-05
-4.6000e+01  6.8611e-05
-4.5900e+01  6.8907e-05
-4.5800e+01  6.9205e-05
-4.5700e+01  6.9505e-05
-4.5600e+01  6.9806e-05
-4.5500e+01  7.0110e-05
-4.5400e+01  7.0416e-05
-4.5300e+01  7.0723e-05
-4.5200e+01  7.1033e-05
-4.5100e+01  7.1345e-05
-4.5000e+01  7.1659e-05
-4.4900e+01  7.1974e-05
-4.4800e+01  7.2292e-05
-4.4700e+01  7.2613e-05
-4.4600e+01  7.2935e-05
-4.4500e+01  7.3259e-05
-4.4400e+01  7.3586e-05
-4.4300e+01  7.3915e-05
-4.4200e+01  7.4246e-05
-4.4100e+01  7.4579e-05
-4.4000e+01  7.4915e-05
-4.3900e+01  7.5252e-05
-4.3800e+01  7.5593e-05
-4.3700e+01  7.5935e-05
-4.3600e+01  7.6280e-05
-4.3500e+01  7.6627e-05
-4.3400e+01  7.6976e-05
-4.3300e+01  7.7328e-05
-4.3200e+01  7.7683e-05
-4.3100e+01  7.8040e-05
-4.3000e+01  7.8399e-05
-4.2900e+01  7.8761e-05
-4.2800e+01  7.9125e-05
-4.2700e+01  7.9492e-05
-4.2600e+01  7.9862e-05
-4.2500e+01  8.0234e-05
-4.2400e+01  8.0608e-05
-4.2300e+01  8.0986e-05
-4.2200e+01  8.1366e-05
-4.2100e+01  8.1748e-05
-4.2000e+01  8.2134e-05
-4.1900e+01  8.2522e-05
-4.1800e+01  8.2913e-05
-4.1700e+01  8.3307e-05
-4.1600e+01  8.3703e-05
-4.1500e+01  8.4103e-05
-4.1400e+01  8.4505e-05
-4.1300e+01  8.4910e-05
-4.1200e+01  8.5319e-05
-4.1100e+01  8.5730e-05
-4.1000e+01  8.6144e-05
-4.0900e+01  8.6561e-05
-4.0800e+01  8.6981e-05
-4.0700e+01  8.7405e-05
-4.0600e+01  8.7831e-05
-4.0500e+01  8.8261e-05
-4.0400e+01  8.8693e-05
-4.0300e+01  8.9129e-05
-4.0200e+01  8.9569e-05
-4.0100e+01  9.0011e-05
-4.0000e+01  9.0457e-05
-3.9900e+01  9.0906e-05
-3.9800e+01  9.1359e-05
-3.9700e+01  9.1814e-05
-3.9600e+01  9.2274e-05
-3.9500e+01  9.2737e-05
-3.9400e+01  9.3203e-05
-3.9300e+01  9.3673e-05
-3.9200e+01  9.4146e-05
-3.9100e+01  9.4624e-05
-3.9000e+01  9.5104e-05
-3.8900e+01  9.5589e-05
-3.8800e+01  9.6077e-05
-3.8700e+01  9.6569e-05
-3.8600e+01  9.7065e-05
-3.8500e+01  9.7564e-05
-3.8400e+01  9.8068e-05
-3.8300e+01  9.8575e-05
-3.8200e+01  9.9087e-05
-3.8100e+01  9.9602e-05
-3.8000e+01  1.0012e-04
-3.7900e+01  1.0065e-04
-3.7800e+01  1.0117e-04
-3.7700e+01  1.0171e-04
-3.7600e+01  1.0224e-04
-3.7500e+01  1.0278e-04
-3.7400e+01  1.0333e-04
-3.7300e+01  1.0388e-04
-3.7200e+01  1.0443e-04
-3.7100e+01  1.0499e-04
-3.7000e+01  1.0555e-04
-3.6900e+01  1.0612e-04
-3.6800e+01  1.0669e-04
-3.6700e+01  1.0727e-04
-3.6600e+01  1.0785e-04
-3.6500e+01  1.0843e-04
-3.6400e+01  1.0902e-04
-3.6300e+01  1.0962e-04
-3.6200e+01  1.1022e-04
-3.6100e+01  1.1083e-04
-3.6000e+01  1.1144e-04
-3.5900e+01  1.1205e-04
-3.5800e+01  1.1267e-04
-3.5700e+01  1.1330e-04
-3.5600e+01  1.1393e-04
-3.5500e+01  1.1457e-04
-3.5400e+01  1.1521e-04
-3.5300e+01  1.1586e-04
-3.5200e+01  1.1651e-04
-3.5100e+01  1.1717e-04
-3.5000e+01  1.1783e-04
-3.4900e+01  1.1850e-04
-3.4800e+01  1.1918e-04
-3.4700e+01  1.1986e-04
-3.4600e+01  1.2055e-04
-3.4500e+01  1.2124e-04
-3.4400e+01  1.2194e-04
-3.4300e+01  1.2264e-04
-3.4200e+01  1.2336e-04
-3.4100e+01  1.2407e-04
-3.4000e+01  1.2480e-04
-3.3900e+01  1.2553e-04
-3.3800e+01  1.2627e-04
-3.3700e+01  1.2701e-04
-3.3600e+01  1.2776e-04
-3.3500e+01  1.2852e-04
-3.3400e+01  1.2928e-04
-3.3300e+01  1.3005e-04
-3.3200e+01  1.3083e-04
-3.3100e+01  1.3162e-04
-3.3000e+01  1.3241e-04
-3.2900e+01  1.3321e-04
-3.2800e+01  1.3401e-04
-3.2700e+01  1.3483e-04
-3.2600e+01  1.3565e-04
-3.2500e+01  1.3648e-04
-3.2400e+01  1.3732e-04
-3.2300e+01  1.3816e-04
-3.2200e+01  1.3901e-04
-3.2100e+01  1.3987e-04
-3.2000e+01  1.4074e-04
-3.1900e+01  1.4162e-04
-3.1800e+01  1.4250e-04
-3.1700e+01  1.4340e-04
-3.1600e+01  1.4430e-04
-3.1500e+01  1.4521e-04
-3.1400e+01  1.4613e-04
-3.1300e+01  1.4706e-04
-3.1200e+01  1.4800e-04
-3.1100e+01  1.4894e-04
-3.1000e+01  1.4990e-04
-3.0900e+01  1.5086e-04
-3.0800e+01  1.5184e-04
-3.0700e+01  1.5282e-04
-3.0600e+01  1.5381e-04
-3.0500e+01  1.5482e-04
-3.0400e+01  1.5583e-04
-3.0300e+01  1.5685e-04
-3.0200e+01  1.5789e-04
-3.0100e+01  1.5893e-04
-3.0000e+01  1.5999e-04
-2.9900e+01  1.6105e-04
-2.9800e+01  1.6213e-04
-2.9700e+01  1.6321e-04
-2.9600e+01  1.6431e-04
-2.9500e+01  1.6542e-04
-2.9400e+01  1.6654e-04
-2.9300e+01  1.6767e-04
-2.9200e+01  1.6882e-04
-2.9100e+01  1.6997e-04
-2.9000e+01  1.7114e-04
-2.8900e+01  1.7232e-04
-2.8800e+01  1.7352e-04
-2.8700e+01  1.7472e-04
-2.8600e+01  1.7594e-04
-2.8500e+01  1.7717e-04
-2.8400e+01  1.7841e-04
-2.8300e+01  1.7967e-04
-2.8200e+01  1.8094e-04
-2.8100e+01  1.8223e-04
-2.8000e+01  1.8353e-04
-2.7900e+01  1.8484e-04
-2.7800e+01  1.8617e-04
-2.7700e+01  1.8751e-04
-2.7600e+01  1.8887e-04
-2.7500e+01  1.9024e-04
-2.7400e+01  1.9163e-04
-2.7300e+01  1.9304e-04
-2.7200e+01  1.9446e-04
-2.7100e+01  1.9589e-04
-2.7000e+01  1.9734e-04
-2.6900e+01  1.9881e-04
-2.6800e+01  2.0030e-04
-2.6700e+01  2.0180e-04
-2.6600e+01  2.0333e-04
-2.6500e+01  2.0487e-04
-2.6400e+01  2.0642e-04
-2.6300e+01  2.0800e-04
-2.6200e+01  2.0960e-04
-2.6100e+01  2.1121e-04
-2.6000e+01  2.1285e-04
-2.5900e+01  2.1450e-04
-2.5800e+01  2.1618e-04
-2.5700e+01  2.1788e-04
-2.5600e+01  2.1960e-04
-2.5500e+01  2.2134e-04
-2.5400e+01  2.2311e-04
-2.5300e+01  2.2489e-04
-2.5200e+01  2.2671e-04
-2.5100e+01  2.2855e-04
-2.5000e+01  2.3041e-04
-2.4900e+01  2.3231e-04
-2.4800e+01  2.3423e-04
-2.4700e+01  2.3618e-04
-2.4600e+01  2.3816e-04
-2.4500e+01  2.4018e-04
-2.4400e+01  2.4223e-04
-2.4300e+01  2.4432e-04
-2.4200e+01  2.4646e-04
-2.4100e+01  2.4864e-04
-2.4000e+01  2.5088e-04
-2.3900e+01  2.5318e-04
-2.3800e+01  2.5556e-04
-2.3700e+01  2.5804e-04
-2.3600e+01  2.6064e-04
-2.3500e+01  2.6341e-04
-2.3400e+01  2.6638e-04
-2.3300e+01  2.6962e-04
-2.3200e+01  2.7322e-04
-2.3100e+01  2.7728e-04
-2.3000e+01  2.8189e-04
-2.2900e+01  2.8717e-04
-2.2800e+01  2.9321e-04
-2.2700e+01  3.0006e-04
-2.2600e+01  3.0771e-04
-2.2500e+01  3.1608e-04
-2.2400e+01  3.2497e-04
-2.2300e+01  3.3408e-04
-2.2200e+01  3.4304e-04
-2.2100e+01  3.5143e-04
-2.2000e+01  3.5880e-04
-2.1900e+01  3.6481e-04
-2.1800e+01  3.6917e-04
-2.1700e+01  3.7178e-04
-2.1600e+01  3.7268e-04
-2.1500e+01  3.7208e-04
-2.1400e+01  3.7029e-04
-2.1300e+01  3.6769e-04
-2.1200e+01  3.6468e-04
-2.1100e+01  3.6164e-04
-2.1000e+01  3.5887e-04
-2.0900e+01  3.5657e-04
-2.0800e+01  3.5490e-04
-2.0700e+01  3.5390e-04
-2.0600e+01  3.5358e-04
-2.0500e+01  3.5391e-04
-2.0400e+01  3.5482e-04
-2.0300e+01  3.5624e-04
-2.0200e+01  3.5811e-04
-2.0100e+01  3.6035e-04
-2.0000e+01  3.6291e-04
-1.9900e+01  3.6574e-04
-1.9800e+01  3.6879e-04
-1.9700e+01  3.7203e-04
-1.9600e+01  3.7543e-04
-1.9500e+01  3.7896e-04
-1.9400e+01  3.8261e-04
-1.9300e+01  3.8637e-04
-1.9200e+01  3.9023e-04
-1.9100e+01  3.9418e-04
-1.9000e+01  3.9821e-04
-1.8900e+01  4.0232e-04
-1.8800e+01  4.0652e-04
-1.8700e+01  4.1080e-04
-1.8600e+01  4.1516e-04
-1.8500e+01  4.1959e-04
-1.8400e+01  4.2411e-04
-1.8300e+01  4.2871e-04
-1.8200e+01  4.3339e-04
-1.8100e+01  4.3816e-04
-1.8000e+01  4.4301e-04
-1.7900e+01  4.4794e-04
-1.7800e+01  4.5297e-04
-1.7700e+01  4.5808e-04
-1.7600e+01  4.6328e-04
-1.7500e+01  4.6858e-04
-1.7400e+01  4.7397e-04
-1.7300e+01  4.7946e-04
-1.7200e+01  4.8505e-04
-1.7100e+01  4.9074e-04
-1.7000e+01  4.9653e-04
-1.6900e+01  5.0243e-04
-1.6800e+01  5.0843e-04
-1.6700e+01  5.1455e-04
-1.6600e+01  5.2078e-04
-1.6500e+01  5.2713e-04
-1.6400e+01  5.3359e-04
-1.6300e+01  5.4018e-04
-1.6200e+01  5.4690e-04
-1.6100e+01  5.5374e-04
-1.6000e+01  5.6071e-04
-1.5900e+01  5.6782e-04
-1.5800e+01  5.7506e-04
-1.5700e+01  5.8245e-04
-1.5600e+01  5.8998e-04
-1.5500e+01  5.9766e-04
-1.5400e+01  6.0550e-04
-1.5300e+01  6.1349e-04
-1.5200e+01  6.2164e-04
-1.5100e+01  6.2996e-04
-1.5000e+01  6.3845e-04
-1.4900e+01  6.4712e-04
-1.4800e+01  6.5596e-04
-1.4700e+01  6.6499e-04
-1.4600e+01  6.7421e-04
-1.4500e+01  6.8363e-04
-1.4400e+01  6.9325e-04
-1.4300e+01  7.0307e-04
-1.4200e+01  7.1310e-04
-1.4100e+01  7.2336e-04
-1.4000e+01  7.3384e-04
-1.3900e+01  7.4455e-04
-1.3800e+01  7.5550e-04
-1.3700e+01  7.6670e-04
-1.3600e+01  7.7815e-04
-1.3500e+01  7.8987e-04
-1.3400e+01  8.0185e-04
-1.3300e+01  8.1411e-04
-1.3200e+01  8.2666e-04
-1.3100e+01  8.3950e-04
-1.3000e+01  8.5265e-04
-1.2900e+01  8.6611e-04
-1.2800e+01  8.7990e-04
-1.2700e+01  8.9403e-04
-1.2600e+01  9.0850e-04
-1.2500e+01  9.2333e-04
-1.2400e+01  9.3853e-04
-1.2300e+01  9.5411e-04
-1.2200e+01  9.7009e-04
-1.2100e+01  9.8648e-04
-1.2000e+01  1.0033e-03
-1.1900e+01  1.0205e-03
-1.1800e+01  1.0382e-03
-1.1700e+01  1.0564e-03
-1.1600e+01  1.0751e-03
-1.1500e+01  1.0943e-03
-1.1400e+01  1.1139e-03
-1.1300e+01  1.1342e-03
-1.1200e+01  1.1550e-03
-1.1100e+01  1.1764e-03
-1.1000e+01  1.1984e-03
-1.0900e+01  1.2210e-03
-1.0800e+01  1.2442e-03
-1.0700e+01  1.2682e-03
-1.0600e+01  1.2929e-03
-1.0500e+01  1.3183e-03
-1.0400e+01  1.3444e-03
-1.0300e+01  1.3714e-03
-1.0200e+01  1.3992e-03
-1.0100e+01  1.4278e-03
-1.0000e+01  1.4574e-03
-9.9000e+00  1.4879e-03
-9.8000e+00  1.5194e-03
-9.7000e+00  1.5519e-03
-9.6000e+00  1.5855e-03
-9.5000e+00  1.6201e-03
-9.4000e+00  1.6560e-03
-9.3000e+00  1.6931e-03
-9.2000e+00  1.7314e-03
-9.1000e+00  1.7711e-03
-9.0000e+00  1.8122e-03
-8.9000e+00  1.8548e-03
-8.8000e+00  1.8989e-03
-8.7000e+00  1.9446e-03
-8.6000e+00  1.9921e-03
-8.5000e+00  2.0413e-03
-8.4000e+00  2.0924e-03
-8.3000e+00  2.1454e-03
-8.2000e+00  2.2006e-03
-8.1000e+00  2.2579e-03
-8.0000e+00  2.3176e-03
-7.9000e+00  2.3797e-03
-7.8000e+00  2.4444e-03
-7.7000e+00  2.5118e-03
-7.6000e+00  2.5820e-03
-7.5000e+00  2.6554e-03
-7.4000e+00  2.7319e-03
-7.3000e+00  2.8119e-03
-7.2000e+00  2.8956e-03
-7.1000e+00  2.9831e-03
-7.0000e+00  3.0747e-03
-6.9000e+00  3.1707e-03
-6.8000e+00  3.2714e-03
-6.7000e+00  3.3771e-03
-6.6000e+00  3.4882e-03
-6.5000e+00  3.6050e-03
-6.4000e+00  3.7279e-03
-6.3000e+00  3.8574e-03
-6.2000e+00  3.9939e-03
-6.1000e+00  4.1381e-03
-6.0000e+00  4.2904e-03
-5.9000e+00  4.4517e-03
-5.8000e+00  4.6225e-03
-5.7000e+00  4.8038e-03
-5.6000e+00  4.9963e-03
-5.5000e+00  5.2011e-03
-5.4000e+00  5.4194e-03
-5.3000e+00  5.6523e-03
-5.2000e+00  5.9014e-03
-5.1000e+00  6.1681e-03
-5.0000e+00  6.4543e-03
-4.9000e+00  6.7622e-03
-4.8000e+00  7.0941e-03
-4.7000e+00  7.4528e-03
-4.6000e+00  7.8414e-03
-4.5000e+00  8.2638e-03
-4.4000e+00  8.7245e-03
-4.3000e+00  9.2289e-03
-4.2000e+00  9.7834e-03
-4.1000e+00  1.0396e-02
-4.0000e+00  1.1077e-02
-3.9000e+00  1.1839e-02
-3.8000e+00  1.2699e-02
-3.7000e+00  1.3680e-02
-3.6000e+00  1.4812e-02
-3.5000e+00  1.6136e-02
-3.4000e+00  1.7709e-02
-3.3000e+00  1.9607e-02
-3.2000e+00  2.1933e-02
-3.1000e+00  2.4818e-02
-3.0000e+00  2.8430e-02
-2.9000e+00  3.2970e-02
-2.8000e+00  3.8668e-02
-2.7000e+00  4.5772e-02
-2.6000e+00  5.4524e-02
-2.5000e+00  6.5138e-02
-2.4000e+00  7.7768e-02
-2.3000e+00  9.2481e-02
-2.2000e+00  1.0925e-01
-2.1000e+00  1.2793e-01
-2.0000e+00  1.4835e-01
-1.9000e+00  1.7028e-01
-1.8000e+00  1.9358e-01
-1.7000e+00  2.1821e-01
-1.6000e+00  2.4437e-01
-1.5000e+00  2.7249e-01
-1.4000e+00  3.0326e-01
-1.3000e+00  3.3756e-01
-1.2000e+00  3.7640e-01
-1.1000e+00  4.2073e-01
-1.0000e+00  4.7124e-01
-9.0000e-01  5.2817e-01
-8.0000e-01  5.9108e-01
-7.0000e-01  6.5869e-01
-6.0000e-01  7.2881e-01
-5.0000e-01  7.9836e-01
-4.0000e-01  8.6355e-01
-3.0000e-01  9.2020e-01
-2.0000e-01  9.6413e-01
-1.0000e-01  9.9164e-01
0.0000e+00  1.0000e+00
1.0000e-01  9.8779e-01
2.0000e-01  9.5512e-01
3.0000e-01  9.0369e-01
4.0000e-01  8.3654e-01
5.0000e-01  7.5775e-01
6.0000e-01  6.7194e-01
7.0000e-01  5.8374e-01
8.0000e-01  4.9739e-01
9.0000e-01  4.1633e-01
1.0000e+00  3.4303e-01
1.1000e+00  2.7895e-01
1.2000e+00  2.2460e-01
1.3000e+00  1.7973e-01
1.4000e+00  1.4354e-01
1.5000e+00  1.1494e-01
1.6000e+00  9.2669e-02
1.7000e+00  7.5515e-02
1.8000e+00  6.2373e-02
1.9000e+00  5.2302e-02
2.0000e+00  4.4541e-02
2.1000e+00  3.8497e-02
2.2000e+00  3.3722e-02
2.3000e+00  2.9889e-02
2.4000e+00  2.6757e-02
2.5000e+00  2.4156e-02
2.6000e+00  2.1962e-02
2.7000e+00  2.0087e-02
2.8000e+00  1.8467e-02
2.9000e+00  1.7052e-02
3.0000e+00  1.5806e-02
3.1000e+00  1.4702e-02
3.2000e+00  1.3717e-02
3.3000e+00  1.2834e-02
3.4000e+00  1.2039e-02
3.5000e+00  1.1319e-02
3.6000e+00  1.0665e-02
3.7000e+00  1.0069e-02
3.8000e+00  9.5246e-03
3.9000e+00  9.0250e-03
4.0000e+00  8.5657e-03
4.1000e+00  8.1422e-03
4.2000e+00  7.7510e-03
4.3000e+00  7.3887e-03
4.4000e+00  7.0526e-03
4.5000e+00  6.7401e-03
4.6000e+00  6.4490e-03
4.7000e+00  6.1775e-03
4.8000e+00  5.9238e-03
4.9000e+00  5.6863e-03
5.0000e+00  5.4638e-03
5.1000e+00  5.2550e-03
5.2000e+00  5.0589e-03
5.3000e+00  4.8743e-03
5.4000e+00  4.7006e-03
5.5000e+00  4.5367e-03
5.6000e+00  4.3821e-03
5.7000e+00  4.2361e-03
5.8000e+00  4.0981e-03
5.9000e+00  3.9675e-03
6.0000e+00  3.8438e-03
6.1000e+00  3.7266e-03
6.2000e+00  3.6155e-03
6.3000e+00  3.5101e-03
6.4000e+00  3.4101e-03
6.5000e+00  3.3151e-03
6.6000e+00  3.2249e-03
6.7000e+00  3.1392e-03
6.8000e+00  3.0577e-03
6.9000e+00  2.9802e-03
7.0000e+00  2.9066e-03
7.1000e+00  2.8365e-03
7.2000e+00  2.7700e-03
7.3000e+00  2.7067e-03
7.4000e+00  2.6465e-03
7.5000e+00  2.5894e-03
7.6000e+00  2.5352e-03
7.7000e+00  2.4838e-03
7.8000e+00  2.4351e-03
7.9000e+00  2.3891e-03
8.0000e+00  2.3455e-03
8.1000e+00  2.3045e-03
8.2000e+00  2.2658e-03
8.3000e+00  2.2296e-03
8.4000e+00  2.1957e-03
8.5000e+00  2.1641e-03
8.6000e+00  2.1349e-03
8.7000e+00  2.1080e-03
8.8000e+00  2.0835e-03
8.9000e+00  2.0613e-03
9.0000e+00  2.0415e-03
9.1000e+00  2.0243e-03
9.2000e+00  2.0096e-03
9.3000e+00  1.9976e-03
9.4000e+00  1.9885e-03
9.5000e+00  1.9824e-03
9.6000e+00  1.9796e-03
9.7000e+00  1.9803e-03
9.8000e+00  1.9850e-03
9.9000e+00  1.9940e-03
1.0000e+01  2.0080e-03
1.0100e+01  2.0278e-03
1.0200e+01  2.0543e-03
1.0300e+01  2.0889e-03
1.0400e+01  2.1332e-03
1.0500e+01  2.1896e-03
1.0600e+01  2.2609e-03
1.0700e+01  2.3507e-03
1.0800e+01  2.4639e-03
1.0900e+01  2.6061e-03
1.1000e+01  2.7846e-03
1.1100e+01  3.0080e-03
1.1200e+01  3.2869e-03
1.1300e+01  3.6337e-03
1.1400e+01  4.0630e-03
1.1500e+01  4.5920e-03
1.1600e+01  5.2403e-03
1.1700e+01  6.0308e-03
1.1800e+01  6.9887e-03
1.1900e+01  8.1418e-03
1.2000e+01  9.5186e-03
1.2100e+01  1.1147e-02
1.2200e+01  1.3051e-02
1.2300e+01  1.5246e-02
1.2400e+01  1.7732e-02
1.2500e+01  2.0490e-02
1.2600e+01  2.3476e-02
1.2700e+01  2.6615e-02
1.2800e+01  2.9804e-02
1.2900e+01  3.2914e-02
1.3000e+01  3.5799e-02
1.3100e+01  3.8314e-02
1.3200e+01  4.0328e-02
1.3300e+01  4.1743e-02
1.3400e+01  4.2507e-02
1.3500e+01  4.2628e-02
1.3600e+01  4.2168e-02
1.3700e+01  4.1236e-02
1.3800e+01  3.9980e-02
1.3900e+01  3.8560e-02
1.4000e+01  3.7132e-02
1.4100e+01  3.5830e-02
1.4200e+01  3.4746e-02
1.4300e+01  3.3928e-02
1.4400e+01  3.3374e-02
1.4500e+01  3.3036e-02
1.4600e+01  3.2833e-02
1.4700e+01  3.2659e-02
1.4800e+01  3.2401e-02
1.4900e+01  3.1957e-02
1.5000e+01  3.1245e-02
1.5100e+01  3.0210e-02
1.5200e+01  2.8837e-02
1.5300e+01  2.7142e-02
1.5400e+01  2.5170e-02
1.5500e+01  2.2990e-02
1.5600e+01  2.0681e-02
1.5700e+01  1.8331e-02
1.5800e+01  1.6018e-02
1.5900e+01  1.3815e-02
1.6000e+01  1.1776e-02
1.6100e+01  9.9413e-03
1.6200e+01  8.3318e-03
1.6300e+01  6.9535e-03
1.6400e+01  5.7988e-03
1.6500e+01  4.8505e-03
1.6600e+01  4.0846e-03
1.6700e+01  3.4746e-03
1.6800e+01  2.9933e-03
1.6900e+01  2.6156e-03
1.7000e+01  2.3193e-03
1.7100e+01  2.0856e-03
1.7200e+01  1.8997e-03
1.7300e+01  1.7499e-03
1.7400e+01  1.6272e-03
1.7500e+01  1.5252e-03
1.7600e+01  1.4389e-03
1.7700e+01  1.3650e-03
1.7800e+01  1.3008e-03
1.7900e+01  1.2444e-03
1.8000e+01  1.1945e-03
1.8100e+01  1.1499e-03
1.8200e+01  1.1100e-03
1.8300e+01  1.0739e-03
1.8400e+01  1.0412e-03
1.8500e+01  1.0116e-03
1.8600e+01  9.8452e-04
1.8700e+01  9.5984e-04
1.8800e+01  9.3727e-04
1.8900e+01  9.1662e-04
1.9000e+01  8.9770e-04
1.9100e+01  8.8038e-04
1.9200e+01  8.6454e-04
1.9300e+01  8.5005e-04
1.9400e+01  8.3684e-04
1.9500e+01  8.2482e-04
1.9600e+01  8.1394e-04
1.9700e+01  8.0413e-04
1.9800e+01  7.9536e-04
1.9900e+01  7.8758e-04
2.0000e+01  7.8077e-04
2.0100e+01  7.7491e-04
2.0200e+01  7.6998e-04
2.0300e+01  7.6599e-04
2.0400e+01  7.6293e-04
2.0500e+01  7.6082e-04
2.0600e+01  7.5967e-04
2.0700e+01  7.5953e-04
2.0800e+01  7.6042e-04
2.0900e+01  7.6240e-04
2.1000e+01  7.6553e-04
2.1100e+01  7.6992e-04
2.1200e+01  7.7566e-04
2.1300e+01  7.8290e-04
2.1400e+01  7.9183e-04
2.1500e+01  8.0266e-04
2.1600e+01  8.1572e-04
2.1700e+01  8.3141e-04
2.1800e+01  8.5027e-04
2.1900e+01  8.7300e-04
2.2000e+01  9.0054e-04
2.2100e+01  9.3407e-04
2.2200e+01  9.7512e-04
2.2300e+01  1.0256e-03
2.2400e+01  1.0878e-03
2.2500e+01  1.1645e-03
2.2600e+01  1.2590e-03
2.2700e+01  1.3748e-03
2.2800e+01  1.5160e-03
2.2900e+01  1.6869e-03
2.3000e+01  1.8925e-03
2.3100e+01  2.1375e-03
2.3200e+01  2.4274e-03
2.3300e+01  2.7675e-03
2.3400e+01  3.1633e-03
2.3500e+01  3.6197e-03
2.3600e+01  4.1408e-03
2.3700e+01  4.7291e-03
2.3800e+01  5.3843e-03
2.3900e+01  6.1027e-03
2.4000e+01  6.8761e-03
2.4100e+01  7.6916e-03
2.4200e+01  8.5318e-03
2.4300e+01  9.3759e-03
2.4400e+01  1.0202e-02
2.4500e+01  1.0988e-02
2.4600e+01  1.1716e-02
2.4700e+01  1.2374e-02
2.4800e+01  1.2955e-02
2.4900e+01  1.3461e-02
2.5000e+01  1.3902e-02
2.5100e+01  1.4292e-02
2.5200e+01  1.4650e-02
2.5300e+01  1.4997e-02
2.5400e+01  1.5352e-02
2.5500e+01  1.5733e-02
2.5600e+01  1.6155e-02
2.5700e+01  1.6627e-02
2.5800e+01  1.7152e-02
2.5900e+01  1.7730e-02
2.6000e+01  1.8357e-02
2.6100e+01  1.9025e-02
2.6200e+01  1.9728e-02
2.6300e+01  2.0458e-02
2.6400e+01  2.1208e-02
2.6500e+01  2.1975e-02
2.6600e+01  2.2756e-02
2.6700e+01  2.3552e-02
2.6800e+01  2.4361e-02
2.6900e+01  2.5181e-02
2.7000e+01  2.6008e-02
2.7100e+01  2.6833e-02
2.7200e+01  2.7646e-02
2.7300e+01  2.8431e-02
2.7400e+01  2.9170e-02
2.7500e+01  2.9841e-02
2.7600e+01  3.0423e-02
2.7700e+01  3.0894e-02
2.7800e+01  3.1231e-02
2.7900e+01  3.1417e-02
2.8000e+01  3.1435e-02
2.8100e+01  3.1274e-02
2.8200e+01  3.0924e-02
2.8300e+01  3.0383e-02
2.8400e+01  2.9654e-02
2.8500e+01  2.8744e-02
2.8600e+01  2.7667e-02
2.8700e+01  2.6442e-02
2.8800e+01  2.5093e-02
2.8900e+01  2.3647e-02
2.9000e+01  2.2133e-02
2.9100e+01  2.0582e-02
2.9200e+01  1.9021e-02
2.9300e+01  1.7475e-02
2.9400e+01  1.5965e-02
2.9500e+01  1.4509e-02
2.9600e+01  1.3116e-02
2.9700e+01  1.1796e-02
2.9800e+01  1.0554e-02
2.9900e+01  9.3922e-03
3.0000e+01  8.3123e-03
3.0100e+01  7.3155e-03
3.0200e+01  6.4024e-03
3.0300e+01  5.5734e-03
3.0400e+01  4.8282e-03
3.0500e+01  4.1657e-03
3.0600e+01  3.5840e-03
3.0700e+01  3.0794e-03
3.0800e+01  2.6471e-03
3.0900e+01  2.2813e-03
3.1000e+01  1.9751e-03
3.1100e+01  1.7212e-03
3.1200e+01  1.5121e-03
3.1300e+01  1.3408e-03
3.1400e+01  1.2007e-03
3.1500e+01  1.0858e-03
3.1600e+01  9.9135e-04
3.1700e+01  9.1300e-04
3.1800e+01  8.4743e-04
3.1900e+01  7.9192e-04
3.2000e+01  7.4437e-04
3.2100e+01  7.0313e-04
3.2200e+01  6.6697e-04
3.2300e+01  6.3491e-04
3.2400e+01  6.0622e-04
3.2500e+01  5.8034e-04
3.2600e+01  5.5682e-04
3.2700e+01  5.3532e-04
3.2800e+01  5.1556e-04
3.2900e+01  4.9732e-04
3.3000e+01  4.8043e-04
3.3100e+01  4.6472e-04
3.3200e+01  4.5007e-04
3.3300e+01  4.3638e-04
3.3400e+01  4.2354e-04
3.3500e+01  4.1148e-04
3.3600e+01  4.0013e-04
3.3700e+01  3.8942e-04
3.3800e+01  3.7930e-04
3.3900e+01  3.6973e-04
3.4000e+01  3.6066e-04
3.4100e+01  3.5204e-04
3.4200e+01  3.4386e-04
3.4300e+01  3.3606e-04
3.4400e+01  3.2864e-04
3.4500e+01  3.2155e-04
3.4600e+01  3.1478e-04
3.4700e+01  3.0831e-04
3.4800e+01  3.0212e-04
3.4900e+01  2.9618e-04
3.5000e+01  2.9049e-04
3.5100e+01  2.8502e-04
3.5200e+01  2.7977e-04
3.5300e+01  2.7473e-04
3.5400e+01  2.6987e-04
3.5500e+01  2.6519e-04
3.5600e+01  2.6068e-04
3.5700e+01  2.5633e-04
3.5800e+01  2.5214e-04
3.5900e+01  2.4808e-04
3.6000e+01  2.4417e-04
3.6100e+01  2.4038e-04
3.6200e+01  2.3671e-04
3.6300e+01  2.3317e-04
3.6400e+01  2.2973e-04
3.6500e+01  2.2640e-04
3.6600e+01  2.2317e-04
3.6700e+01  2.2004e-04
3.6800e+01  2.1699e-04
3.6900e+01  2.1404e-04
3.7000e+01  2.1117e-04
3.7100e+01  2.0838e-04
3.7200e+01  2.0567e-04
3.7300e+01  2.0303e-04
3.7400e+01  2.0046e-04
3.7500e+01  1.9795e-04
3.7600e+01  1.9552e-04
3.7700e+01  1.9314e-04
3.7800e+01  1.9083e-04
3.7900e+01  1.8857e-04
3.8000e+01  1.8636e-04
3.8100e+01  1.8422e-04
3.8200e+01  1.8212e-04
3.8300e+01  1.8007e-04
3.8400e+01  1.7806e-04
3.8500e+01  1.7611e-04
3.8600e+01  1.7420e-04
3.8700e+01  1.7233e-04
3.8800e+01  1.7050e-04
3.8900e+01  1.6871e-04
3.9000e+01  1.6696e-04
3.9100e+01  1.6524e-04
3.9200e+01  1.6356e-04
3.9300e+01  1.6192e-04
3.9400e+01  1.6031e-04
3.9500e+01  1.5873e-04
3.9600e+01  1.5719e-04
3.9700e+01  1.5567e-04
3.9800e+01  1.5418e-04
3.9900e+01  1.5273e-04
4.0000e+01  1.5130e-04
4.0100e+01  1.4989e-04
4.0200e+01  1.4851e-04
4.0300e+01  1.4716e-04
4.0400e+01  1.4583e-04
4.0500e+01  1.4453e-04
4.0600e+01  1.4325e-04
4.0700e+01  1.4199e-04
4.0800e+01  1.4075e-04
4.0900e+01  1.3954e-04
4.1000e+01  1.3835e-04
4.1100e+01  1.3717e-04
4.1200e+01  1.3602e-04
4.1300e+01  1.3488e-04
4.1400e+01  1.3376e-04
4.1500e+01  1.3266e-04
4.1600e+01  1.3158e-04
4.1700e+01  1.3052e-04
4.1800e+01  1.2947e-04
4.1900e+01  1.2844e-04
4.2000e+01  1.2743e-04
4.2100e+01  1.2643e-04
4.2200e+01  1.2544e-04
4.2300e+01  1.2447e-04
4.2400e+01  1.2352e-04
4.2500e+01  1.2258e-04
4.2600e+01  1.2165e-04
4.2700e+01  1.2073e-04
4.2800e+01  1.1983e-04
4.2900e+01  1.1894e-04
4.3000e+01  1.1807e-04
4.3100e+01  1.1721e-04
4.3200e+01  1.1635e-04
4.3300e+01  1.1551e-04
4.3400e+01  1.1469e-04
4.3500e+01  1.1387e-04
4.3600e+01  1.1306e-04
4.3700e+01  1.1227e-04
4.3800e+01  1.1148e-04
4.3900e+01  1.1071e-04
4.4000e+01  1.0995e-04
4.4100e+01  1.0919e-04
4.4200e+01  1.0845e-04
4.4300e+01  1.0771e-04
4.4400e+01  1.0698e-04
4.4500e+01  1.0627e-04
4.4600e+01  1.0556e-04
4.4700e+01  1.0486e-04
4.4800e+01  1.0417e-04
4.4900e+01  1.0349e-04
4.5000e+01  1.0281e-04
4.5100e+01  1.0215e-04
4.5200e+01  1.0149e-04
4.5300e+01  1.0084e-04
4.5400e+01  1.0020e-04
4.5500e+01  9.9560e-05
4.5600e+01  9.8933e-05
4.5700e+01  9.8312e-05
4.5800e+01  9.7698e-05
4.5900e+01  9.7092e-05
4.6000e+01  9.6492e-05
4.6100e+01  9.5899e-05
4.6200e+01  9.5312e-05
4.6300e+01  9.4732e-05
4.6400e+01  9.4159e-05
4.6500e+01  9.3592e-05
4.6600e+01  9.3030e-05
4.6700e+01  9.2475e-05
4.6800e+01  9.1926e-05
4.6900e+01  9.1383e-05
4.7000e+01  9.0845e-05
4.7100e+01  9.0313e-05
4.7200e+01  8.9787e-05
4.7300e+01  8.9266e-05
4.7400e+01  8.8750e-05
4.7500e+01  8.8240e-05
4.7600e+01  8.7735e-05
4.7700e+01  8.7235e-05
4.7800e+01  8.6740e-05
4.7900e+01  8.6250e-05
4.8000e+01  8.5765e-05
4.8100e+01  8.5285e-05
4.8200e+01  8.4809e-05
4.8300e+01  8.4338e-05
4.8400e+01  8.3872e-05
4.8500e+01  8.3410e-05
4.8600e+01  8.2953e-05
4.8700e+01  8.2500e-05
4.8800e+01  8.2052e-05
4.8900e+01  8.1608e-05
4.9000e+01  8.1167e-05
4.9100e+01  8.0731e-05
4.9200e+01  8.0299e-05
4.9300e+01  7.9871e-05
4.9400e+01  7.9446e-05
4.9500e+01  7.9025e-05
4.9600e+01  7.8604e-05
4.9700e+01  7.8183e-05
4.9800e+01  7.7757e-05
4.9900e+01  7.7318e-05
5.0000e+01  7.6854e-05
5.0100e+01  7.6344e-05
5.0200e+01  7.5757e-05
5.0300e+01  7.5049e-05
5.0400e+01  7.4160e-05
5.0500e+01  7.3012e-05
5.0600e+01  7.1515e-05
5.0700e+01  6.9570e-05
5.0800e+01  6.7083e-05
5.0900e+01  6.3975e-05
5.1000e+01  6.0202e-05
5.1100e+01  5.5768e-05
5.1200e+01  5.0735e-05
5.1300e+01  4.5228e-05
5.1400e+01  3.9424e-05
