-4.8600e+01  3.7805e-05
-4.8500e+01  3.7959e-05
-4.8400e+01  3.8115e-05
-4.8300e+01  3.8271e-05
-4.8200e+01  3.8428e-05
-4.8100e+01  3.8587e-05
-4.8000e+01  3.8746e-05
-4.7900e+01  3.8906e-05
-4.7800e+01  3.9068e-05
-4.7700e+01  3.9230e-05
-4.7600e+01  3.9393e-05
-4.7500e+01  3.9558e-05
-4.7400e+01  3.9723e-05
-4.7300e+01  3.9890e-05
-4.7200e+01  4.0057e-05
-4.7100e+01  4.0226e-05
-4.7000e+01  4.0396e-05
-4.6900e+01  4.0566e-05
-4.6800e+01  4.0738e-05
-4.6700e+01  4.0911e-05
-4.6600e+01  4.1085e-05
-4.6500e+01  4.1260e-05
-4.6400e+01  4.1437e-05
-4.6300e+01  4.1614e-05
-4.6200e+01  4.1793e-05
-4.6100e+01  4.1972e-05
-4.6000e+01  4.2153e-05
-4.5900e+01  4.2335e-05
-4.5800e+01  4.2519e-05
-4.5700e+01  4.2703e-05
-4.5600e+01  4.2889e-05
-4.5500e+01  4.3076e-05
-4.5400e+01  4.3264e-05
-4.5300e+01  4.3453e-05
-4.5200e+01  4.3644e-05
-4.5100e+01  4.3836e-05
-4.5000e+01  4.4029e-05
-4.4900e+01  4.4223e-05
-4.4800e+01  4.4419e-05
-4.4700e+01  4.4616e-05
-4.4600e+01  4.4815e-05
-4.4500e+01  4.5014e-05
-4.4400e+01  4.5215e-05
-4.4300e+01  4.5418e-05
-4.4200e+01  4.5622e-05
-4.4100e+01  4.5827e-05
-4.4000e+01  4.6033e-05
-4.3900e+01  4.6241e-05
-4.3800e+01  4.6451e-05
-4.3700e+01  4.6661e-05
-4.3600e+01  4.6874e-05
-4.3500e+01  4.7088e-05
-4.3400e+01  4.7303e-05
-4.3300e+01  4.7519e-05
-4.3200e+01  4.7738e-05
-4.3100e+01  4.7957e-05
-4.3000e+01  4.8179e-05
-4.2900e+01  4.8401e-05
-4.2800e+01  4.8626e-05
-4.2700e+01  4.8852e-05
-4.2600e+01  4.9079e-05
-4.2500e+01  4.9308e-05
-4.2400e+01  4.9539e-05
-4.2300e+01  4.9771e-05
-4.2200e+01  5.0005e-05
-4.2100e+01  5.0241e-05
-4.2000e+01  5.0478e-05
-4.1900e+01  5.0717e-05
-4.1800e+01  5.0958e-05
-4.1700e+01  5.1201e-05
-4.1600e+01  5.1445e-05
-4.1500e+01  5.1691e-05
-4.1400e+01  5.1939e-05
-4.1300e+01  5.2188e-05
-4.1200e+01  5.2440e-05
-4.1100e+01  5.2693e-05
-4.1000e+01  5.2948e-05
-4.0900e+01  5.3205e-05
-4.0800e+01  5.3464e-05
-4.0700e+01  5.3724e-05
-4.0600e+01  5.3987e-05
-4.0500e+01  5.4252e-05
-4.0400e+01  5.4518e-05
-4.0300e+01  5.4787e-05
-4.0200e+01  5.5057e-05
-4.0100e+01  5.5330e-05
-4.0000e+01  5.5604e-05
-3.9900e+01  5.5881e-05
-3.9800e+01  5.6160e-05
-3.9700e+01  5.6441e-05
-3.9600e+01  5.6724e-05
-3.9500e+01  5.7009e-05
-3.9400e+01  5.7296e-05
-3.9300e+01  5.7585e-05
-3.9200e+01  5.7877e-05
-3.9100e+01  5.8171e-05
-3.9000e+01  5.8467e-05
-3.8900e+01  5.8766e-05
-3.8800e+01  5.9066e-05
-3.8700e+01  5.9370e-05
-3.8600e+01  5.9675e-05
-3.8500e+01  5.9983e-05
-3.8400e+01  6.0293e-05
-3.8300e+01  6.0606e-05
-3.8200e+01  6.0921e-05
-3.8100e+01  6.1238e-05
-3.8000e+01  6.1559e-05
-3.7900e+01  6.1881e-05
-3.7800e+01  6.2206e-05
-3.7700e+01  6.2534e-05
-3.7600e+01  6.2865e-05
-3.7500e+01  6.3198e-05
-3.7400e+01  6.3533e-05
-3.7300e+01  6.3872e-05
-3.7200e+01  6.4213e-05
-3.7100e+01  6.4557e-05
-3.7000e+01  6.4904e-05
-3.6900e+01  6.5253e-05
-3.6800e+01  6.5605e-05
-3.6700e+01  6.5961e-05
-3.6600e+01  6.6319e-05
-3.6500e+01  6.6680e-05
-3.6400e+01  6.7044e-05
-3.6300e+01  6.7411e-05
-3.6200e+01  6.7781e-05
-3.6100e+01  6.8154e-05
-3.6000e+01  6.8531e-05
-3.5900e+01  6.8910e-05
-3.5800e+01  6.9293e-05
-3.5700e+01  6.9679e-05
-3.5600e+01  7.0068e-05
-3.5500e+01  7.0460e-05
-3.5400e+01  7.0856e-05
-3.5300e+01  7.1255e-05
-3.5200e+01  7.1658e-05
-3.5100e+01  7.2064e-05
-3.5000e+01  7.2473e-05
-3.4900e+01  7.2886e-05
-3.4800e+01  7.3303e-05
-3.4700e+01  7.3723e-05
-3.4600e+01  7.4147e-05
-3.4500e+01  7.4574e-05
-3.4400e+01  7.5005e-05
-3.4300e+01  7.5440e-05
-3.4200e+01  7.5879e-05
-3.4100e+01  7.6322e-05
-3.4000e+01  7.6768e-05
-3.3900e+01  7.7219e-05
-3.3800e+01  7.7674e-05
-3.3700e+01  7.8132e-05
-3.3600e+01  7.8595e-05
-3.3500e+01  7.9062e-05
-3.3400e+01  7.9533e-05
-3.3300e+01  8.0009e-05
-3.3200e+01  8.0488e-05
-3.3100e+01  8.0972e-05
-3.3000e+01  8.1461e-05
-3.2900e+01  8.1954e-05
-3.2800e+01  8.2451e-05
-3.2700e+01  8.2953e-05
-3.2600e+01  8.3460e-05
-3.2500e+01  8.3971e-05
-3.2400e+01  8.4487e-05
-3.2300e+01  8.5008e-05
-3.2200e+01  8.5534e-05
-3.2100e+01  8.6065e-05
-3.2000e+01  8.6601e-05
-3.1900e+01  8.7142e-05
-3.1800e+01  8.7688e-05
-3.1700e+01  8.8239e-05
-3.1600e+01  8.8795e-05
-3.1500e+01  8.9357e-05
-3.1400e+01  8.9924e-05
-3.1300e+01  9.0497e-05
-3.1200e+01  9.1075e-05
-3.1100e+01  9.1659e-05
-3.1000e+01  9.2248e-05
-3.0900e+01  9.2843e-05
-3.0800e+01  9.3444e-05
-3.0700e+01  9.4051e-05
-3.0600e+01  9.4664e-05
-3.0500e+01  9.5283e-05
-3.0400e+01  9.5909e-05
-3.0300e+01  9.6540e-05
-3.0200e+01  9.7178e-05
-3.0100e+01  9.7822e-05
-3.0000e+01  9.8473e-05
-2.9900e+01  9.9130e-05
-2.9800e+01  9.9794e-05
-2.9700e+01  1.0046e-04
-2.9600e+01  1.0114e-04
-2.9500e+01  1.0183e-04
-2.9400e+01  1.0252e-04
-2.9300e+01  1.0322e-04
-2.9200e+01  1.0392e-04
-2.9100e+01  1.0464e-04
-2.9000e+01  1.0536e-04
-2.8900e+01  1.0609e-04
-2.8800e+01  1.0682e-04
-2.8700e+01  1.0757e-04
-2.8600e+01  1.0832e-04
-2.8500e+01  1.0908e-04
-2.8400e+01  1.0985e-04
-2.8300e+01  1.1062e-04
-2.8200e+01  1.1141e-04
-2.8100e+01  1.1220e-04
-2.8000e+01  1.1300e-04
-2.7900e+01  1.1382e-04
-2.7800e+01  1.1464e-04
-2.7700e+01  1.1546e-04
-2.7600e+01  1.1630e-04
-2.7500e+01  1.1715e-04
-2.7400e+01  1.1801e-04
-2.7300e+01  1.1887e-04
-2.7200e+01  1.1975e-04
-2.7100e+01  1.2064e-04
-2.7000e+01  1.2153e-04
-2.6900e+01  1.2244e-04
-2.6800e+01  1.2336e-04
-2.6700e+01  1.2429e-04
-2.6600e+01  1.2523e-04
-2.6500e+01  1.2618e-04
-2.6400e+01  1.2714e-04
-2.6300e+01  1.2811e-04
-2.6200e+01  1.2910e-04
-2.6100e+01  1.3010e-04
-2.6000e+01  1.3111e-04
-2.5900e+01  1.3213e-04
-2.5800e+01  1.3317e-04
-2.5700e+01  1.3421e-04
-2.5600e+01  1.3528e-04
-2.5500e+01  1.3635e-04
-2.5400e+01  1.3744e-04
-2.5300e+01  1.3854e-04
-2.5200e+01  1.3966e-04
-2.5100e+01  1.4080e-04
-2.5000e+01  1.4195e-04
-2.4900e+01  1.4312e-04
-2.4800e+01  1.4430e-04
-2.4700e+01  1.4550e-04
-2.4600e+01  1.4672e-04
-2.4500e+01  1.4796e-04
-2.4400e+01  1.4922e-04
-2.4300e+01  1.5050e-04
-2.4200e+01  1.5181e-04
-2.4100e+01  1.5314e-04
-2.4000e+01  1.5449e-04
-2.3900e+01  1.5588e-04
-2.3800e+01  1.5729e-04
-2.3700e+01  1.5875e-04
-2.3600e+01  1.6024e-04
-2.3500e+01  1.6178e-04
-2.3400e+01  1.6338e-04
-2.3300e+01  1.6504e-04
-2.3200e+01  1.6678e-04
-2.3100e+01  1.6863e-04
-2.3000e+01  1.7061e-04
-2.2900e+01  1.7277e-04
-2.2800e+01  1.7517e-04
-2.2700e+01  1.7794e-04
-2.2600e+01  1.8125e-04
-2.2500e+01  1.8543e-04
-2.2400e+01  1.9108e-04
-2.2300e+01  1.9936e-04
-2.2200e+01  2.1259e-04
-2.2100e+01  2.3474e-04
-2.2000e+01  2.6661e-04
-2.1900e+01  2.8537e-04
-2.1800e+01  2.6748e-04
-2.1700e+01  2.4162e-04
-2.1600e+01  2.2709e-04
-2.1500e+01  2.2075e-04
-2.1400e+01  2.1610e-04
-2.1300e+01  2.1282e-04
-2.1200e+01  2.1247e-04
-2.1100e+01  2.1349e-04
-2.1000e+01  2.1268e-04
-2.0900e+01  2.1115e-04
-2.0800e+01  2.1067e-04
-2.0700e+01  2.1113e-04
-2.0600e+01  2.1214e-04
-2.0500e+01  2.1349e-04
-2.0400e+01  2.1506e-04
-2.0300e+01  2.1678e-04
-2.0200e+01  2.1861e-04
-2.0100e+01  2.2054e-04
-2.0000e+01  2.2254e-04
-1.9900e+01  2.2461e-04
-1.9800e+01  2.2674e-04
-1.9700e+01  2.2893e-04
-1.9600e+01  2.3117e-04
-1.9500e+01  2.3346e-04
-1.9400e+01  2.3579e-04
-1.9300e+01  2.3818e-04
-1.9200e+01  2.4061e-04
-1.9100e+01  2.4309e-04
-1.9000e+01  2.4561e-04
-1.8900e+01  2.4818e-04
-1.8800e+01  2.5079e-04
-1.8700e+01  2.5346e-04
-1.8600e+01  2.5616e-04
-1.8500e+01  2.5892e-04
-1.8400e+01  2.6173e-04
-1.8300e+01  2.6458e-04
-1.8200e+01  2.6749e-04
-1.8100e+01  2.7045e-04
-1.8000e+01  2.7345e-04
-1.7900e+01  2.7651e-04
-1.7800e+01  2.7963e-04
-1.7700e+01  2.8280e-04
-1.7600e+01  2.8603e-04
-1.7500e+01  2.8931e-04
-1.7400e+01  2.9265e-04
-1.7300e+01  2.9606e-04
-1.7200e+01  2.9952e-04
-1.7100e+01  3.0305e-04
-1.7000e+01  3.0664e-04
-1.6900e+01  3.1029e-04
-1.6800e+01  3.1402e-04
-1.6700e+01  3.1781e-04
-1.6600e+01  3.2167e-04
-1.6500e+01  3.2561e-04
-1.6400e+01  3.2961e-04
-1.6300e+01  3.3370e-04
-1.6200e+01  3.3786e-04
-1.6100e+01  3.4210e-04
-1.6000e+01  3.4643e-04
-1.5900e+01  3.5083e-04
-1.5800e+01  3.5533e-04
-1.5700e+01  3.5991e-04
-1.5600e+01  3.6458e-04
-1.5500e+01  3.6934e-04
-1.5400e+01  3.7420e-04
-1.5300e+01  3.7916e-04
-1.5200e+01  3.8421e-04
-1.5100e+01  3.8937e-04
-1.5000e+01  3.9464e-04
-1.4900e+01  4.0001e-04
-1.4800e+01  4.0550e-04
-1.4700e+01  4.1110e-04
-1.4600e+01  4.1682e-04
-1.4500e+01  4.2266e-04
-1.4400e+01  4.2863e-04
-1.4300e+01  4.3472e-04
-1.4200e+01  4.4095e-04
-1.4100e+01  4.4731e-04
-1.4000e+01  4.5381e-04
-1.3900e+01  4.6046e-04
-1.3800e+01  4.6726e-04
-1.3700e+01  4.7421e-04
-1.3600e+01  4.8131e-04
-1.3500e+01  4.8858e-04
-1.3400e+01  4.9602e-04
-1.3300e+01  5.0363e-04
-1.3200e+01  5.1142e-04
-1.3100e+01  5.1939e-04
-1.3000e+01  5.2755e-04
-1.2900e+01  5.3591e-04
-1.2800e+01  5.4447e-04
-1.2700e+01  5.5324e-04
-1.2600e+01  5.6222e-04
-1.2500e+01  5.7143e-04
-1.2400e+01  5.8087e-04
-1.2300e+01  5.9054e-04
-1.2200e+01  6.0047e-04
-1.2100e+01  6.1064e-04
-1.2000e+01  6.2108e-04
-1.1900e+01  6.3180e-04
-1.1800e+01  6.4279e-04
-1.1700e+01  6.5408e-04
-1.1600e+01  6.6567e-04
-1.1500e+01  6.7757e-04
-1.1400e+01  6.8980e-04
-1.1300e+01  7.0237e-04
-1.1200e+01  7.1529e-04
-1.1100e+01  7.2857e-04
-1.1000e+01  7.4223e-04
-1.0900e+01  7.5628e-04
-1.0800e+01  7.7073e-04
-1.0700e+01  7.8561e-04
-1.0600e+01  8.0093e-04
-1.0500e+01  8.1671e-04
-1.0400e+01  8.3296e-04
-1.0300e+01  8.4970e-04
-1.0200e+01  8.6697e-04
-1.0100e+01  8.8477e-04
-1.0000e+01  9.0312e-04
-9.9000e+00  9.2207e-04
-9.8000e+00  9.4162e-04
-9.7000e+00  9.6181e-04
-9.6000e+00  9.8266e-04
-9.5000e+00  1.0042e-03
-9.4000e+00  1.0265e-03
-9.3000e+00  1.0495e-03
-9.2000e+00  1.0733e-03
-9.1000e+00  1.0980e-03
-9.0000e+00  1.1235e-03
-8.9000e+00  1.1499e-03
-8.8000e+00  1.1773e-03
-8.7000e+00  1.2057e-03
-8.6000e+00  1.2351e-03
-8.5000e+00  1.2656e-03
-8.4000e+00  1.2973e-03
-8.3000e+00  1.3303e-03
-8.2000e+00  1.3645e-03
-8.1000e+00  1.4000e-03
-8.0000e+00  1.4370e-03
-7.9000e+00  1.4755e-03
-7.8000e+00  1.5156e-03
-7.7000e+00  1.5573e-03
-7.6000e+00  1.6009e-03
-7.5000e+00  1.6463e-03
-7.4000e+00  1.6937e-03
-7.3000e+00  1.7432e-03
-7.2000e+00  1.7949e-03
-7.1000e+00  1.8490e-03
-7.0000e+00  1.9057e-03
-6.9000e+00  1.9650e-03
-6.8000e+00  2.0272e-03
-6.7000e+00  2.0924e-03
-6.6000e+00  2.1609e-03
-6.5000e+00  2.2329e-03
-6.4000e+00  2.3086e-03
-6.3000e+00  2.3883e-03
-6.2000e+00  2.4723e-03
-6.1000e+00  2.5609e-03
-6.0000e+00  2.6544e-03
-5.9000e+00  2.7532e-03
-5.8000e+00  2.8578e-03
-5.7000e+00  2.9687e-03
-5.6000e+00  3.0862e-03
-5.5000e+00  3.2111e-03
-5.4000e+00  3.3439e-03
-5.3000e+00  3.4853e-03
-5.2000e+00  3.6362e-03
-5.1000e+00  3.7974e-03
-5.0000e+00  3.9699e-03
-4.9000e+00  4.1548e-03
-4.8000e+00  4.3534e-03
-4.7000e+00  4.5672e-03
-4.6000e+00  4.7977e-03
-4.5000e+00  5.0469e-03
-4.4000e+00  5.3169e-03
-4.3000e+00  5.6102e-03
-4.2000e+00  5.9297e-03
-4.1000e+00  6.2789e-03
-4.0000e+00  6.6618e-03
-3.9000e+00  7.0830e-03
-3.8000e+00  7.5483e-03
-3.7000e+00  8.0645e-03
-3.6000e+00  8.6401e-03
-3.5000e+00  9.2852e-03
-3.4000e+00  1.0013e-02
-3.3000e+00  1.0839e-02
-3.2000e+00  1.1784e-02
-3.1000e+00  1.2875e-02
-3.0000e+00  1.4149e-02
-2.9000e+00  1.5654e-02
-2.8000e+00  1.7458e-02
-2.7000e+00  1.9661e-02
-2.6000e+00  2.2411e-02
-2.5000e+00  2.5939e-02
-2.4000e+00  3.0622e-02
-2.3000e+00  3.7114e-02
-2.2000e+00  4.6620e-02
-2.1000e+00  6.1460e-02
-2.0000e+00  8.6061e-02
-1.9000e+00  1.2638e-01
-1.8000e+00  1.7569e-01
-1.7000e+00  1.9352e-01
-1.6000e+00  1.6918e-01
-1.5000e+00  1.4788e-01
-1.4000e+00  1.5294e-01
-1.3000e+00  1.8351e-01
-1.2000e+00  2.2394e-01
-1.1000e+00  2.4375e-01
-1.0000e+00  2.3144e-01
-9.0000e-01  2.2766e-01
-8.0000e-01  2.6313e-01
-7.0000e-01  3.4813e-01
-6.0000e-01  4.7520e-01
-5.0000e-01  5.9628e-01
-4.0000e-01  6.5546e-01
-3.0000e-01  7.1027e-01
-2.0000e-01  8.3825e-01
-1.0000e-01  9.8335e-01
0.0000e+00  1.0000e+00
1.0000e-01  8.8157e-01
2.0000e-01  7.4855e-01
3.0000e-01  6.2335e-01
4.0000e-01  4.6867e-01
5.0000e-01  3.2382e-01
6.0000e-01  2.2010e-01
7.0000e-01  1.5585e-01
8.0000e-01  1.1598e-01
9.0000e-01  8.9932e-02
1.0000e+00  7.1996e-02
1.1000e+00  5.9091e-02
1.2000e+00  4.9470e-02
1.3000e+00  4.2088e-02
1.4000e+00  3.6288e-02
1.5000e+00  3.1641e-02
1.6000e+00  2.7856e-02
1.7000e+00  2.4727e-02
1.8000e+00  2.2110e-02
1.9000e+00  1.9897e-02
2.0000e+00  1.8007e-02
2.1000e+00  1.6380e-02
2.2000e+00  1.4969e-02
2.3000e+00  1.3736e-02
2.4000e+00  1.2652e-02
2.5000e+00  1.1695e-02
2.6000e+00  1.0844e-02
2.7000e+00  1.0085e-02
2.8000e+00  9.4038e-03
2.9000e+00  8.7912e-03
3.0000e+00  8.2377e-03
3.1000e+00  7.7360e-03
3.2000e+00  7.2797e-03
3.3000e+00  6.8635e-03
3.4000e+00  6.4829e-03
3.5000e+00  6.1338e-03
3.6000e+00  5.8128e-03
3.7000e+00  5.5171e-03
3.8000e+00  5.2440e-03
3.9000e+00  4.9912e-03
4.0000e+00  4.7569e-03
4.1000e+00  4.5392e-03
4.2000e+00  4.3366e-03
4.3000e+00  4.1478e-03
4.4000e+00  3.9715e-03
4.5000e+00  3.8067e-03
4.6000e+00  3.6524e-03
4.7000e+00  3.5077e-03
4.8000e+00  3.3719e-03
4.9000e+00  3.2443e-03
5.0000e+00  3.1242e-03
5.1000e+00  3.0111e-03
5.2000e+00  2.9045e-03
5.3000e+00  2.8038e-03
5.4000e+00  2.7087e-03
5.5000e+00  2.6188e-03
5.6000e+00  2.5337e-03
5.7000e+00  2.4531e-03
5.8000e+00  2.3768e-03
5.9000e+00  2.3043e-03
6.0000e+00  2.2356e-03
6.1000e+00  2.1704e-03
6.2000e+00  2.1084e-03
6.3000e+00  2.0495e-03
6.4000e+00  1.9934e-03
6.5000e+00  1.9402e-03
6.6000e+00  1.8895e-03
6.7000e+00  1.8413e-03
6.8000e+00  1.7954e-03
6.9000e+00  1.7517e-03
7.0000e+00  1.7101e-03
7.1000e+00  1.6705e-03
7.2000e+00  1.6328e-03
7.3000e+00  1.5970e-03
7.4000e+00  1.5629e-03
7.5000e+00  1.5306e-03
7.6000e+00  1.4998e-03
7.7000e+00  1.4707e-03
7.8000e+00  1.4430e-03
7.9000e+00  1.4169e-03
8.0000e+00  1.3921e-03
8.1000e+00  1.3688e-03
8.2000e+00  1.3469e-03
8.3000e+00  1.3264e-03
8.4000e+00  1.3071e-03
8.5000e+00  1.2893e-03
8.6000e+00  1.2727e-03
8.7000e+00  1.2575e-03
8.8000e+00  1.2436e-03
8.9000e+00  1.2311e-03
9.0000e+00  1.2200e-03
9.1000e+00  1.2103e-03
9.2000e+00  1.2021e-03
9.3000e+00  1.1954e-03
9.4000e+00  1.1904e-03
9.5000e+00  1.1870e-03
9.6000e+00  1.1854e-03
9.7000e+00  1.1857e-03
9.8000e+00  1.1881e-03
9.9000e+00  1.1927e-03
1.0000e+01  1.1999e-03
1.0100e+01  1.2097e-03
1.0200e+01  1.2227e-03
1.0300e+01  1.2391e-03
1.0400e+01  1.2594e-03
1.0500e+01  1.2843e-03
1.0600e+01  1.3146e-03
1.0700e+01  1.3513e-03
1.0800e+01  1.3956e-03
1.0900e+01  1.4495e-03
1.1000e+01  1.5155e-03
1.1100e+01  1.5974e-03
1.1200e+01  1.7012e-03
1.1300e+01  1.8368e-03
1.1400e+01  2.0200e-03
1.1500e+01  2.2682e-03
1.1600e+01  2.5843e-03
1.1700e+01  2.9602e-03
1.1800e+01  3.4281e-03
1.1900e+01  4.0706e-03
1.2000e+01  4.8037e-03
1.2100e+01  5.4851e-03
1.2200e+01  6.3879e-03
1.2300e+01  7.7489e-03
1.2400e+01  9.2838e-03
1.2500e+01  1.1087e-02
1.2600e+01  1.3511e-02
1.2700e+01  1.5806e-02
1.2800e+01  1.7950e-02
1.2900e+01  2.1722e-02
1.3000e+01  2.7967e-02
1.3100e+01  3.4381e-02
1.3200e+01  3.9228e-02
1.3300e+01  4.1518e-02
1.3400e+01  3.7949e-02
1.3500e+01  3.1253e-02
1.3600e+01  2.5384e-02
1.3700e+01  2.0976e-02
1.3800e+01  1.8680e-02
1.3900e+01  1.8780e-02
1.4000e+01  1.9492e-02
1.4100e+01  1.8132e-02
1.4200e+01  1.5521e-02
1.4300e+01  1.3936e-02
1.4400e+01  1.4372e-02
1.4500e+01  1.6950e-02
1.4600e+01  2.1768e-02
1.4700e+01  2.7118e-02
1.4800e+01  2.8633e-02
1.4900e+01  2.5623e-02
1.5000e+01  2.2093e-02
1.5100e+01  1.9891e-02
1.5200e+01  1.8925e-02
1.5300e+01  1.7714e-02
1.5400e+01  1.5533e-02
1.5500e+01  1.2902e-02
1.5600e+01  1.0141e-02
1.5700e+01  7.4239e-03
1.5800e+01  5.3619e-03
1.5900e+01  4.0540e-03
1.6000e+01  3.2238e-03
1.6100e+01  2.6671e-03
1.6200e+01  2.2727e-03
1.6300e+01  1.9804e-03
1.6400e+01  1.7558e-03
1.6500e+01  1.5783e-03
1.6600e+01  1.4348e-03
1.6700e+01  1.3164e-03
1.6800e+01  1.2173e-03
1.6900e+01  1.1333e-03
1.7000e+01  1.0611e-03
1.7100e+01  9.9856e-04
1.7200e+01  9.4390e-04
1.7300e+01  8.9577e-04
1.7400e+01  8.5311e-04
1.7500e+01  8.1508e-04
1.7600e+01  7.8100e-04
1.7700e+01  7.5033e-04
1.7800e+01  7.2260e-04
1.7900e+01  6.9746e-04
1.8000e+01  6.7458e-04
1.8100e+01  6.5370e-04
1.8200e+01  6.3461e-04
1.8300e+01  6.1712e-04
1.8400e+01  6.0105e-04
1.8500e+01  5.8629e-04
1.8600e+01  5.7270e-04
1.8700e+01  5.6019e-04
1.8800e+01  5.4866e-04
1.8900e+01  5.3805e-04
1.9000e+01  5.2828e-04
1.9100e+01  5.1929e-04
1.9200e+01  5.1104e-04
1.9300e+01  5.0347e-04
1.9400e+01  4.9657e-04
1.9500e+01  4.9028e-04
1.9600e+01  4.8459e-04
1.9700e+01  4.7947e-04
1.9800e+01  4.7490e-04
1.9900e+01  4.7088e-04
2.0000e+01  4.6738e-04
2.0100e+01  4.6441e-04
2.0200e+01  4.6195e-04
2.0300e+01  4.6001e-04
2.0400e+01  4.5860e-04
2.0500e+01  4.5771e-04
2.0600e+01  4.5737e-04
2.0700e+01  4.5759e-04
2.0800e+01  4.5839e-04
2.0900e+01  4.5980e-04
2.1000e+01  4.6184e-04
2.1100e+01  4.6457e-04
2.1200e+01  4.6803e-04
2.1300e+01  4.7228e-04
2.1400e+01  4.7739e-04
2.1500e+01  4.8344e-04
2.1600e+01  4.9053e-04
2.1700e+01  4.9880e-04
2.1800e+01  5.0839e-04
2.1900e+01  5.1949e-04
2.2000e+01  5.3234e-04
2.2100e+01  5.4724e-04
2.2200e+01  5.6458e-04
2.2300e+01  5.8489e-04
2.2400e+01  6.0886e-04
2.2500e+01  6.3752e-04
2.2600e+01  6.7234e-04
2.2700e+01  7.1562e-04
2.2800e+01  7.7118e-04
2.2900e+01  8.4572e-04
2.3000e+01  9.5100e-04
2.3100e+01  1.1022e-03
2.3200e+01  1.2930e-03
2.3300e+01  1.4950e-03
2.3400e+01  1.7236e-03
2.3500e+01  1.9895e-03
2.3600e+01  2.3172e-03
2.3700e+01  2.7094e-03
2.3800e+01  3.1136e-03
2.3900e+01  3.4281e-03
2.4000e+01  3.7409e-03
2.4100e+01  4.3138e-03
2.4200e+01  5.3454e-03
2.4300e+01  6.8415e-03
2.4400e+01  8.1912e-03
2.4500e+01  9.0375e-03
2.4600e+01  9.2650e-03
2.4700e+01  9.1051e-03
2.4800e+01  8.7650e-03
2.4900e+01  8.5988e-03
2.5000e+01  8.8199e-03
2.5100e+01  9.0534e-03
2.5200e+01  9.1396e-03
2.5300e+01  9.0615e-03
2.5400e+01  8.9868e-03
2.5500e+01  9.0942e-03
2.5600e+01  9.3279e-03
2.5700e+01  9.6020e-03
2.5800e+01  9.9960e-03
2.5900e+01  1.0666e-02
2.6000e+01  1.1616e-02
2.6100e+01  1.2383e-02
2.6200e+01  1.2919e-02
2.6300e+01  1.3349e-02
2.6400e+01  1.3626e-02
2.6500e+01  1.3894e-02
2.6600e+01  1.3970e-02
2.6700e+01  1.4201e-02
2.6800e+01  1.4799e-02
2.6900e+01  1.5646e-02
2.7000e+01  1.6481e-02
2.7100e+01  1.7174e-02
2.7200e+01  1.7784e-02
2.7300e+01  1.8084e-02
2.7400e+01  1.8581e-02
2.7500e+01  1.9279e-02
2.7600e+01  2.0215e-02
2.7700e+01  2.0935e-02
2.7800e+01  2.1132e-02
2.7900e+01  2.0898e-02
2.8000e+01  2.0419e-02
2.8100e+01  2.0218e-02
2.8200e+01  2.0021e-02
2.8300e+01  1.9752e-02
2.8400e+01  1.9676e-02
2.8500e+01  1.8984e-02
2.8600e+01  1.7653e-02
2.8700e+01  1.6215e-02
2.8800e+01  1.4820e-02
2.8900e+01  1.3451e-02
2.9000e+01  1.2221e-02
2.9100e+01  1.1098e-02
2.9200e+01  1.0091e-02
2.9300e+01  9.0980e-03
2.9400e+01  8.1428e-03
2.9500e+01  7.2186e-03
2.9600e+01  6.4749e-03
2.9700e+01  5.9598e-03
2.9800e+01  5.3701e-03
2.9900e+01  4.6249e-03
3.0000e+01  3.9040e-03
3.0100e+01  3.2384e-03
3.0200e+01  2.6303e-03
3.0300e+01  2.1389e-03
3.0400e+01  1.7631e-03
3.0500e+01  1.4678e-03
3.0600e+01  1.2447e-03
3.0700e+01  1.0762e-03
3.0800e+01  9.4711e-04
3.0900e+01  8.4558e-04
3.1000e+01  7.6308e-04
3.1100e+01  6.9593e-04
3.1200e+01  6.4102e-04
3.1300e+01  5.9520e-04
3.1400e+01  5.5612e-04
3.1500e+01  5.2223e-04
3.1600e+01  4.9248e-04
3.1700e+01  4.6609e-04
3.1800e+01  4.4249e-04
3.1900e+01  4.2124e-04
3.2000e+01  4.0200e-04
3.2100e+01  3.8448e-04
3.2200e+01  3.6847e-04
3.2300e+01  3.5376e-04
3.2400e+01  3.4022e-04
3.2500e+01  3.2769e-04
3.2600e+01  3.1608e-04
3.2700e+01  3.0529e-04
3.2800e+01  2.9522e-04
3.2900e+01  2.8582e-04
3.3000e+01  2.7701e-04
3.3100e+01  2.6875e-04
3.3200e+01  2.6098e-04
3.3300e+01  2.5366e-04
3.3400e+01  2.4675e-04
3.3500e+01  2.4023e-04
3.3600e+01  2.3405e-04
3.3700e+01  2.2820e-04
3.3800e+01  2.2264e-04
3.3900e+01  2.1736e-04
3.4000e+01  2.1233e-04
3.4100e+01  2.0754e-04
3.4200e+01  2.0297e-04
3.4300e+01  1.9861e-04
3.4400e+01  1.9444e-04
3.4500e+01  1.9045e-04
3.4600e+01  1.8663e-04
3.4700e+01  1.8296e-04
3.4800e+01  1.7945e-04
3.4900e+01  1.7607e-04
3.5000e+01  1.7283e-04
3.5100e+01  1.6971e-04
3.5200e+01  1.6670e-04
3.5300e+01  1.6381e-04
3.5400e+01  1.6102e-04
3.5500e+01  1.5833e-04
3.5600e+01  1.5573e-04
3.5700e+01  1.5322e-04
3.5800e+01  1.5080e-04
3.5900e+01  1.4845e-04
3.6000e+01  1.4618e-04
3.6100e+01  1.4398e-04
3.6200e+01  1.4185e-04
3.6300e+01  1.3979e-04
3.6400e+01  1.3779e-04
3.6500e+01  1.3585e-04
3.6600e+01  1.3396e-04
3.6700e+01  1.3213e-04
3.6800e+01  1.3035e-04
3.6900e+01  1.2862e-04
3.7000e+01  1.2694e-04
3.7100e+01  1.2530e-04
3.7200e+01  1.2371e-04
3.7300e+01  1.2216e-04
3.7400e+01  1.2065e-04
3.7500e+01  1.1918e-04
3.7600e+01  1.1774e-04
3.7700e+01  1.1634e-04
3.7800e+01  1.1498e-04
3.7900e+01  1.1365e-04
3.8000e+01  1.1234e-04
3.8100e+01  1.1107e-04
3.8200e+01  1.0983e-04
3.8300e+01  1.0862e-04
3.8400e+01  1.0744e-04
3.8500e+01  1.0628e-04
3.8600e+01  1.0514e-04
3.8700e+01  1.0404e-04
3.8800e+01  1.0295e-04
3.8900e+01  1.0189e-04
3.9000e+01  1.0085e-04
3.9100e+01  9.9832e-05
3.9200e+01  9.8834e-05
3.9300e+01  9.7857e-05
3.9400e+01  9.6899e-05
3.9500e+01  9.5960e-05
3.9600e+01  9.5040e-05
3.9700e+01  9.4137e-05
3.9800e+01  9.3251e-05
3.9900e+01  9.2382e-05
4.0000e+01  9.1529e-05
4.0100e+01  9.0692e-05
4.0200e+01  8.9870e-05
4.0300e+01  8.9063e-05
4.0400e+01  8.8270e-05
4.0500e+01  8.7491e-05
4.0600e+01  8.6726e-05
4.0700e+01  8.5974e-05
4.0800e+01  8.5234e-05
4.0900e+01  8.4508e-05
4.1000e+01  8.3793e-05
4.1100e+01  8.3091e-05
4.1200e+01  8.2399e-05
4.1300e+01  8.1719e-05
4.1400e+01  8.1051e-05
4.1500e+01  8.0392e-05
4.1600e+01  7.9744e-05
4.1700e+01  7.9106e-05
4.1800e+01  7.8479e-05
4.1900e+01  7.7860e-05
4.2000e+01  7.7251e-05
4.2100e+01  7.6652e-05
4.2200e+01  7.6061e-05
4.2300e+01  7.5479e-05
4.2400e+01  7.4905e-05
4.2500e+01  7.4340e-05
4.2600e+01  7.3783e-05
4.2700e+01  7.3234e-05
4.2800e+01  7.2693e-05
4.2900e+01  7.2159e-05
4.3000e+01  7.1633e-05
4.3100e+01  7.1114e-05
4.3200e+01  7.0602e-05
4.3300e+01  7.0097e-05
4.3400e+01  6.9599e-05
4.3500e+01  6.9108e-05
4.3600e+01  6.8623e-05
4.3700e+01  6.8145e-05
4.3800e+01  6.7672e-05
4.3900e+01  6.7206e-05
4.4000e+01  6.6746e-05
4.4100e+01  6.6292e-05
4.4200e+01  6.5843e-05
4.4300e+01  6.5400e-05
4.4400e+01  6.4963e-05
4.4500e+01  6.4531e-05
4.4600e+01  6.4104e-05
4.4700e+01  6.3683e-05
4.4800e+01  6.3266e-05
4.4900e+01  6.2855e-05
4.5000e+01  6.2449e-05
4.5100e+01  6.2047e-05
4.5200e+01  6.1650e-05
4.5300e+01  6.1258e-05
4.5400e+01  6.0870e-05
4.5500e+01  6.0487e-05
4.5600e+01  6.0108e-05
4.5700e+01  5.9734e-05
4.5800e+01  5.9363e-05
4.5900e+01  5.8997e-05
4.6000e+01  5.8635e-05
4.6100e+01  5.8277e-05
4.6200e+01  5.7923e-05
4.6300e+01  5.7573e-05
4.6400e+01  5.7227e-05
4.6500e+01  5.6884e-05
4.6600e+01  5.6545e-05
4.6700e+01  5.6210e-05
4.6800e+01  5.5878e-05
4.6900e+01  5.5550e-05
4.7000e+01  5.5225e-05
4.7100e+01  5.4903e-05
4.7200e+01  5.4585e-05
4.7300e+01  5.4270e-05
4.7400e+01  5.3959e-05
4.7500e+01  5.3650e-05
4.7600e+01  5.3345e-05
4.7700e+01  5.3043e-05
4.7800e+01  5.2744e-05
4.7900e+01  5.2447e-05
4.8000e+01  5.2154e-05
4.8100e+01  5.1864e-05
4.8200e+01  5.1576e-05
4.8300e+01  5.1291e-05
4.8400e+01  5.1009e-05
4.8500e+01  5.0730e-05
4.8600e+01  5.0453e-05
4.8700e+01  5.0179e-05
4.8800e+01  4.9908e-05
4.8900e+01  4.9639e-05
4.9000e+01  4.9373e-05
4.9100e+01  4.9109e-05
4.9200e+01  4.8847e-05
4.9300e+01  4.8589e-05
4.9400e+01  4.8332e-05
4.9500e+01  4.8078e-05
4.9600e+01  4.7826e-05
4.9700e+01  4.7576e-05
4.9800e+01  4.7329e-05
4.9900e+01  4.7084e-05
5.0000e+01  4.6841e-05
5.0100e+01  4.6600e-05
5.0200e+01  4.6361e-05
5.0300e+01  4.6124e-05
5.0400e+01  4.5890e-05
5.0500e+01  4.5657e-05
5.0600e+01  4.5427e-05
5.0700e+01  4.5198e-05
5.0800e+01  4.4972e-05
5.0900e+01  4.4747e-05
5.1000e+01  4.4525e-05
5.1100e+01  4.4304e-05
5.1200e+01  4.4085e-05
5.1300e+01  4.3868e-05
