-4.2205e+01  2.5095e-06
-4.2155e+01  2.9525e-06
-4.2105e+01  3.3569e-06
-4.2055e+01  3.7039e-06
-4.2005e+01  3.9843e-06
-4.1955e+01  4.1977e-06
-4.1905e+01  4.3510e-06
-4.1855e+01  4.4555e-06
-4.1805e+01  4.5234e-06
-4.1755e+01  4.5661e-06
-4.1705e+01  4.5928e-06
-4.1655e+01  4.6099e-06
-4.1605e+01  4.6218e-06
-4.1555e+01  4.6310e-06
-4.1505e+01  4.6388e-06
-4.1455e+01  4.6461e-06
-4.1405e+01  4.6532e-06
-4.1355e+01  4.6602e-06
-4.1305e+01  4.6671e-06
-4.1255e+01  4.6741e-06
-4.1205e+01  4.6810e-06
-4.1155e+01  4.6880e-06
-4.1105e+01  4.6950e-06
-4.1055e+01  4.7020e-06
-4.1005e+01  4.7091e-06
-4.0955e+01  4.7161e-06
-4.0905e+01  4.7232e-06
-4.0855e+01  4.7303e-06
-4.0805e+01  4.7374e-06
-4.0755e+01  4.7445e-06
-4.0705e+01  4.7516e-06
-4.0655e+01  4.7588e-06
-4.0605e+01  4.7659e-06
-4.0555e+01  4.7731e-06
-4.0505e+01  4.7803e-06
-4.0455e+01  4.7875e-06
-4.0405e+01  4.7947e-06
-4.0355e+01  4.8020e-06
-4.0305e+01  4.8092e-06
-4.0255e+01  4.8165e-06
-4.0205e+01  4.8238e-06
-4.0155e+01  4.8311e-06
-4.0105e+01  4.8384e-06
-4.0055e+01  4.8458e-06
-4.0005e+01  4.8532e-06
-3.9955e+01  4.8605e-06
-3.9905e+01  4.8679e-06
-3.9855e+01  4.8753e-06
-3.9805e+01  4.8828e-06
-3.9755e+01  4.8902e-06
-3.9705e+01  4.8977e-06
-3.9655e+01  4.9052e-06
-3.9605e+01  4.9127e-06
-3.9555e+01  4.9202e-06
-3.9505e+01  4.9277e-06
-3.9455e+01  4.9353e-06
-3.9405e+01  4.9429e-06
-3.9355e+01  4.9504e-06
-3.9305e+01  4.9581e-06
-3.9255e+01  4.9657e-06
-3.9205e+01  4.9733e-06
-3.9155e+01  4.9810e-06
-3.9105e+01  4.9887e-06
-3.9055e+01  4.9964e-06
-3.9005e+01  5.0041e-06
-3.8955e+01  5.0118e-06
-3.8905e+01  5.0196e-06
-3.8855e+01  5.0273e-06
-3.8805e+01  5.0351e-06
-3.8755e+01  5.0429e-06
-3.8705e+01  5.0507e-06
-3.8655e+01  5.0586e-06
-3.8605e+01  5.0665e-06
-3.8555e+01  5.0743e-06
-3.8505e+01  5.0822e-06
-3.8455e+01  5.0902e-06
-3.8405e+01  5.0981e-06
-3.8355e+01  5.1061e-06
-3.8305e+01  5.1140e-06
-3.8255e+01  5.1220e-06
-3.8205e+01  5.1300e-06
-3.8155e+01  5.1381e-06
-3.8105e+01  5.1461e-06
-3.8055e+01  5.1542e-06
-3.8005e+01  5.1623e-06
-3.7955e+01  5.1704e-06
-3.7905e+01  5.1785e-06
-3.7855e+01  5.1867e-06
-3.7805e+01  5.1949e-06
-3.7755e+01  5.2030e-06
-3.7705e+01  5.2113e-06
-3.7655e+01  5.2195e-06
-3.7605e+01  5.2277e-06
-3.7555e+01  5.2360e-06
-3.7505e+01  5.2443e-06
-3.7455e+01  5.2526e-06
-3.7405e+01  5.2609e-06
-3.7355e+01  5.2693e-06
-3.7305e+01  5.2777e-06
-3.7255e+01  5.2861e-06
-3.7205e+01  5.2945e-06
-3.7155e+01  5.3029e-06
-3.7105e+01  5.3114e-06
-3.7055e+01  5.3198e-06
-3.7005e+01  5.3283e-06
-3.6955e+01  5.3368e-06
-3.6905e+01  5.3454e-06
-3.6855e+01  5.3539e-06
-3.6805e+01  5.3625e-06
-3.6755e+01  5.3711e-06
-3.6705e+01  5.3798e-06
-3.6655e+01  5.3884e-06
-3.6605e+01  5.3971e-06
-3.6555e+01  5.4058e-06
-3.6505e+01  5.4145e-06
-3.6455e+01  5.4232e-06
-3.6405e+01  5.4319e-06
-3.6355e+01  5.4407e-06
-3.6305e+01  5.4495e-06
-3.6255e+01  5.4583e-06
-3.6205e+01  5.4672e-06
-3.6155e+01  5.4760e-06
-3.6105e+01  5.4849e-06
-3.6055e+01  5.4938e-06
-3.6005e+01  5.5028e-06
-3.5955e+01  5.5117e-06
-3.5905e+01  5.5207e-06
-3.5855e+01  5.5297e-06
-3.5805e+01  5.5387e-06
-3.5755e+01  5.5478e-06
-3.5705e+01  5.5568e-06
-3.5655e+01  5.5659e-06
-3.5605e+01  5.5750e-06
-3.5555e+01  5.5842e-06
-3.5505e+01  5.5933e-06
-3.5455e+01  5.6025e-06
-3.5405e+01  5.6117e-06
-3.5355e+01  5.6210e-06
-3.5305e+01  5.6302e-06
-3.5255e+01  5.6395e-06
-3.5205e+01  5.6488e-06
-3.5155e+01  5.6581e-06
-3.5105e+01  5.6675e-06
-3.5055e+01  5.6769e-06
-3.5005e+01  5.6863e-06
-3.4955e+01  5.6957e-06
-3.4905e+01  5.7052e-06
-3.4855e+01  5.7146e-06
-3.4805e+01  5.7241e-06
-3.4755e+01  5.7337e-06
-3.4705e+01  5.7432e-06
-3.4655e+01  5.7528e-06
-3.4605e+01  5.7624e-06
-3.4555e+01  5.7720e-06
-3.4505e+01  5.7817e-06
-3.4455e+01  5.7913e-06
-3.4405e+01  5.8010e-06
-3.4355e+01  5.8108e-06
-3.4305e+01  5.8205e-06
-3.4255e+01  5.8303e-06
-3.4205e+01  5.8401e-06
-3.4155e+01  5.8499e-06
-3.4105e+01  5.8598e-06
-3.4055e+01  5.8697e-06
-3.4005e+01  5.8796e-06
-3.3955e+01  5.8895e-06
-3.3905e+01  5.8995e-06
-3.3855e+01  5.9095e-06
-3.3805e+01  5.9195e-06
-3.3755e+01  5.9296e-06
-3.3705e+01  5.9396e-06
-3.3655e+01  5.9497e-06
-3.3605e+01  5.9599e-06
-3.3555e+01  5.9700e-06
-3.3505e+01  5.9802e-06
-3.3455e+01  5.9904e-06
-3.3405e+01  6.0007e-06
-3.3355e+01  6.0109e-06
-3.3305e+01  6.0212e-06
-3.3255e+01  6.0316e-06
-3.3205e+01  6.0419e-06
-3.3155e+01  6.0523e-06
-3.3105e+01  6.0627e-06
-3.3055e+01  6.0731e-06
-3.3005e+01  6.0836e-06
-3.2955e+01  6.0941e-06
-3.2905e+01  6.1046e-06
-3.2855e+01  6.1152e-06
-3.2805e+01  6.1258e-06
-3.2755e+01  6.1364e-06
-3.2705e+01  6.1471e-06
-3.2655e+01  6.1577e-06
-3.2605e+01  6.1684e-06
-3.2555e+01  6.1792e-06
-3.2505e+01  6.1900e-06
-3.2455e+01  6.2008e-06
-3.2405e+01  6.2116e-06
-3.2355e+01  6.2225e-06
-3.2305e+01  6.2334e-06
-3.2255e+01  6.2443e-06
-3.2205e+01  6.2552e-06
-3.2155e+01  6.2662e-06
-3.2105e+01  6.2773e-06
-3.2055e+01  6.2883e-06
-3.2005e+01  6.2994e-06
-3.1955e+01  6.3105e-06
-3.1905e+01  6.3217e-06
-3.1855e+01  6.3329e-06
-3.1805e+01  6.3441e-06
-3.1755e+01  6.3553e-06
-3.1705e+01  6.3666e-06
-3.1655e+01  6.3779e-06
-3.1605e+01  6.3893e-06
-3.1555e+01  6.4007e-06
-3.1505e+01  6.4121e-06
-3.1455e+01  6.4236e-06
-3.1405e+01  6.4351e-06
-3.1355e+01  6.4466e-06
-3.1305e+01  6.4582e-06
-3.1255e+01  6.4698e-06
-3.1205e+01  6.4814e-06
-3.1155e+01  6.4931e-06
-3.1105e+01  6.5048e-06
-3.1055e+01  6.5165e-06
-3.1005e+01  6.5283e-06
-3.0955e+01  6.5401e-06
-3.0905e+01  6.5520e-06
-3.0855e+01  6.5639e-06
-3.0805e+01  6.5758e-06
-3.0755e+01  6.5878e-06
-3.0705e+01  6.5998e-06
-3.0655e+01  6.6118e-06
-3.0605e+01  6.6239e-06
-3.0555e+01  6.6361e-06
-3.0505e+01  6.6482e-06
-3.0455e+01  6.6604e-06
-3.0405e+01  6.6727e-06
-3.0355e+01  6.6850e-06
-3.0305e+01  6.6973e-06
-3.0255e+01  6.7097e-06
-3.0205e+01  6.7221e-06
-3.0155e+01  6.7345e-06
-3.0105e+01  6.7470e-06
-3.0055e+01  6.7596e-06
-3.0005e+01  6.7721e-06
-2.9955e+01  6.7848e-06
-2.9905e+01  6.7974e-06
-2.9855e+01  6.8101e-06
-2.9805e+01  6.8229e-06
-2.9755e+01  6.8357e-06
-2.9705e+01  6.8485e-06
-2.9655e+01  6.8614e-06
-2.9605e+01  6.8744e-06
-2.9555e+01  6.8874e-06
-2.9505e+01  6.9004e-06
-2.9455e+01  6.9135e-06
-2.9405e+01  6.9266e-06
-2.9355e+01  6.9398e-06
-2.9305e+01  6.9530e-06
-2.9255e+01  6.9663e-06
-2.9205e+01  6.9796e-06
-2.9155e+01  6.9930e-06
-2.9105e+01  7.0064e-06
-2.9055e+01  7.0199e-06
-2.9005e+01  7.0335e-06
-2.8955e+01  7.0470e-06
-2.8905e+01  7.0607e-06
-2.8855e+01  7.0744e-06
-2.8805e+01  7.0881e-06
-2.8755e+01  7.1019e-06
-2.8705e+01  7.1158e-06
-2.8655e+01  7.1297e-06
-2.8605e+01  7.1437e-06
-2.8555e+01  7.1577e-06
-2.8505e+01  7.1718e-06
-2.8455e+01  7.1860e-06
-2.8405e+01  7.2002e-06
-2.8355e+01  7.2145e-06
-2.8305e+01  7.2289e-06
-2.8255e+01  7.2433e-06
-2.8205e+01  7.2577e-06
-2.8155e+01  7.2723e-06
-2.8105e+01  7.2869e-06
-2.8055e+01  7.3016e-06
-2.8005e+01  7.3163e-06
-2.7955e+01  7.3311e-06
-2.7905e+01  7.3460e-06
-2.7855e+01  7.3610e-06
-2.7805e+01  7.3760e-06
-2.7755e+01  7.3911e-06
-2.7705e+01  7.4063e-06
-2.7655e+01  7.4216e-06
-2.7605e+01  7.4369e-06
-2.7555e+01  7.4523e-06
-2.7505e+01  7.4679e-06
-2.7455e+01  7.4835e-06
-2.7405e+01  7.4991e-06
-2.7355e+01  7.5149e-06
-2.7305e+01  7.5308e-06
-2.7255e+01  7.5467e-06
-2.7205e+01  7.5627e-06
-2.7155e+01  7.5789e-06
-2.7105e+01  7.5951e-06
-2.7055e+01  7.6115e-06
-2.7005e+01  7.6279e-06
-2.6955e+01  7.6444e-06
-2.6905e+01  7.6611e-06
-2.6855e+01  7.6779e-06
-2.6805e+01  7.6947e-06
-2.6755e+01  7.7117e-06
-2.6705e+01  7.7288e-06
-2.6655e+01  7.7461e-06
-2.6605e+01  7.7634e-06
-2.6555e+01  7.7809e-06
-2.6505e+01  7.7985e-06
-2.6455e+01  7.8163e-06
-2.6405e+01  7.8342e-06
-2.6355e+01  7.8522e-06
-2.6305e+01  7.8704e-06
-2.6255e+01  7.8887e-06
-2.6205e+01  7.9072e-06
-2.6155e+01  7.9259e-06
-2.6105e+01  7.9447e-06
-2.6055e+01  7.9637e-06
-2.6005e+01  7.9829e-06
-2.5955e+01  8.0023e-06
-2.5905e+01  8.0219e-06
-2.5855e+01  8.0417e-06
-2.5805e+01  8.0616e-06
-2.5755e+01  8.0818e-06
-2.5705e+01  8.1023e-06
-2.5655e+01  8.1229e-06
-2.5605e+01  8.1438e-06
-2.5555e+01  8.1650e-06
-2.5505e+01  8.1864e-06
-2.5455e+01  8.2081e-06
-2.5405e+01  8.2300e-06
-2.5355e+01  8.2523e-06
-2.5305e+01  8.2749e-06
-2.5255e+01  8.2978e-06
-2.5205e+01  8.3211e-06
-2.5155e+01  8.3447e-06
-2.5105e+01  8.3687e-06
-2.5055e+01  8.3931e-06
-2.5005e+01  8.4179e-06
-2.4955e+01  8.4431e-06
-2.4905e+01  8.4688e-06
-2.4855e+01  8.4950e-06
-2.4805e+01  8.5217e-06
-2.4755e+01  8.5489e-06
-2.4705e+01  8.5767e-06
-2.4655e+01  8.6051e-06
-2.4605e+01  8.6341e-06
-2.4555e+01  8.6638e-06
-2.4505e+01  8.6942e-06
-2.4455e+01  8.7254e-06
-2.4405e+01  8.7574e-06
-2.4355e+01  8.7903e-06
-2.4305e+01  8.8240e-06
-2.4255e+01  8.8588e-06
-2.4205e+01  8.8946e-06
-2.4155e+01  8.9315e-06
-2.4105e+01  8.9697e-06
-2.4055e+01  9.0091e-06
-2.4005e+01  9.0499e-06
-2.3955e+01  9.0922e-06
-2.3905e+01  9.1361e-06
-2.3855e+01  9.1818e-06
-2.3805e+01  9.2293e-06
-2.3755e+01  9.2789e-06
-2.3705e+01  9.3307e-06
-2.3655e+01  9.3849e-06
-2.3605e+01  9.4418e-06
-2.3555e+01  9.5015e-06
-2.3505e+01  9.5643e-06
-2.3455e+01  9.6306e-06
-2.3405e+01  9.7006e-06
-2.3355e+01  9.7748e-06
-2.3305e+01  9.8535e-06
-2.3255e+01  9.9373e-06
-2.3205e+01  1.0027e-05
-2.3155e+01  1.0122e-05
-2.3105e+01  1.0225e-05
-2.3055e+01  1.0335e-05
-2.3005e+01  1.0454e-05
-2.2955e+01  1.0582e-05
-2.2905e+01  1.0721e-05
-2.2855e+01  1.0873e-05
-2.2805e+01  1.1038e-05
-2.2755e+01  1.1219e-05
-2.2705e+01  1.1417e-05
-2.2655e+01  1.1635e-05
-2.2605e+01  1.1875e-05
-2.2555e+01  1.2141e-05
-2.2505e+01  1.2435e-05
-2.2455e+01  1.2762e-05
-2.2405e+01  1.3125e-05
-2.2355e+01  1.3528e-05
-2.2305e+01  1.3976e-05
-2.2255e+01  1.4471e-05
-2.2205e+01  1.5017e-05
-2.2155e+01  1.5616e-05
-2.2105e+01  1.6267e-05
-2.2055e+01  1.6969e-05
-2.2005e+01  1.7715e-05
-2.1955e+01  1.8494e-05
-2.1905e+01  1.9292e-05
-2.1855e+01  2.0090e-05
-2.1805e+01  2.0863e-05
-2.1755e+01  2.1585e-05
-2.1705e+01  2.2227e-05
-2.1655e+01  2.2760e-05
-2.1605e+01  2.3160e-05
-2.1555e+01  2.3406e-05
-2.1505e+01  2.3486e-05
-2.1455e+01  2.3397e-05
-2.1405e+01  2.3145e-05
-2.1355e+01  2.2745e-05
-2.1305e+01  2.2217e-05
-2.1255e+01  2.1589e-05
-2.1205e+01  2.0888e-05
-2.1155e+01  2.0145e-05
-2.1105e+01  1.9383e-05
-2.1055e+01  1.8628e-05
-2.1005e+01  1.7896e-05
-2.0955e+01  1.7201e-05
-2.0905e+01  1.6552e-05
-2.0855e+01  1.5954e-05
-2.0805e+01  1.5410e-05
-2.0755e+01  1.4917e-05
-2.0705e+01  1.4475e-05
-2.0655e+01  1.4080e-05
-2.0605e+01  1.3728e-05
-2.0555e+01  1.3415e-05
-2.0505e+01  1.3137e-05
-2.0455e+01  1.2891e-05
-2.0405e+01  1.2672e-05
-2.0355e+01  1.2477e-05
-2.0305e+01  1.2305e-05
-2.0255e+01  1.2151e-05
-2.0205e+01  1.2014e-05
-2.0155e+01  1.1893e-05
-2.0105e+01  1.1784e-05
-2.0055e+01  1.1688e-05
-2.0005e+01  1.1601e-05
-1.9955e+01  1.1525e-05
-1.9905e+01  1.1456e-05
-1.9855e+01  1.1395e-05
-1.9805e+01  1.1341e-05
-1.9755e+01  1.1293e-05
-1.9705e+01  1.1250e-05
-1.9655e+01  1.1212e-05
-1.9605e+01  1.1178e-05
-1.9555e+01  1.1149e-05
-1.9505e+01  1.1123e-05
-1.9455e+01  1.1101e-05
-1.9405e+01  1.1082e-05
-1.9355e+01  1.1065e-05
-1.9305e+01  1.1052e-05
-1.9255e+01  1.1040e-05
-1.9205e+01  1.1031e-05
-1.9155e+01  1.1024e-05
-1.9105e+01  1.1018e-05
-1.9055e+01  1.1014e-05
-1.9005e+01  1.1012e-05
-1.8955e+01  1.1012e-05
-1.8905e+01  1.1013e-05
-1.8855e+01  1.1015e-05
-1.8805e+01  1.1018e-05
-1.8755e+01  1.1023e-05
-1.8705e+01  1.1028e-05
-1.8655e+01  1.1035e-05
-1.8605e+01  1.1042e-05
-1.8555e+01  1.1050e-05
-1.8505e+01  1.1059e-05
-1.8455e+01  1.1069e-05
-1.8405e+01  1.1080e-05
-1.8355e+01  1.1091e-05
-1.8305e+01  1.1103e-05
-1.8255e+01  1.1116e-05
-1.8205e+01  1.1129e-05
-1.8155e+01  1.1143e-05
-1.8105e+01  1.1157e-05
-1.8055e+01  1.1172e-05
-1.8005e+01  1.1188e-05
-1.7955e+01  1.1203e-05
-1.7905e+01  1.1220e-05
-1.7855e+01  1.1236e-05
-1.7805e+01  1.1253e-05
-1.7755e+01  1.1271e-05
-1.7705e+01  1.1289e-05
-1.7655e+01  1.1307e-05
-1.7605e+01  1.1326e-05
-1.7555e+01  1.1344e-05
-1.7505e+01  1.1364e-05
-1.7455e+01  1.1383e-05
-1.7405e+01  1.1403e-05
-1.7355e+01  1.1423e-05
-1.7305e+01  1.1444e-05
-1.7255e+01  1.1464e-05
-1.7205e+01  1.1485e-05
-1.7155e+01  1.1507e-05
-1.7105e+01  1.1528e-05
-1.7055e+01  1.1550e-05
-1.7005e+01  1.1572e-05
-1.6955e+01  1.1594e-05
-1.6905e+01  1.1617e-05
-1.6855e+01  1.1639e-05
-1.6805e+01  1.1662e-05
-1.6755e+01  1.1685e-05
-1.6705e+01  1.1709e-05
-1.6655e+01  1.1732e-05
-1.6605e+01  1.1756e-05
-1.6555e+01  1.1780e-05
-1.6505e+01  1.1804e-05
-1.6455e+01  1.1828e-05
-1.6405e+01  1.1853e-05
-1.6355e+01  1.1878e-05
-1.6305e+01  1.1903e-05
-1.6255e+01  1.1928e-05
-1.6205e+01  1.1953e-05
-1.6155e+01  1.1978e-05
-1.6105e+01  1.2004e-05
-1.6055e+01  1.2030e-05
-1.6005e+01  1.2056e-05
-1.5955e+01  1.2082e-05
-1.5905e+01  1.2108e-05
-1.5855e+01  1.2134e-05
-1.5805e+01  1.2161e-05
-1.5755e+01  1.2188e-05
-1.5705e+01  1.2215e-05
-1.5655e+01  1.2242e-05
-1.5605e+01  1.2269e-05
-1.5555e+01  1.2296e-05
-1.5505e+01  1.2324e-05
-1.5455e+01  1.2351e-05
-1.5405e+01  1.2379e-05
-1.5355e+01  1.2407e-05
-1.5305e+01  1.2435e-05
-1.5255e+01  1.2464e-05
-1.5205e+01  1.2492e-05
-1.5155e+01  1.2521e-05
-1.5105e+01  1.2549e-05
-1.5055e+01  1.2578e-05
-1.5005e+01  1.2607e-05
-1.4955e+01  1.2636e-05
-1.4905e+01  1.2666e-05
-1.4855e+01  1.2695e-05
-1.4805e+01  1.2725e-05
-1.4755e+01  1.2755e-05
-1.4705e+01  1.2784e-05
-1.4655e+01  1.2814e-05
-1.4605e+01  1.2845e-05
-1.4555e+01  1.2875e-05
-1.4505e+01  1.2905e-05
-1.4455e+01  1.2936e-05
-1.4405e+01  1.2967e-05
-1.4355e+01  1.2998e-05
-1.4305e+01  1.3029e-05
-1.4255e+01  1.3060e-05
-1.4205e+01  1.3091e-05
-1.4155e+01  1.3123e-05
-1.4105e+01  1.3154e-05
-1.4055e+01  1.3186e-05
-1.4005e+01  1.3218e-05
-1.3955e+01  1.3250e-05
-1.3905e+01  1.3282e-05
-1.3855e+01  1.3315e-05
-1.3805e+01  1.3347e-05
-1.3755e+01  1.3380e-05
-1.3705e+01  1.3413e-05
-1.3655e+01  1.3445e-05
-1.3605e+01  1.3479e-05
-1.3555e+01  1.3512e-05
-1.3505e+01  1.3545e-05
-1.3455e+01  1.3579e-05
-1.3405e+01  1.3612e-05
-1.3355e+01  1.3646e-05
-1.3305e+01  1.3680e-05
-1.3255e+01  1.3714e-05
-1.3205e+01  1.3748e-05
-1.3155e+01  1.3783e-05
-1.3105e+01  1.3817e-05
-1.3055e+01  1.3852e-05
-1.3005e+01  1.3887e-05
-1.2955e+01  1.3922e-05
-1.2905e+01  1.3957e-05
-1.2855e+01  1.3992e-05
-1.2805e+01  1.4028e-05
-1.2755e+01  1.4063e-05
-1.2705e+01  1.4099e-05
-1.2655e+01  1.4135e-05
-1.2605e+01  1.4171e-05
-1.2555e+01  1.4207e-05
-1.2505e+01  1.4244e-05
-1.2455e+01  1.4280e-05
-1.2405e+01  1.4317e-05
-1.2355e+01  1.4354e-05
-1.2305e+01  1.4391e-05
-1.2255e+01  1.4428e-05
-1.2205e+01  1.4465e-05
-1.2155e+01  1.4503e-05
-1.2105e+01  1.4541e-05
-1.2055e+01  1.4578e-05
-1.2005e+01  1.4616e-05
-1.1955e+01  1.4654e-05
-1.1905e+01  1.4693e-05
-1.1855e+01  1.4731e-05
-1.1805e+01  1.4770e-05
-1.1755e+01  1.4809e-05
-1.1705e+01  1.4848e-05
-1.1655e+01  1.4887e-05
-1.1605e+01  1.4926e-05
-1.1555e+01  1.4966e-05
-1.1505e+01  1.5005e-05
-1.1455e+01  1.5045e-05
-1.1405e+01  1.5085e-05
-1.1355e+01  1.5125e-05
-1.1305e+01  1.5166e-05
-1.1255e+01  1.5206e-05
-1.1205e+01  1.5247e-05
-1.1155e+01  1.5288e-05
-1.1105e+01  1.5329e-05
-1.1055e+01  1.5370e-05
-1.1005e+01  1.5411e-05
-1.0955e+01  1.5453e-05
-1.0905e+01  1.5495e-05
-1.0855e+01  1.5537e-05
-1.0805e+01  1.5579e-05
-1.0755e+01  1.5621e-05
-1.0705e+01  1.5664e-05
-1.0655e+01  1.5706e-05
-1.0605e+01  1.5749e-05
-1.0555e+01  1.5792e-05
-1.0505e+01  1.5836e-05
-1.0455e+01  1.5879e-05
-1.0405e+01  1.5923e-05
-1.0355e+01  1.5967e-05
-1.0305e+01  1.6011e-05
-1.0255e+01  1.6055e-05
-1.0205e+01  1.6099e-05
-1.0155e+01  1.6144e-05
-1.0105e+01  1.6189e-05
-1.0055e+01  1.6234e-05
-1.0005e+01  1.6279e-05
-9.9550e+00  1.6325e-05
-9.9050e+00  1.6370e-05
-9.8550e+00  1.6416e-05
-9.8050e+00  1.6462e-05
-9.7550e+00  1.6508e-05
-9.7050e+00  1.6555e-05
-9.6550e+00  1.6602e-05
-9.6050e+00  1.6648e-05
-9.5550e+00  1.6696e-05
-9.5050e+00  1.6743e-05
-9.4550e+00  1.6790e-05
-9.4050e+00  1.6838e-05
-9.3550e+00  1.6886e-05
-9.3050e+00  1.6934e-05
-9.2550e+00  1.6983e-05
-9.2050e+00  1.7031e-05
-9.1550e+00  1.7080e-05
-9.1050e+00  1.7129e-05
-9.0550e+00  1.7179e-05
-9.0050e+00  1.7228e-05
-8.9550e+00  1.7278e-05
-8.9050e+00  1.7328e-05
-8.8550e+00  1.7378e-05
-8.8050e+00  1.7429e-05
-8.7550e+00  1.7480e-05
-8.7050e+00  1.7531e-05
-8.6550e+00  1.7582e-05
-8.6050e+00  1.7633e-05
-8.5550e+00  1.7685e-05
-8.5050e+00  1.7737e-05
-8.4550e+00  1.7789e-05
-8.4050e+00  1.7842e-05
-8.3550e+00  1.7894e-05
-8.3050e+00  1.7947e-05
-8.2550e+00  1.8001e-05
-8.2050e+00  1.8054e-05
-8.1550e+00  1.8108e-05
-8.1050e+00  1.8162e-05
-8.0550e+00  1.8216e-05
-8.0050e+00  1.8271e-05
-7.9550e+00  1.8326e-05
-7.9050e+00  1.8381e-05
-7.8550e+00  1.8436e-05
-7.8050e+00  1.8492e-05
-7.7550e+00  1.8548e-05
-7.7050e+00  1.8604e-05
-7.6550e+00  1.8660e-05
-7.6050e+00  1.8717e-05
-7.5550e+00  1.8774e-05
-7.5050e+00  1.8832e-05
-7.4550e+00  1.8889e-05
-7.4050e+00  1.8947e-05
-7.3550e+00  1.9005e-05
-7.3050e+00  1.9064e-05
-7.2550e+00  1.9123e-05
-7.2050e+00  1.9182e-05
-7.1550e+00  1.9241e-05
-7.1050e+00  1.9301e-05
-7.0550e+00  1.9361e-05
-7.0050e+00  1.9422e-05
-6.9550e+00  1.9483e-05
-6.9050e+00  1.9544e-05
-6.8550e+00  1.9605e-05
-6.8050e+00  1.9667e-05
-6.7550e+00  1.9729e-05
-6.7050e+00  1.9791e-05
-6.6550e+00  1.9854e-05
-6.6050e+00  1.9917e-05
-6.5550e+00  1.9981e-05
-6.5050e+00  2.0045e-05
-6.4550e+00  2.0109e-05
-6.4050e+00  2.0174e-05
-6.3550e+00  2.0239e-05
-6.3050e+00  2.0304e-05
-6.2550e+00  2.0370e-05
-6.2050e+00  2.0436e-05
-6.1550e+00  2.0502e-05
-6.1050e+00  2.0569e-05
-6.0550e+00  2.0636e-05
-6.0050e+00  2.0704e-05
-5.9550e+00  2.0772e-05
-5.9050e+00  2.0841e-05
-5.8550e+00  2.0910e-05
-5.8050e+00  2.0979e-05
-5.7550e+00  2.1049e-05
-5.7050e+00  2.1119e-05
-5.6550e+00  2.1190e-05
-5.6050e+00  2.1261e-05
-5.5550e+00  2.1333e-05
-5.5050e+00  2.1405e-05
-5.4550e+00  2.1478e-05
-5.4050e+00  2.1551e-05
-5.3550e+00  2.1624e-05
-5.3050e+00  2.1698e-05
-5.2550e+00  2.1773e-05
-5.2050e+00  2.1848e-05
-5.1550e+00  2.1924e-05
-5.1050e+00  2.2000e-05
-5.0550e+00  2.2077e-05
-5.0050e+00  2.2154e-05
-4.9550e+00  2.2232e-05
-4.9050e+00  2.2311e-05
-4.8550e+00  2.2390e-05
-4.8050e+00  2.2470e-05
-4.7550e+00  2.2550e-05
-4.7050e+00  2.2631e-05
-4.6550e+00  2.2713e-05
-4.6050e+00  2.2796e-05
-4.5550e+00  2.2879e-05
-4.5050e+00  2.2963e-05
-4.4550e+00  2.3047e-05
-4.4050e+00  2.3132e-05
-4.3550e+00  2.3219e-05
-4.3050e+00  2.3306e-05
-4.2550e+00  2.3393e-05
-4.2050e+00  2.3482e-05
-4.1550e+00  2.3571e-05
-4.1050e+00  2.3662e-05
-4.0550e+00  2.3753e-05
-4.0050e+00  2.3846e-05
-3.9550e+00  2.3939e-05
-3.9050e+00  2.4033e-05
-3.8550e+00  2.4129e-05
-3.8050e+00  2.4225e-05
-3.7550e+00  2.4323e-05
-3.7050e+00  2.4422e-05
-3.6550e+00  2.4522e-05
-3.6050e+00  2.4624e-05
-3.5550e+00  2.4727e-05
-3.5050e+00  2.4831e-05
-3.4550e+00  2.4937e-05
-3.4050e+00  2.5044e-05
-3.3550e+00  2.5153e-05
-3.3050e+00  2.5264e-05
-3.2550e+00  2.5377e-05
-3.2050e+00  2.5491e-05
-3.1550e+00  2.5608e-05
-3.1050e+00  2.5726e-05
-3.0550e+00  2.5847e-05
-3.0050e+00  2.5971e-05
-2.9550e+00  2.6097e-05
-2.9050e+00  2.6225e-05
-2.8550e+00  2.6356e-05
-2.8050e+00  2.6491e-05
-2.7550e+00  2.6629e-05
-2.7050e+00  2.6770e-05
-2.6550e+00  2.6915e-05
-2.6050e+00  2.7064e-05
-2.5550e+00  2.7217e-05
-2.5050e+00  2.7375e-05
-2.4550e+00  2.7538e-05
-2.4050e+00  2.7707e-05
-2.3550e+00  2.7881e-05
-2.3050e+00  2.8062e-05
-2.2550e+00  2.8250e-05
-2.2050e+00  2.8445e-05
-2.1550e+00  2.8649e-05
-2.1050e+00  2.8862e-05
-2.0550e+00  2.9085e-05
-2.0050e+00  2.9319e-05
-1.9550e+00  2.9566e-05
-1.9050e+00  2.9826e-05
-1.8550e+00  3.0101e-05
-1.8050e+00  3.0393e-05
-1.7550e+00  3.0704e-05
-1.7050e+00  3.1037e-05
-1.6550e+00  3.1393e-05
-1.6050e+00  3.1775e-05
-1.5550e+00  3.2187e-05
-1.5050e+00  3.2633e-05
-1.4550e+00  3.3117e-05
-1.4050e+00  3.3643e-05
-1.3550e+00  3.4216e-05
-1.3050e+00  3.4843e-05
-1.2550e+00  3.5529e-05
-1.2050e+00  3.6280e-05
-1.1550e+00  3.7103e-05
-1.1050e+00  3.8002e-05
-1.0550e+00  3.8983e-05
-1.0050e+00  4.0048e-05
-9.5500e-01  4.1198e-05
-9.0500e-01  4.2432e-05
-8.5500e-01  4.3743e-05
-8.0500e-01  4.5123e-05
-7.5500e-01  4.6556e-05
-7.0500e-01  4.8023e-05
-6.5500e-01  4.9502e-05
-6.0500e-01  5.0963e-05
-5.5500e-01  5.2377e-05
-5.0500e-01  5.3712e-05
-4.5500e-01  5.4932e-05
-4.0500e-01  5.6008e-05
-3.5500e-01  5.6908e-05
-3.0500e-01  5.7605e-05
-2.5500e-01  5.8081e-05
-2.0500e-01  5.8320e-05
-1.5500e-01  5.8315e-05
-1.0500e-01  5.8069e-05
-5.5000e-02  5.7592e-05
-5.0000e-03  5.6903e-05
4.5000e-02  5.6028e-05
9.5000e-02  5.4998e-05
1.4500e-01  5.3849e-05
1.9500e-01  5.2619e-05
2.4500e-01  5.1344e-05
2.9500e-01  5.0059e-05
3.4500e-01  4.8793e-05
3.9500e-01  4.7572e-05
4.4500e-01  4.6416e-05
4.9500e-01  4.5337e-05
5.4500e-01  4.4344e-05
5.9500e-01  4.3441e-05
6.4500e-01  4.2629e-05
6.9500e-01  4.1904e-05
7.4500e-01  4.1262e-05
7.9500e-01  4.0697e-05
8.4500e-01  4.0202e-05
8.9500e-01  3.9772e-05
9.4500e-01  3.9400e-05
9.9500e-01  3.9080e-05
1.0450e+00  3.8805e-05
1.0950e+00  3.8572e-05
1.1450e+00  3.8375e-05
1.1950e+00  3.8211e-05
1.2450e+00  3.8075e-05
1.2950e+00  3.7965e-05
1.3450e+00  3.7878e-05
1.3950e+00  3.7811e-05
1.4450e+00  3.7763e-05
1.4950e+00  3.7732e-05
1.5450e+00  3.7715e-05
1.5950e+00  3.7712e-05
1.6450e+00  3.7721e-05
1.6950e+00  3.7741e-05
1.7450e+00  3.7771e-05
1.7950e+00  3.7811e-05
1.8450e+00  3.7859e-05
1.8950e+00  3.7915e-05
1.9450e+00  3.7978e-05
1.9950e+00  3.8048e-05
2.0450e+00  3.8124e-05
2.0950e+00  3.8206e-05
2.1450e+00  3.8293e-05
2.1950e+00  3.8385e-05
2.2450e+00  3.8482e-05
2.2950e+00  3.8583e-05
2.3450e+00  3.8689e-05
2.3950e+00  3.8799e-05
2.4450e+00  3.8912e-05
2.4950e+00  3.9029e-05
2.5450e+00  3.9149e-05
2.5950e+00  3.9273e-05
2.6450e+00  3.9400e-05
2.6950e+00  3.9529e-05
2.7450e+00  3.9662e-05
2.7950e+00  3.9797e-05
2.8450e+00  3.9935e-05
2.8950e+00  4.0075e-05
2.9450e+00  4.0218e-05
2.9950e+00  4.0364e-05
3.0450e+00  4.0511e-05
3.0950e+00  4.0661e-05
3.1450e+00  4.0814e-05
3.1950e+00  4.0968e-05
3.2450e+00  4.1125e-05
3.2950e+00  4.1283e-05
3.3450e+00  4.1444e-05
3.3950e+00  4.1607e-05
3.4450e+00  4.1771e-05
3.4950e+00  4.1938e-05
3.5450e+00  4.2106e-05
3.5950e+00  4.2277e-05
3.6450e+00  4.2449e-05
3.6950e+00  4.2623e-05
3.7450e+00  4.2799e-05
3.7950e+00  4.2977e-05
3.8450e+00  4.3157e-05
3.8950e+00  4.3338e-05
3.9450e+00  4.3521e-05
3.9950e+00  4.3707e-05
4.0450e+00  4.3893e-05
4.0950e+00  4.4082e-05
4.1450e+00  4.4272e-05
4.1950e+00  4.4464e-05
4.2450e+00  4.4658e-05
4.2950e+00  4.4854e-05
4.3450e+00  4.5051e-05
4.3950e+00  4.5250e-05
4.4450e+00  4.5451e-05
4.4950e+00  4.5654e-05
4.5450e+00  4.5859e-05
4.5950e+00  4.6065e-05
4.6450e+00  4.6273e-05
4.6950e+00  4.6483e-05
4.7450e+00  4.6694e-05
4.7950e+00  4.6908e-05
4.8450e+00  4.7123e-05
4.8950e+00  4.7340e-05
4.9450e+00  4.7559e-05
4.9950e+00  4.7779e-05
5.0450e+00  4.8002e-05
5.0950e+00  4.8226e-05
5.1450e+00  4.8452e-05
5.1950e+00  4.8680e-05
5.2450e+00  4.8910e-05
5.2950e+00  4.9142e-05
5.3450e+00  4.9376e-05
5.3950e+00  4.9611e-05
5.4450e+00  4.9849e-05
5.4950e+00  5.0088e-05
5.5450e+00  5.0330e-05
5.5950e+00  5.0573e-05
5.6450e+00  5.0819e-05
5.6950e+00  5.1066e-05
5.7450e+00  5.1315e-05
5.7950e+00  5.1567e-05
5.8450e+00  5.1820e-05
5.8950e+00  5.2076e-05
5.9450e+00  5.2334e-05
5.9950e+00  5.2594e-05
6.0450e+00  5.2856e-05
6.0950e+00  5.3120e-05
6.1450e+00  5.3386e-05
6.1950e+00  5.3654e-05
6.2450e+00  5.3925e-05
6.2950e+00  5.4198e-05
6.3450e+00  5.4473e-05
6.3950e+00  5.4750e-05
6.4450e+00  5.5030e-05
6.4950e+00  5.5312e-05
6.5450e+00  5.5596e-05
6.5950e+00  5.5883e-05
6.6450e+00  5.6172e-05
6.6950e+00  5.6463e-05
6.7450e+00  5.6757e-05
6.7950e+00  5.7053e-05
6.8450e+00  5.7352e-05
6.8950e+00  5.7653e-05
6.9450e+00  5.7957e-05
6.9950e+00  5.8263e-05
7.0450e+00  5.8572e-05
7.0950e+00  5.8884e-05
7.1450e+00  5.9198e-05
7.1950e+00  5.9515e-05
7.2450e+00  5.9834e-05
7.2950e+00  6.0157e-05
7.3450e+00  6.0482e-05
7.3950e+00  6.0809e-05
7.4450e+00  6.1140e-05
7.4950e+00  6.1473e-05
7.5450e+00  6.1810e-05
7.5950e+00  6.2149e-05
7.6450e+00  6.2491e-05
7.6950e+00  6.2836e-05
7.7450e+00  6.3184e-05
7.7950e+00  6.3535e-05
7.8450e+00  6.3890e-05
7.8950e+00  6.4247e-05
7.9450e+00  6.4607e-05
7.9950e+00  6.4971e-05
8.0450e+00  6.5338e-05
8.0950e+00  6.5708e-05
8.1450e+00  6.6082e-05
8.1950e+00  6.6458e-05
8.2450e+00  6.6838e-05
8.2950e+00  6.7222e-05
8.3450e+00  6.7609e-05
8.3950e+00  6.8000e-05
8.4450e+00  6.8394e-05
8.4950e+00  6.8791e-05
8.5450e+00  6.9192e-05
8.5950e+00  6.9597e-05
8.6450e+00  7.0006e-05
8.6950e+00  7.0418e-05
8.7450e+00  7.0835e-05
8.7950e+00  7.1255e-05
8.8450e+00  7.1679e-05
8.8950e+00  7.2107e-05
8.9450e+00  7.2539e-05
8.9950e+00  7.2975e-05
9.0450e+00  7.3415e-05
9.0950e+00  7.3859e-05
9.1450e+00  7.4308e-05
9.1950e+00  7.4760e-05
9.2450e+00  7.5217e-05
9.2950e+00  7.5679e-05
9.3450e+00  7.6145e-05
9.3950e+00  7.6615e-05
9.4450e+00  7.7090e-05
9.4950e+00  7.7570e-05
9.5450e+00  7.8054e-05
9.5950e+00  7.8543e-05
9.6450e+00  7.9037e-05
9.6950e+00  7.9536e-05
9.7450e+00  8.0039e-05
9.7950e+00  8.0548e-05
9.8450e+00  8.1062e-05
9.8950e+00  8.1581e-05
9.9450e+00  8.2105e-05
9.9950e+00  8.2634e-05
1.0045e+01  8.3169e-05
1.0095e+01  8.3709e-05
1.0145e+01  8.4255e-05
1.0195e+01  8.4806e-05
1.0245e+01  8.5363e-05
1.0295e+01  8.5926e-05
1.0345e+01  8.6495e-05
1.0395e+01  8.7069e-05
1.0445e+01  8.7650e-05
1.0495e+01  8.8237e-05
1.0545e+01  8.8830e-05
1.0595e+01  8.9429e-05
1.0645e+01  9.0034e-05
1.0695e+01  9.0646e-05
1.0745e+01  9.1265e-05
1.0795e+01  9.1890e-05
1.0845e+01  9.2522e-05
1.0895e+01  9.3161e-05
1.0945e+01  9.3807e-05
1.0995e+01  9.4460e-05
1.1045e+01  9.5121e-05
1.1095e+01  9.5788e-05
1.1145e+01  9.6463e-05
1.1195e+01  9.7146e-05
1.1245e+01  9.7836e-05
1.1295e+01  9.8534e-05
1.1345e+01  9.9240e-05
1.1395e+01  9.9954e-05
1.1445e+01  1.0068e-04
1.1495e+01  1.0141e-04
1.1545e+01  1.0215e-04
1.1595e+01  1.0289e-04
1.1645e+01  1.0365e-04
1.1695e+01  1.0442e-04
1.1745e+01  1.0519e-04
1.1795e+01  1.0597e-04
1.1845e+01  1.0677e-04
1.1895e+01  1.0757e-04
1.1945e+01  1.0838e-04
1.1995e+01  1.0920e-04
1.2045e+01  1.1003e-04
1.2095e+01  1.1088e-04
1.2145e+01  1.1173e-04
1.2195e+01  1.1259e-04
1.2245e+01  1.1347e-04
1.2295e+01  1.1435e-04
1.2345e+01  1.1525e-04
1.2395e+01  1.1615e-04
1.2445e+01  1.1707e-04
1.2495e+01  1.1800e-04
1.2545e+01  1.1895e-04
1.2595e+01  1.1990e-04
1.2645e+01  1.2087e-04
1.2695e+01  1.2185e-04
1.2745e+01  1.2284e-04
1.2795e+01  1.2385e-04
1.2845e+01  1.2487e-04
1.2895e+01  1.2590e-04
1.2945e+01  1.2695e-04
1.2995e+01  1.2801e-04
1.3045e+01  1.2908e-04
1.3095e+01  1.3018e-04
1.3145e+01  1.3128e-04
1.3195e+01  1.3240e-04
1.3245e+01  1.3354e-04
1.3295e+01  1.3469e-04
1.3345e+01  1.3586e-04
1.3395e+01  1.3705e-04
1.3445e+01  1.3826e-04
1.3495e+01  1.3948e-04
1.3545e+01  1.4072e-04
1.3595e+01  1.4198e-04
1.3645e+01  1.4325e-04
1.3695e+01  1.4455e-04
1.3745e+01  1.4587e-04
1.3795e+01  1.4720e-04
1.3845e+01  1.4856e-04
1.3895e+01  1.4994e-04
1.3945e+01  1.5134e-04
1.3995e+01  1.5276e-04
1.4045e+01  1.5420e-04
1.4095e+01  1.5567e-04
1.4145e+01  1.5716e-04
1.4195e+01  1.5868e-04
1.4245e+01  1.6022e-04
1.4295e+01  1.6178e-04
1.4345e+01  1.6338e-04
1.4395e+01  1.6500e-04
1.4445e+01  1.6664e-04
1.4495e+01  1.6832e-04
1.4545e+01  1.7003e-04
1.4595e+01  1.7176e-04
1.4645e+01  1.7353e-04
1.4695e+01  1.7533e-04
1.4745e+01  1.7716e-04
1.4795e+01  1.7902e-04
1.4845e+01  1.8092e-04
1.4895e+01  1.8285e-04
1.4945e+01  1.8483e-04
1.4995e+01  1.8684e-04
1.5045e+01  1.8888e-04
1.5095e+01  1.9097e-04
1.5145e+01  1.9310e-04
1.5195e+01  1.9528e-04
1.5245e+01  1.9749e-04
1.5295e+01  1.9976e-04
1.5345e+01  2.0207e-04
1.5395e+01  2.0443e-04
1.5445e+01  2.0684e-04
1.5495e+01  2.0930e-04
1.5545e+01  2.1182e-04
1.5595e+01  2.1439e-04
1.5645e+01  2.1702e-04
1.5695e+01  2.1971e-04
1.5745e+01  2.2247e-04
1.5795e+01  2.2529e-04
1.5845e+01  2.2818e-04
1.5895e+01  2.3114e-04
1.5945e+01  2.3417e-04
1.5995e+01  2.3728e-04
1.6045e+01  2.4047e-04
1.6095e+01  2.4374e-04
1.6145e+01  2.4710e-04
1.6195e+01  2.5055e-04
1.6245e+01  2.5409e-04
1.6295e+01  2.5774e-04
1.6345e+01  2.6148e-04
1.6395e+01  2.6534e-04
1.6445e+01  2.6932e-04
1.6495e+01  2.7341e-04
1.6545e+01  2.7763e-04
1.6595e+01  2.8198e-04
1.6645e+01  2.8648e-04
1.6695e+01  2.9112e-04
1.6745e+01  2.9592e-04
1.6795e+01  3.0088e-04
1.6845e+01  3.0602e-04
1.6895e+01  3.1135e-04
1.6945e+01  3.1687e-04
1.6995e+01  3.2260e-04
1.7045e+01  3.2856e-04
1.7095e+01  3.3476e-04
1.7145e+01  3.4121e-04
1.7195e+01  3.4793e-04
1.7245e+01  3.5494e-04
1.7295e+01  3.6227e-04
1.7345e+01  3.6993e-04
1.7395e+01  3.7796e-04
1.7445e+01  3.8638e-04
1.7495e+01  3.9522e-04
1.7545e+01  4.0452e-04
1.7595e+01  4.1432e-04
1.7645e+01  4.2466e-04
1.7695e+01  4.3559e-04
1.7745e+01  4.4717e-04
1.7795e+01  4.5945e-04
1.7845e+01  4.7251e-04
1.7895e+01  4.8643e-04
1.7945e+01  5.0129e-04
1.7995e+01  5.1719e-04
1.8045e+01  5.3425e-04
1.8095e+01  5.5258e-04
1.8145e+01  5.7234e-04
1.8195e+01  5.9368e-04
1.8245e+01  6.1679e-04
1.8295e+01  6.4186e-04
1.8345e+01  6.6912e-04
1.8395e+01  6.9881e-04
1.8445e+01  7.3121e-04
1.8495e+01  7.6660e-04
1.8545e+01  8.0528e-04
1.8595e+01  8.4756e-04
1.8645e+01  8.9374e-04
1.8695e+01  9.4410e-04
1.8745e+01  9.9888e-04
1.8795e+01  1.0583e-03
1.8845e+01  1.1224e-03
1.8895e+01  1.1913e-03
1.8945e+01  1.2648e-03
1.8995e+01  1.3426e-03
1.9045e+01  1.4246e-03
1.9095e+01  1.5100e-03
1.9145e+01  1.5983e-03
1.9195e+01  1.6888e-03
1.9245e+01  1.7805e-03
1.9295e+01  1.8727e-03
1.9345e+01  1.9643e-03
1.9395e+01  2.0543e-03
1.9445e+01  2.1419e-03
1.9495e+01  2.2258e-03
1.9545e+01  2.3053e-03
1.9595e+01  2.3794e-03
1.9645e+01  2.4471e-03
1.9695e+01  2.5076e-03
1.9745e+01  2.5602e-03
1.9795e+01  2.6040e-03
1.9845e+01  2.6387e-03
1.9895e+01  2.6636e-03
1.9945e+01  2.6786e-03
1.9995e+01  2.6836e-03
2.0045e+01  2.6785e-03
2.0095e+01  2.6637e-03
2.0145e+01  2.6393e-03
2.0195e+01  2.6061e-03
2.0245e+01  2.5646e-03
2.0295e+01  2.5156e-03
2.0345e+01  2.4599e-03
2.0395e+01  2.3986e-03
2.0445e+01  2.3326e-03
2.0495e+01  2.2631e-03
2.0545e+01  2.1911e-03
2.0595e+01  2.1178e-03
2.0645e+01  2.0441e-03
2.0695e+01  1.9711e-03
2.0745e+01  1.8997e-03
2.0795e+01  1.8305e-03
2.0845e+01  1.7643e-03
2.0895e+01  1.7015e-03
2.0945e+01  1.6425e-03
2.0995e+01  1.5877e-03
2.1045e+01  1.5372e-03
2.1095e+01  1.4910e-03
2.1145e+01  1.4493e-03
2.1195e+01  1.4119e-03
2.1245e+01  1.3789e-03
2.1295e+01  1.3501e-03
2.1345e+01  1.3254e-03
2.1395e+01  1.3046e-03
2.1445e+01  1.2875e-03
2.1495e+01  1.2740e-03
2.1545e+01  1.2638e-03
2.1595e+01  1.2569e-03
2.1645e+01  1.2530e-03
2.1695e+01  1.2519e-03
2.1745e+01  1.2536e-03
2.1795e+01  1.2578e-03
2.1845e+01  1.2644e-03
2.1895e+01  1.2734e-03
2.1945e+01  1.2846e-03
2.1995e+01  1.2979e-03
2.2045e+01  1.3134e-03
2.2095e+01  1.3310e-03
2.2145e+01  1.3506e-03
2.2195e+01  1.3723e-03
2.2245e+01  1.3961e-03
2.2295e+01  1.4220e-03
2.2345e+01  1.4500e-03
2.2395e+01  1.4802e-03
2.2445e+01  1.5127e-03
2.2495e+01  1.5476e-03
2.2545e+01  1.5850e-03
2.2595e+01  1.6250e-03
2.2645e+01  1.6678e-03
2.2695e+01  1.7136e-03
2.2745e+01  1.7625e-03
2.2795e+01  1.8147e-03
2.2845e+01  1.8706e-03
2.2895e+01  1.9304e-03
2.2945e+01  1.9945e-03
2.2995e+01  2.0631e-03
2.3045e+01  2.1367e-03
2.3095e+01  2.2157e-03
2.3145e+01  2.3005e-03
2.3195e+01  2.3916e-03
2.3245e+01  2.4896e-03
2.3295e+01  2.5950e-03
2.3345e+01  2.7083e-03
2.3395e+01  2.8301e-03
2.3445e+01  2.9610e-03
2.3495e+01  3.1016e-03
2.3545e+01  3.2524e-03
2.3595e+01  3.4139e-03
2.3645e+01  3.5867e-03
2.3695e+01  3.7713e-03
2.3745e+01  3.9680e-03
2.3795e+01  4.1773e-03
2.3845e+01  4.3994e-03
2.3895e+01  4.6347e-03
2.3945e+01  4.8833e-03
2.3995e+01  5.1453e-03
2.4045e+01  5.4209e-03
2.4095e+01  5.7103e-03
2.4145e+01  6.0136e-03
2.4195e+01  6.3308e-03
2.4245e+01  6.6623e-03
2.4295e+01  7.0082e-03
2.4345e+01  7.3688e-03
2.4395e+01  7.7441e-03
2.4445e+01  8.1343e-03
2.4495e+01  8.5393e-03
2.4545e+01  8.9589e-03
2.4595e+01  9.3927e-03
2.4645e+01  9.8402e-03
2.4695e+01  1.0301e-02
2.4745e+01  1.0773e-02
2.4795e+01  1.1257e-02
2.4845e+01  1.1753e-02
2.4895e+01  1.2259e-02
2.4945e+01  1.2777e-02
2.4995e+01  1.3308e-02
2.5045e+01  1.3853e-02
2.5095e+01  1.4415e-02
2.5145e+01  1.4997e-02
2.5195e+01  1.5602e-02
2.5245e+01  1.6235e-02
2.5295e+01  1.6900e-02
2.5345e+01  1.7600e-02
2.5395e+01  1.8342e-02
2.5445e+01  1.9129e-02
2.5495e+01  1.9965e-02
2.5545e+01  2.0854e-02
2.5595e+01  2.1799e-02
2.5645e+01  2.2801e-02
2.5695e+01  2.3861e-02
2.5745e+01  2.4977e-02
2.5795e+01  2.6147e-02
2.5845e+01  2.7365e-02
2.5895e+01  2.8624e-02
2.5945e+01  2.9914e-02
2.5995e+01  3.1224e-02
2.6045e+01  3.2537e-02
2.6095e+01  3.3839e-02
2.6145e+01  3.5110e-02
2.6195e+01  3.6331e-02
2.6245e+01  3.7483e-02
2.6295e+01  3.8543e-02
2.6345e+01  3.9492e-02
2.6395e+01  4.0309e-02
2.6445e+01  4.0979e-02
2.6495e+01  4.1485e-02
2.6545e+01  4.1816e-02
2.6595e+01  4.1967e-02
2.6645e+01  4.1934e-02
2.6695e+01  4.1721e-02
2.6745e+01  4.1335e-02
2.6795e+01  4.0788e-02
2.6845e+01  4.0097e-02
2.6895e+01  3.9279e-02
2.6945e+01  3.8354e-02
2.6995e+01  3.7342e-02
2.7045e+01  3.6264e-02
2.7095e+01  3.5138e-02
2.7145e+01  3.3983e-02
2.7195e+01  3.2813e-02
2.7245e+01  3.1644e-02
2.7295e+01  3.0487e-02
2.7345e+01  2.9351e-02
2.7395e+01  2.8244e-02
2.7445e+01  2.7172e-02
2.7495e+01  2.6139e-02
2.7545e+01  2.5145e-02
2.7595e+01  2.4193e-02
2.7645e+01  2.3280e-02
2.7695e+01  2.2407e-02
2.7745e+01  2.1571e-02
2.7795e+01  2.0771e-02
2.7845e+01  2.0005e-02
2.7895e+01  1.9270e-02
2.7945e+01  1.8566e-02
2.7995e+01  1.7891e-02
2.8045e+01  1.7243e-02
2.8095e+01  1.6621e-02
2.8145e+01  1.6024e-02
2.8195e+01  1.5449e-02
2.8245e+01  1.4896e-02
2.8295e+01  1.4362e-02
2.8345e+01  1.3845e-02
2.8395e+01  1.3344e-02
2.8445e+01  1.2856e-02
2.8495e+01  1.2380e-02
2.8545e+01  1.1914e-02
2.8595e+01  1.1456e-02
2.8645e+01  1.1005e-02
2.8695e+01  1.0561e-02
2.8745e+01  1.0122e-02
2.8795e+01  9.6889e-03
2.8845e+01  9.2613e-03
2.8895e+01  8.8401e-03
2.8945e+01  8.4262e-03
2.8995e+01  8.0209e-03
2.9045e+01  7.6254e-03
2.9095e+01  7.2412e-03
2.9145e+01  6.8694e-03
2.9195e+01  6.5111e-03
2.9245e+01  6.1671e-03
2.9295e+01  5.8382e-03
2.9345e+01  5.5246e-03
2.9395e+01  5.2265e-03
2.9445e+01  4.9438e-03
2.9495e+01  4.6765e-03
2.9545e+01  4.4242e-03
2.9595e+01  4.1868e-03
2.9645e+01  3.9637e-03
2.9695e+01  3.7547e-03
2.9745e+01  3.5593e-03
2.9795e+01  3.3769e-03
2.9845e+01  3.2071e-03
2.9895e+01  3.0491e-03
2.9945e+01  2.9024e-03
2.9995e+01  2.7663e-03
3.0045e+01  2.6399e-03
3.0095e+01  2.5226e-03
3.0145e+01  2.4136e-03
3.0195e+01  2.3122e-03
3.0245e+01  2.2179e-03
3.0295e+01  2.1299e-03
3.0345e+01  2.0478e-03
3.0395e+01  1.9709e-03
3.0445e+01  1.8989e-03
3.0495e+01  1.8313e-03
3.0545e+01  1.7677e-03
3.0595e+01  1.7079e-03
3.0645e+01  1.6514e-03
3.0695e+01  1.5980e-03
3.0745e+01  1.5475e-03
3.0795e+01  1.4996e-03
3.0845e+01  1.4542e-03
3.0895e+01  1.4110e-03
3.0945e+01  1.3700e-03
3.0995e+01  1.3309e-03
3.1045e+01  1.2936e-03
3.1095e+01  1.2580e-03
3.1145e+01  1.2240e-03
3.1195e+01  1.1915e-03
3.1245e+01  1.1604e-03
3.1295e+01  1.1305e-03
3.1345e+01  1.1020e-03
3.1395e+01  1.0745e-03
3.1445e+01  1.0482e-03
3.1495e+01  1.0229e-03
3.1545e+01  9.9856e-04
3.1595e+01  9.7515e-04
3.1645e+01  9.5261e-04
3.1695e+01  9.3089e-04
3.1745e+01  9.0995e-04
3.1795e+01  8.8976e-04
3.1845e+01  8.7027e-04
3.1895e+01  8.5145e-04
3.1945e+01  8.3328e-04
3.1995e+01  8.1571e-04
3.2045e+01  7.9872e-04
3.2095e+01  7.8228e-04
3.2145e+01  7.6638e-04
3.2195e+01  7.5098e-04
3.2245e+01  7.3606e-04
3.2295e+01  7.2160e-04
3.2345e+01  7.0758e-04
3.2395e+01  6.9399e-04
3.2445e+01  6.8080e-04
3.2495e+01  6.6800e-04
3.2545e+01  6.5558e-04
3.2595e+01  6.4351e-04
3.2645e+01  6.3179e-04
3.2695e+01  6.2039e-04
3.2745e+01  6.0932e-04
3.2795e+01  5.9855e-04
3.2845e+01  5.8807e-04
3.2895e+01  5.7788e-04
3.2945e+01  5.6796e-04
3.2995e+01  5.5830e-04
3.3045e+01  5.4889e-04
3.3095e+01  5.3973e-04
3.3145e+01  5.3080e-04
3.3195e+01  5.2210e-04
3.3245e+01  5.1362e-04
3.3295e+01  5.0535e-04
3.3345e+01  4.9728e-04
3.3395e+01  4.8941e-04
3.3445e+01  4.8173e-04
3.3495e+01  4.7424e-04
3.3545e+01  4.6693e-04
3.3595e+01  4.5978e-04
3.3645e+01  4.5281e-04
3.3695e+01  4.4600e-04
3.3745e+01  4.3934e-04
3.3795e+01  4.3284e-04
3.3845e+01  4.2648e-04
3.3895e+01  4.2026e-04
3.3945e+01  4.1419e-04
3.3995e+01  4.0825e-04
3.4045e+01  4.0243e-04
3.4095e+01  3.9675e-04
3.4145e+01  3.9118e-04
3.4195e+01  3.8574e-04
3.4245e+01  3.8041e-04
3.4295e+01  3.7519e-04
3.4345e+01  3.7008e-04
3.4395e+01  3.6508e-04
3.4445e+01  3.6018e-04
3.4495e+01  3.5538e-04
3.4545e+01  3.5068e-04
3.4595e+01  3.4607e-04
3.4645e+01  3.4156e-04
3.4695e+01  3.3713e-04
3.4745e+01  3.3279e-04
3.4795e+01  3.2854e-04
3.4845e+01  3.2437e-04
3.4895e+01  3.2028e-04
3.4945e+01  3.1627e-04
3.4995e+01  3.1233e-04
3.5045e+01  3.0847e-04
3.5095e+01  3.0468e-04
3.5145e+01  3.0096e-04
3.5195e+01  2.9731e-04
3.5245e+01  2.9373e-04
3.5295e+01  2.9021e-04
3.5345e+01  2.8676e-04
3.5395e+01  2.8337e-04
3.5445e+01  2.8004e-04
3.5495e+01  2.7677e-04
3.5545e+01  2.7356e-04
3.5595e+01  2.7040e-04
3.5645e+01  2.6730e-04
3.5695e+01  2.6425e-04
3.5745e+01  2.6126e-04
3.5795e+01  2.5831e-04
3.5845e+01  2.5542e-04
3.5895e+01  2.5258e-04
3.5945e+01  2.4978e-04
3.5995e+01  2.4703e-04
3.6045e+01  2.4433e-04
3.6095e+01  2.4167e-04
3.6145e+01  2.3905e-04
3.6195e+01  2.3648e-04
3.6245e+01  2.3395e-04
3.6295e+01  2.3146e-04
3.6345e+01  2.2901e-04
3.6395e+01  2.2660e-04
3.6445e+01  2.2423e-04
3.6495e+01  2.2190e-04
3.6545e+01  2.1960e-04
3.6595e+01  2.1734e-04
3.6645e+01  2.1511e-04
3.6695e+01  2.1292e-04
3.6745e+01  2.1076e-04
3.6795e+01  2.0864e-04
3.6845e+01  2.0654e-04
3.6895e+01  2.0448e-04
3.6945e+01  2.0245e-04
3.6995e+01  2.0045e-04
3.7045e+01  1.9848e-04
3.7095e+01  1.9654e-04
3.7145e+01  1.9463e-04
3.7195e+01  1.9275e-04
3.7245e+01  1.9089e-04
3.7295e+01  1.8906e-04
3.7345e+01  1.8726e-04
3.7395e+01  1.8548e-04
3.7445e+01  1.8373e-04
3.7495e+01  1.8201e-04
3.7545e+01  1.8030e-04
3.7595e+01  1.7863e-04
3.7645e+01  1.7697e-04
3.7695e+01  1.7534e-04
3.7745e+01  1.7373e-04
3.7795e+01  1.7215e-04
3.7845e+01  1.7058e-04
3.7895e+01  1.6904e-04
3.7945e+01  1.6752e-04
3.7995e+01  1.6602e-04
3.8045e+01  1.6453e-04
3.8095e+01  1.6307e-04
3.8145e+01  1.6163e-04
3.8195e+01  1.6021e-04
3.8245e+01  1.5881e-04
3.8295e+01  1.5742e-04
3.8345e+01  1.5605e-04
3.8395e+01  1.5471e-04
3.8445e+01  1.5337e-04
3.8495e+01  1.5206e-04
3.8545e+01  1.5076e-04
3.8595e+01  1.4948e-04
3.8645e+01  1.4822e-04
3.8695e+01  1.4697e-04
3.8745e+01  1.4574e-04
3.8795e+01  1.4452e-04
3.8845e+01  1.4332e-04
3.8895e+01  1.4214e-04
3.8945e+01  1.4097e-04
3.8995e+01  1.3981e-04
3.9045e+01  1.3867e-04
3.9095e+01  1.3754e-04
3.9145e+01  1.3642e-04
3.9195e+01  1.3532e-04
3.9245e+01  1.3424e-04
3.9295e+01  1.3316e-04
3.9345e+01  1.3210e-04
3.9395e+01  1.3105e-04
3.9445e+01  1.3001e-04
3.9495e+01  1.2899e-04
3.9545e+01  1.2798e-04
3.9595e+01  1.2698e-04
3.9645e+01  1.2599e-04
3.9695e+01  1.2502e-04
3.9745e+01  1.2405e-04
3.9795e+01  1.2310e-04
3.9845e+01  1.2215e-04
3.9895e+01  1.2122e-04
3.9945e+01  1.2030e-04
3.9995e+01  1.1939e-04
4.0045e+01  1.1849e-04
4.0095e+01  1.1760e-04
4.0145e+01  1.1672e-04
4.0195e+01  1.1585e-04
4.0245e+01  1.1499e-04
4.0295e+01  1.1414e-04
4.0345e+01  1.1330e-04
4.0395e+01  1.1247e-04
4.0445e+01  1.1164e-04
4.0495e+01  1.1083e-04
4.0545e+01  1.1002e-04
4.0595e+01  1.0923e-04
4.0645e+01  1.0844e-04
4.0695e+01  1.0766e-04
4.0745e+01  1.0689e-04
4.0795e+01  1.0613e-04
4.0845e+01  1.0538e-04
4.0895e+01  1.0463e-04
4.0945e+01  1.0389e-04
4.0995e+01  1.0316e-04
4.1045e+01  1.0244e-04
4.1095e+01  1.0173e-04
4.1145e+01  1.0102e-04
4.1195e+01  1.0032e-04
4.1245e+01  9.9627e-05
4.1295e+01  9.8942e-05
4.1345e+01  9.8263e-05
4.1395e+01  9.7592e-05
4.1445e+01  9.6928e-05
4.1495e+01  9.6270e-05
4.1545e+01  9.5620e-05
4.1595e+01  9.4975e-05
4.1645e+01  9.4338e-05
4.1695e+01  9.3707e-05
4.1745e+01  9.3082e-05
4.1795e+01  9.2463e-05
4.1845e+01  9.1851e-05
4.1895e+01  9.1244e-05
4.1945e+01  9.0644e-05
4.1995e+01  9.0050e-05
4.2045e+01  8.9461e-05
4.2095e+01  8.8878e-05
4.2145e+01  8.8301e-05
4.2195e+01  8.7730e-05
4.2245e+01  8.7164e-05
4.2295e+01  8.6604e-05
4.2345e+01  8.6049e-05
4.2395e+01  8.5499e-05
4.2445e+01  8.4955e-05
4.2495e+01  8.4416e-05
4.2545e+01  8.3882e-05
4.2595e+01  8.3353e-05
4.2645e+01  8.2829e-05
4.2695e+01  8.2311e-05
4.2745e+01  8.1797e-05
4.2795e+01  8.1287e-05
4.2845e+01  8.0783e-05
4.2895e+01  8.0283e-05
4.2945e+01  7.9788e-05
4.2995e+01  7.9298e-05
4.3045e+01  7.8812e-05
4.3095e+01  7.8330e-05
4.3145e+01  7.7853e-05
4.3195e+01  7.7381e-05
4.3245e+01  7.6912e-05
4.3295e+01  7.6448e-05
4.3345e+01  7.5988e-05
4.3395e+01  7.5532e-05
4.3445e+01  7.5081e-05
4.3495e+01  7.4633e-05
4.3545e+01  7.4190e-05
4.3595e+01  7.3750e-05
4.3645e+01  7.3314e-05
4.3695e+01  7.2883e-05
4.3745e+01  7.2455e-05
4.3795e+01  7.2030e-05
4.3845e+01  7.1610e-05
4.3895e+01  7.1193e-05
4.3945e+01  7.0780e-05
4.3995e+01  7.0370e-05
4.4045e+01  6.9964e-05
4.4095e+01  6.9562e-05
4.4145e+01  6.9163e-05
4.4195e+01  6.8767e-05
4.4245e+01  6.8375e-05
4.4295e+01  6.7986e-05
4.4345e+01  6.7601e-05
4.4395e+01  6.7219e-05
4.4445e+01  6.6840e-05
4.4495e+01  6.6464e-05
4.4545e+01  6.6092e-05
4.4595e+01  6.5722e-05
4.4645e+01  6.5356e-05
4.4695e+01  6.4993e-05
4.4745e+01  6.4632e-05
4.4795e+01  6.4275e-05
4.4845e+01  6.3921e-05
4.4895e+01  6.3570e-05
4.4945e+01  6.3221e-05
4.4995e+01  6.2876e-05
4.5045e+01  6.2533e-05
4.5095e+01  6.2193e-05
4.5145e+01  6.1856e-05
4.5195e+01  6.1521e-05
4.5245e+01  6.1190e-05
4.5295e+01  6.0861e-05
4.5345e+01  6.0534e-05
4.5395e+01  6.0211e-05
4.5445e+01  5.9890e-05
4.5495e+01  5.9571e-05
4.5545e+01  5.9255e-05
4.5595e+01  5.8942e-05
4.5645e+01  5.8631e-05
4.5695e+01  5.8322e-05
4.5745e+01  5.8016e-05
4.5795e+01  5.7713e-05
4.5845e+01  5.7411e-05
4.5895e+01  5.7112e-05
4.5945e+01  5.6816e-05
4.5995e+01  5.6522e-05
4.6045e+01  5.6230e-05
4.6095e+01  5.5940e-05
4.6145e+01  5.5652e-05
4.6195e+01  5.5367e-05
4.6245e+01  5.5084e-05
4.6295e+01  5.4803e-05
4.6345e+01  5.4525e-05
4.6395e+01  5.4248e-05
4.6445e+01  5.3973e-05
4.6495e+01  5.3701e-05
4.6545e+01  5.3431e-05
4.6595e+01  5.3162e-05
4.6645e+01  5.2896e-05
4.6695e+01  5.2632e-05
4.6745e+01  5.2370e-05
4.6795e+01  5.2109e-05
4.6845e+01  5.1851e-05
4.6895e+01  5.1594e-05
4.6945e+01  5.1340e-05
4.6995e+01  5.1087e-05
4.7045e+01  5.0836e-05
4.7095e+01  5.0588e-05
4.7145e+01  5.0340e-05
4.7195e+01  5.0095e-05
4.7245e+01  4.9852e-05
4.7295e+01  4.9610e-05
4.7345e+01  4.9370e-05
4.7395e+01  4.9132e-05
4.7445e+01  4.8895e-05
4.7495e+01  4.8660e-05
4.7545e+01  4.8427e-05
4.7595e+01  4.8196e-05
4.7645e+01  4.7966e-05
4.7695e+01  4.7738e-05
4.7745e+01  4.7512e-05
4.7795e+01  4.7287e-05
4.7845e+01  4.7063e-05
4.7895e+01  4.6842e-05
4.7945e+01  4.6622e-05
4.7995e+01  4.6403e-05
4.8045e+01  4.6186e-05
4.8095e+01  4.5970e-05
4.8145e+01  4.5756e-05
4.8195e+01  4.5544e-05
4.8245e+01  4.5333e-05
4.8295e+01  4.5123e-05
4.8345e+01  4.4915e-05
4.8395e+01  4.4709e-05
4.8445e+01  4.4503e-05
4.8495e+01  4.4300e-05
4.8545e+01  4.4097e-05
4.8595e+01  4.3896e-05
4.8645e+01  4.3696e-05
4.8695e+01  4.3498e-05
4.8745e+01  4.3301e-05
4.8795e+01  4.3106e-05
4.8845e+01  4.2911e-05
4.8895e+01  4.2718e-05
4.8945e+01  4.2527e-05
4.8995e+01  4.2336e-05
4.9045e+01  4.2147e-05
4.9095e+01  4.1960e-05
4.9145e+01  4.1773e-05
4.9195e+01  4.1588e-05
4.9245e+01  4.1404e-05
4.9295e+01  4.1221e-05
4.9345e+01  4.1039e-05
4.9395e+01  4.0859e-05
4.9445e+01  4.0679e-05
4.9495e+01  4.0501e-05
4.9545e+01  4.0324e-05
4.9595e+01  4.0149e-05
4.9645e+01  3.9974e-05
4.9695e+01  3.9801e-05
4.9745e+01  3.9628e-05
4.9795e+01  3.9457e-05
4.9845e+01  3.9287e-05
4.9895e+01  3.9118e-05
4.9945e+01  3.8949e-05
4.9995e+01  3.8781e-05
5.0045e+01  3.8613e-05
5.0095e+01  3.8440e-05
5.0145e+01  3.8258e-05
5.0195e+01  3.8055e-05
5.0245e+01  3.7812e-05
5.0295e+01  3.7493e-05
5.0345e+01  3.7047e-05
5.0395e+01  3.6402e-05
5.0445e+01  3.5467e-05
5.0495e+01  3.4145e-05
5.0545e+01  3.2346e-05
5.0595e+01  3.0018e-05
5.0645e+01  2.7164e-05
5.0695e+01  2.3861e-05
5.0745e+01  2.0257e-05
