# 2Theta    Intensity
5.6154e-03  0.0000e+00
1.0250e-02  1.3900e+00
1.7085e-02  2.2621e-01
2.3920e-02  7.0335e-01
3.0755e-02  1.2778e+00
3.7591e-02  1.2138e+00
4.4426e-02  9.3266e-01
5.1261e-02  1.0964e+00
5.8096e-02  8.0624e-01
6.4931e-02  8.7970e-01
7.1766e-02  6.3388e-01
7.8601e-02  9.6606e-01
8.5437e-02  1.0097e+00
9.2272e-02  1.0172e+00
9.9107e-02  6.7296e-01
1.0594e-01  6.1898e-01
1.1278e-01  1.1661e+00
1.1961e-01  1.1470e+00
1.2645e-01  1.1514e+00
1.3328e-01  8.9633e-01
1.4012e-01  1.0021e+00
1.4695e-01  9.2884e-01
1.5379e-01  8.3010e-01
1.6063e-01  9.1000e-01
1.6746e-01  8.2981e-01
1.7429e-01  1.1270e+00
1.8113e-01  9.5545e-01
1.8796e-01  1.0161e+00
1.9480e-01  1.1694e+00
2.0163e-01  1.1811e+00
2.0847e-01  1.3172e+00
2.1531e-01  1.2629e+00
2.2214e-01  1.6726e+00
2.2898e-01  1.8982e+00
2.3581e-01  1.8854e+00
2.4265e-01  2.2835e+00
2.4948e-01  2.2854e+00
2.5632e-01  2.5192e+00
2.6315e-01  2.5349e+00
2.6999e-01  2.8714e+00
2.7682e-01  2.8903e+00
2.8366e-01  2.9158e+00
2.9049e-01  3.1451e+00
2.9733e-01  3.1777e+00
3.0416e-01  3.3381e+00
3.1100e-01  3.3776e+00
3.1783e-01  3.6786e+00
3.2467e-01  3.6093e+00
3.3150e-01  3.6956e+00
3.3834e-01  3.6438e+00
3.4517e-01  4.0347e+00
3.5201e-01  3.8977e+00
3.5884e-01  4.0852e+00
3.6568e-01  4.0958e+00
3.7251e-01  4.0581e+00
3.7935e-01  4.3080e+00
3.8618e-01  4.4178e+00
3.9302e-01  4.5812e+00
3.9985e-01  4.5212e+00
4.0669e-01  4.6374e+00
4.1352e-01  4.6294e+00
4.2036e-01  4.6235e+00
4.2719e-01  4.7237e+00
4.3403e-01  5.0129e+00
4.4086e-01  4.7538e+00
4.4770e-01  4.8583e+00
4.5453e-01  4.9491e+00
4.6137e-01  5.0715e+00
4.6820e-01  4.8218e+00
4.7504e-01  5.1238e+00
4.8187e-01  5.1796e+00
4.8871e-01  5.1191e+00
4.9554e-01  4.9790e+00
5.0238e-01  5.4445e+00
5.0921e-01  5.3431e+00
5.1605e-01  5.0710e+00
5.2288e-01  5.3743e+00
5.2972e-01  5.4961e+00
5.3655e-01  5.1629e+00
5.4338e-01  5.4544e+00
5.5022e-01  5.6037e+00
5.5706e-01  5.2950e+00
5.6389e-01  5.4736e+00
5.7073e-01  5.5469e+00
5.7756e-01  5.5473e+00
5.8440e-01  5.4775e+00
5.9123e-01  5.5174e+00
5.9807e-01  5.6944e+00
6.0490e-01  5.4907e+00
6.1173e-01  5.5853e+00
6.1857e-01  5.7621e+00
6.2540e-01  5.5333e+00
6.3224e-01  5.6080e+00
6.3907e-01  5.5523e+00
6.4591e-01  5.7296e+00
6.5274e-01  5.6372e+00
6.5958e-01  5.7045e+00
6.6641e-01  5.7298e+00
6.7325e-01  5.5251e+00
6.8008e-01  5.6125e+00
6.8692e-01  5.7244e+00
6.9375e-01  5.8186e+00
7.0059e-01  5.6480e+00
7.0742e-01  5.6251e+00
7.1425e-01  5.6681e+00
7.2109e-01  5.6043e+00
7.2792e-01  5.7148e+00
7.3476e-01  5.8387e+00
7.4159e-01  5.8424e+00
7.4843e-01  5.7278e+00
7.5526e-01  5.7393e+00
7.6209e-01  5.9019e+00
7.6893e-01  5.7873e+00
7.7576e-01  5.9021e+00
7.8260e-01  6.0548e+00
7.8943e-01  5.9817e+00
7.9627e-01  5.9607e+00
8.0310e-01  6.0389e+00
8.0993e-01  6.1763e+00
8.1677e-01  6.1019e+00
8.2360e-01  6.3226e+00
8.3044e-01  6.4254e+00
8.3727e-01  6.3233e+00
8.4411e-01  6.4127e+00
8.5094e-01  6.6394e+00
8.5777e-01  6.7608e+00
8.6461e-01  6.6684e+00
8.7144e-01  6.7824e+00
8.7828e-01  7.0319e+00
8.8511e-01  6.9538e+00
8.9194e-01  7.1407e+00
8.9878e-01  7.2813e+00
9.0561e-01  7.3284e+00
9.1244e-01  7.5097e+00
9.1928e-01  7.4289e+00
9.2611e-01  7.7421e+00
9.3295e-01  7.5837e+00
9.3978e-01  7.7567e+00
9.4661e-01  7.9887e+00
9.5345e-01  7.9267e+00
9.6028e-01  8.0690e+00
9.6712e-01  8.2075e+00
9.7395e-01  8.3095e+00
9.8078e-01  8.2201e+00
9.8762e-01  8.3642e+00
9.9445e-01  8.6031e+00
1.0013e+00  8.5680e+00
1.0081e+00  8.5862e+00
1.0149e+00  8.6078e+00
1.0218e+00  8.9045e+00
1.0286e+00  8.7744e+00
1.0355e+00  8.8982e+00
1.0423e+00  9.0351e+00
1.0491e+00  8.9767e+00
1.0560e+00  9.1784e+00
1.0628e+00  9.4206e+00
1.0696e+00  9.3414e+00
1.0765e+00  9.3676e+00
1.0833e+00  9.6074e+00
1.0901e+00  9.6183e+00
1.0970e+00  9.4805e+00
1.1038e+00  9.7567e+00
1.1106e+00  9.9433e+00
1.1175e+00  9.6705e+00
1.1243e+00  9.9764e+00
1.1311e+00  1.0088e+01
1.1379e+00  1.0019e+01
1.1448e+00  9.9812e+00
1.1516e+00  1.0113e+01
1.1584e+00  1.0291e+01
1.1653e+00  1.0158e+01
1.1721e+00  1.0281e+01
1.1789e+00  1.0349e+01
1.1858e+00  1.0337e+01
1.1926e+00  1.0282e+01
1.1994e+00  1.0592e+01
1.2063e+00  1.0531e+01
1.2131e+00  1.0361e+01
1.2199e+00  1.0320e+01
1.2268e+00  1.0603e+01
1.2336e+00  1.0350e+01
1.2404e+00  1.0356e+01
1.2473e+00  1.0600e+01
1.2541e+00  1.0566e+01
1.2609e+00  1.0424e+01
1.2678e+00  1.0297e+01
1.2746e+00  1.0535e+01
1.2814e+00  1.0409e+01
1.2883e+00  1.0229e+01
1.2951e+00  1.0650e+01
1.3019e+00  1.0575e+01
1.3088e+00  1.0530e+01
1.3156e+00  1.0499e+01
1.3224e+00  1.0507e+01
1.3293e+00  1.0490e+01
1.3361e+00  1.0404e+01
1.3429e+00  1.0607e+01
1.3498e+00  1.0516e+01
1.3566e+00  1.0383e+01
1.3634e+00  1.0416e+01
1.3703e+00  1.0535e+01
1.3771e+00  1.0380e+01
1.3839e+00  1.0389e+01
1.3908e+00  1.0581e+01
1.3976e+00  1.0266e+01
1.4044e+00  1.0283e+01
1.4112e+00  1.0374e+01
1.4181e+00  1.0513e+01
1.4249e+00  1.0279e+01
1.4317e+00  1.0329e+01
1.4386e+00  1.0356e+01
1.4454e+00  1.0432e+01
1.4522e+00  1.0366e+01
1.4591e+00  1.0445e+01
1.4659e+00  1.0268e+01
1.4727e+00  1.0324e+01
1.4796e+00  1.0325e+01
1.4864e+00  1.0395e+01
1.4932e+00  1.0242e+01
1.5001e+00  1.0330e+01
1.5069e+00  1.0450e+01
1.5137e+00  1.0166e+01
1.5206e+00  1.0281e+01
1.5274e+00  1.0137e+01
1.5342e+00  1.0325e+01
1.5410e+00  1.0251e+01
1.5479e+00  1.0330e+01
1.5547e+00  1.0306e+01
1.5615e+00  1.0221e+01
1.5684e+00  1.0091e+01
1.5752e+00  9.9764e+00
1.5820e+00  1.0156e+01
1.5889e+00  1.0112e+01
1.5957e+00  1.0105e+01
1.6025e+00  1.0175e+01
1.6094e+00  1.0113e+01
1.6162e+00  1.0177e+01
1.6230e+00  1.0340e+01
1.6298e+00  1.0137e+01
1.6367e+00  1.0237e+01
1.6435e+00  9.9958e+00
1.6503e+00  1.0222e+01
1.6572e+00  1.0205e+01
1.6640e+00  1.0138e+01
1.6708e+00  1.0272e+01
1.6777e+00  1.0060e+01
1.6845e+00  1.0020e+01
1.6913e+00  1.0183e+01
1.6981e+00  1.0141e+01
1.7050e+00  1.0134e+01
1.7118e+00  1.0125e+01
1.7186e+00  1.0228e+01
1.7255e+00  1.0039e+01
1.7323e+00  1.0095e+01
1.7391e+00  1.0152e+01
1.7460e+00  1.0175e+01
1.7528e+00  1.0004e+01
1.7596e+00  1.0087e+01
1.7664e+00  1.0138e+01
1.7733e+00  1.0063e+01
1.7801e+00  1.0057e+01
1.7869e+00  1.0123e+01
1.7938e+00  1.0065e+01
1.8006e+00  1.0087e+01
1.8074e+00  1.0080e+01
1.8143e+00  1.0036e+01
1.8211e+00  1.0048e+01
1.8279e+00  1.0063e+01
1.8347e+00  1.0221e+01
1.8416e+00  1.0015e+01
1.8484e+00  1.0046e+01
1.8552e+00  1.0052e+01
1.8621e+00  1.0076e+01
1.8689e+00  1.0006e+01
1.8757e+00  1.0049e+01
1.8825e+00  1.0080e+01
1.8894e+00  1.0058e+01
1.8962e+00  1.0055e+01
1.9030e+00  1.0063e+01
1.9099e+00  1.0028e+01
1.9167e+00  1.0106e+01
1.9235e+00  1.0058e+01
1.9303e+00  1.0174e+01
1.9372e+00  1.0106e+01
1.9440e+00  1.0167e+01
1.9508e+00  1.0124e+01
1.9577e+00  1.0042e+01
1.9645e+00  1.0078e+01
1.9713e+00  1.0071e+01
1.9781e+00  1.0078e+01
1.9850e+00  1.0037e+01
1.9918e+00  1.0064e+01
1.9986e+00  1.0133e+01
2.0055e+00  1.0066e+01
2.0123e+00  9.9988e+00
2.0191e+00  1.0128e+01
2.0259e+00  1.0017e+01
2.0328e+00  1.0069e+01
2.0396e+00  1.0088e+01
2.0464e+00  1.0103e+01
2.0532e+00  1.0020e+01
2.0601e+00  1.0093e+01
2.0669e+00  1.0158e+01
2.0737e+00  1.0115e+01
2.0806e+00  1.0152e+01
2.0874e+00  1.0121e+01
2.0942e+00  1.0137e+01
2.1010e+00  1.0089e+01
2.1079e+00  1.0118e+01
2.1147e+00  1.0132e+01
2.1215e+00  1.0167e+01
2.1283e+00  1.0120e+01
2.1352e+00  1.0096e+01
2.1420e+00  1.0131e+01
2.1488e+00  1.0112e+01
2.1557e+00  1.0167e+01
2.1625e+00  1.0215e+01
2.1693e+00  1.0161e+01
2.1761e+00  1.0199e+01
2.1830e+00  1.0220e+01
2.1898e+00  1.0143e+01
2.1966e+00  1.0147e+01
2.2034e+00  1.0170e+01
2.2103e+00  1.0164e+01
2.2171e+00  1.0213e+01
2.2239e+00  1.0166e+01
2.2307e+00  1.0078e+01
2.2376e+00  1.0219e+01
2.2444e+00  1.0197e+01
2.2512e+00  1.0210e+01
2.2580e+00  1.0275e+01
2.2649e+00  1.0210e+01
2.2717e+00  1.0211e+01
2.2785e+00  1.0245e+01
2.2853e+00  1.0247e+01
2.2922e+00  1.0232e+01
2.2990e+00  1.0270e+01
2.3058e+00  1.0254e+01
2.3126e+00  1.0208e+01
2.3195e+00  1.0212e+01
2.3263e+00  1.0239e+01
2.3331e+00  1.0231e+01
2.3399e+00  1.0203e+01
2.3468e+00  1.0216e+01
2.3536e+00  1.0274e+01
2.3604e+00  1.0214e+01
2.3672e+00  1.0224e+01
2.3741e+00  1.0236e+01
2.3809e+00  1.0207e+01
2.3877e+00  1.0255e+01
2.3945e+00  1.0247e+01
2.4014e+00  1.0268e+01
2.4082e+00  1.0299e+01
2.4150e+00  1.0276e+01
2.4218e+00  1.0310e+01
2.4287e+00  1.0388e+01
2.4355e+00  1.0360e+01
2.4423e+00  1.0469e+01
2.4491e+00  1.0469e+01
2.4560e+00  1.0520e+01
2.4628e+00  1.0607e+01
2.4696e+00  1.0690e+01
2.4764e+00  1.0723e+01
2.4833e+00  1.0816e+01
2.4901e+00  1.0959e+01
2.4969e+00  1.1051e+01
2.5037e+00  1.1316e+01
2.5106e+00  1.1633e+01
2.5174e+00  1.2272e+01
2.5242e+00  1.3560e+01
2.5310e+00  1.6227e+01
2.5378e+00  2.1718e+01
2.5447e+00  3.7931e+01
2.5515e+00  8.2685e+01
2.5583e+00  1.7155e+02
2.5651e+00  2.9639e+02
2.5720e+00  3.8658e+02
2.5788e+00  3.6699e+02
2.5856e+00  2.3140e+02
2.5924e+00  1.1333e+02
2.5993e+00  5.3695e+01
2.6061e+00  2.7147e+01
2.6129e+00  1.8340e+01
2.6197e+00  1.4250e+01
2.6265e+00  1.2470e+01
2.6334e+00  1.1576e+01
2.6402e+00  1.1161e+01
2.6470e+00  1.0850e+01
2.6538e+00  1.0682e+01
2.6606e+00  1.0484e+01
2.6675e+00  1.0403e+01
2.6743e+00  1.0317e+01
2.6811e+00  1.0235e+01
2.6879e+00  1.0134e+01
2.6948e+00  1.0012e+01
2.7016e+00  9.9125e+00
2.7084e+00  9.8875e+00
2.7152e+00  9.8619e+00
2.7220e+00  9.7834e+00
2.7289e+00  9.7701e+00
2.7357e+00  9.6914e+00
2.7425e+00  9.6800e+00
2.7493e+00  9.5781e+00
2.7561e+00  9.6357e+00
2.7630e+00  9.5778e+00
2.7698e+00  9.5642e+00
2.7766e+00  9.6093e+00
2.7834e+00  9.5717e+00
2.7902e+00  9.4475e+00
2.7971e+00  9.4662e+00
2.8039e+00  9.4874e+00
2.8107e+00  9.4971e+00
2.8175e+00  9.4525e+00
2.8243e+00  9.3950e+00
2.8312e+00  9.4389e+00
2.8380e+00  9.3819e+00
2.8448e+00  9.3217e+00
2.8516e+00  9.3130e+00
2.8584e+00  9.3682e+00
2.8653e+00  9.3435e+00
2.8721e+00  9.3414e+00
2.8789e+00  9.2883e+00
2.8857e+00  9.3127e+00
2.8925e+00  9.2326e+00
2.8994e+00  9.3358e+00
2.9062e+00  9.2785e+00
2.9130e+00  9.2628e+00
2.9198e+00  9.2365e+00
2.9266e+00  9.2355e+00
2.9335e+00  9.2707e+00
2.9403e+00  9.2742e+00
2.9471e+00  9.2411e+00
2.9539e+00  9.2307e+00
2.9607e+00  9.2864e+00
2.9676e+00  9.1925e+00
2.9744e+00  9.1781e+00
2.9812e+00  9.1822e+00
2.9880e+00  9.2148e+00
2.9948e+00  9.1680e+00
3.0016e+00  9.1917e+00
3.0085e+00  9.1814e+00
3.0153e+00  9.1600e+00
3.0221e+00  9.1306e+00
3.0289e+00  9.1865e+00
3.0357e+00  9.1377e+00
3.0425e+00  9.1946e+00
3.0494e+00  9.1591e+00
3.0562e+00  9.1310e+00
3.0630e+00  9.1109e+00
3.0698e+00  9.1551e+00
3.0766e+00  9.1684e+00
3.0835e+00  9.1480e+00
3.0903e+00  9.0788e+00
3.0971e+00  9.1423e+00
3.1039e+00  9.1486e+00
3.1107e+00  9.1716e+00
3.1175e+00  9.1357e+00
3.1244e+00  9.0990e+00
3.1312e+00  9.1344e+00
3.1380e+00  9.1596e+00
3.1448e+00  9.1444e+00
3.1516e+00  9.0990e+00
3.1584e+00  9.1540e+00
3.1653e+00  9.1519e+00
3.1721e+00  9.1649e+00
3.1789e+00  9.1716e+00
3.1857e+00  9.1349e+00
3.1925e+00  9.1284e+00
3.1993e+00  9.1619e+00
3.2061e+00  9.1070e+00
3.2130e+00  9.1143e+00
3.2198e+00  9.1285e+00
3.2266e+00  9.1672e+00
3.2334e+00  9.1141e+00
3.2402e+00  9.0999e+00
3.2470e+00  9.0878e+00
3.2539e+00  9.1076e+00
3.2607e+00  9.1195e+00
3.2675e+00  9.1358e+00
3.2743e+00  9.1607e+00
3.2811e+00  9.1277e+00
3.2879e+00  9.1663e+00
3.2947e+00  9.1559e+00
3.3016e+00  9.1088e+00
3.3084e+00  9.0916e+00
3.3152e+00  9.0896e+00
3.3220e+00  9.1403e+00
3.3288e+00  9.1394e+00
3.3356e+00  9.1497e+00
3.3424e+00  9.1557e+00
3.3493e+00  9.1978e+00
3.3561e+00  9.1279e+00
3.3629e+00  9.1365e+00
3.3697e+00  9.1873e+00
3.3765e+00  9.1822e+00
3.3833e+00  9.1546e+00
3.3901e+00  9.2306e+00
3.3969e+00  9.2490e+00
3.4038e+00  9.2802e+00
3.4106e+00  9.3133e+00
3.4174e+00  9.2694e+00
3.4242e+00  9.2659e+00
3.4310e+00  9.3441e+00
3.4378e+00  9.3963e+00
3.4446e+00  9.4253e+00
3.4514e+00  9.3733e+00
3.4583e+00  9.4198e+00
3.4651e+00  9.4745e+00
3.4719e+00  9.5673e+00
3.4787e+00  9.5800e+00
3.4855e+00  9.6275e+00
3.4923e+00  9.7373e+00
3.4991e+00  9.7552e+00
3.5059e+00  9.8846e+00
3.5127e+00  9.9192e+00
3.5196e+00  1.0068e+01
3.5264e+00  1.0161e+01
3.5332e+00  1.0362e+01
3.5400e+00  1.0415e+01
3.5468e+00  1.0637e+01
3.5536e+00  1.0823e+01
3.5604e+00  1.1012e+01
3.5672e+00  1.1343e+01
3.5740e+00  1.1794e+01
3.5809e+00  1.2696e+01
3.5877e+00  1.4272e+01
3.5945e+00  1.7643e+01
3.6013e+00  2.5798e+01
3.6081e+00  4.6465e+01
3.6149e+00  1.0403e+02
3.6217e+00  2.2701e+02
3.6285e+00  4.3379e+02
3.6353e+00  6.4969e+02
3.6421e+00  7.0275e+02
3.6490e+00  5.6535e+02
3.6558e+00  3.1774e+02
3.6626e+00  1.4825e+02
3.6694e+00  6.4592e+01
3.6762e+00  3.1914e+01
3.6830e+00  1.9997e+01
3.6898e+00  1.5213e+01
3.6966e+00  1.3026e+01
3.7034e+00  1.1912e+01
3.7102e+00  1.1287e+01
3.7170e+00  1.0915e+01
3.7239e+00  1.0606e+01
3.7307e+00  1.0419e+01
3.7375e+00  1.0290e+01
3.7443e+00  1.0103e+01
3.7511e+00  9.9797e+00
3.7579e+00  9.8249e+00
3.7647e+00  9.7243e+00
3.7715e+00  9.5525e+00
3.7783e+00  9.5071e+00
3.7851e+00  9.3965e+00
3.7919e+00  9.3810e+00
3.7987e+00  9.2763e+00
3.8055e+00  9.1567e+00
3.8124e+00  9.1986e+00
3.8192e+00  9.0993e+00
3.8260e+00  9.0962e+00
3.8328e+00  9.0640e+00
3.8396e+00  8.9918e+00
3.8464e+00  8.9010e+00
3.8532e+00  8.8819e+00
3.8600e+00  8.9347e+00
3.8668e+00  8.8438e+00
3.8736e+00  8.7885e+00
3.8804e+00  8.7894e+00
3.8872e+00  8.7547e+00
3.8940e+00  8.7088e+00
3.9008e+00  8.7098e+00
3.9076e+00  8.6870e+00
3.9144e+00  8.6880e+00
3.9213e+00  8.6581e+00
3.9281e+00  8.6646e+00
3.9349e+00  8.6385e+00
3.9417e+00  8.6004e+00
3.9485e+00  8.5812e+00
3.9553e+00  8.5815e+00
3.9621e+00  8.5719e+00
3.9689e+00  8.5423e+00
3.9757e+00  8.5455e+00
3.9825e+00  8.4866e+00
3.9893e+00  8.5012e+00
3.9961e+00  8.4780e+00
4.0029e+00  8.5122e+00
4.0097e+00  8.4925e+00
4.0165e+00  8.5144e+00
4.0233e+00  8.4112e+00
4.0301e+00  8.4453e+00
4.0369e+00  8.4421e+00
4.0437e+00  8.4450e+00
4.0505e+00  8.4235e+00
4.0573e+00  8.4768e+00
4.0641e+00  8.3833e+00
4.0709e+00  8.4569e+00
4.0777e+00  8.4433e+00
4.0845e+00  8.4161e+00
4.0913e+00  8.4315e+00
4.0981e+00  8.4088e+00
4.1050e+00  8.3850e+00
4.1118e+00  8.3767e+00
4.1186e+00  8.4075e+00
4.1254e+00  8.3698e+00
4.1322e+00  8.3562e+00
4.1390e+00  8.3637e+00
4.1458e+00  8.4043e+00
4.1526e+00  8.4892e+00
4.1594e+00  8.4613e+00
4.1662e+00  8.4354e+00
4.1730e+00  8.4232e+00
4.1798e+00  8.4122e+00
4.1866e+00  8.4581e+00
4.1934e+00  8.4458e+00
4.2002e+00  8.4627e+00
4.2070e+00  8.4297e+00
4.2138e+00  8.4150e+00
4.2206e+00  8.4034e+00
4.2274e+00  8.4036e+00
4.2342e+00  8.4483e+00
4.2410e+00  8.4454e+00
4.2477e+00  8.4647e+00
4.2545e+00  8.4668e+00
4.2613e+00  8.4549e+00
4.2681e+00  8.5239e+00
4.2749e+00  8.4762e+00
4.2817e+00  8.5440e+00
4.2885e+00  8.5176e+00
4.2953e+00  8.5058e+00
4.3021e+00  8.5853e+00
4.3089e+00  8.6116e+00
4.3157e+00  8.6572e+00
4.3225e+00  8.6578e+00
4.3293e+00  8.7145e+00
4.3361e+00  8.7176e+00
4.3429e+00  8.8080e+00
4.3497e+00  8.8411e+00
4.3565e+00  8.9294e+00
4.3633e+00  9.0432e+00
4.3701e+00  9.0700e+00
4.3769e+00  9.1921e+00
4.3837e+00  9.3610e+00
4.3904e+00  9.5369e+00
4.3972e+00  9.8921e+00
4.4040e+00  1.0463e+01
4.4108e+00  1.1777e+01
4.4176e+00  1.4466e+01
4.4244e+00  2.1994e+01
4.4312e+00  4.2066e+01
4.4380e+00  8.5542e+01
4.4448e+00  1.6289e+02
4.4516e+00  2.5209e+02
4.4584e+00  3.0120e+02
4.4652e+00  2.7128e+02
4.4720e+00  1.8591e+02
4.4788e+00  9.1580e+01
4.4855e+00  4.2367e+01
4.4923e+00  2.2178e+01
4.4991e+00  1.4761e+01
4.5059e+00  1.1734e+01
4.5127e+00  1.0449e+01
4.5195e+00  9.8228e+00
4.5263e+00  9.4056e+00
4.5331e+00  9.2588e+00
4.5399e+00  9.0510e+00
4.5467e+00  8.9780e+00
4.5535e+00  8.8741e+00
4.5603e+00  8.8506e+00
4.5670e+00  8.7844e+00
4.5738e+00  8.6774e+00
4.5806e+00  8.6128e+00
4.5874e+00  8.5592e+00
4.5942e+00  8.5659e+00
4.6010e+00  8.5533e+00
4.6078e+00  8.5192e+00
4.6146e+00  8.4840e+00
4.6214e+00  8.4064e+00
4.6282e+00  8.4107e+00
4.6349e+00  8.4184e+00
4.6417e+00  8.3976e+00
4.6485e+00  8.3072e+00
4.6553e+00  8.3499e+00
4.6621e+00  8.3067e+00
4.6689e+00  8.2260e+00
4.6757e+00  8.2929e+00
4.6825e+00  8.2151e+00
4.6892e+00  8.2760e+00
4.6960e+00  8.2859e+00
4.7028e+00  8.2289e+00
4.7096e+00  8.2270e+00
4.7164e+00  8.2711e+00
4.7232e+00  8.1956e+00
4.7300e+00  8.1803e+00
4.7368e+00  8.2235e+00
4.7436e+00  8.2674e+00
4.7503e+00  8.1782e+00
4.7571e+00  8.1844e+00
4.7639e+00  8.1539e+00
4.7707e+00  8.2398e+00
4.7775e+00  8.1556e+00
4.7843e+00  8.1819e+00
4.7911e+00  8.1702e+00
4.7978e+00  8.1504e+00
4.8046e+00  8.1384e+00
4.8114e+00  8.1616e+00
4.8182e+00  8.1804e+00
4.8250e+00  8.1674e+00
4.8318e+00  8.1186e+00
4.8386e+00  8.1600e+00
4.8453e+00  8.1604e+00
4.8521e+00  8.0859e+00
4.8589e+00  8.1509e+00
4.8657e+00  8.1828e+00
4.8725e+00  8.1417e+00
4.8793e+00  8.2096e+00
4.8860e+00  8.0952e+00
4.8928e+00  8.1602e+00
4.8996e+00  8.1428e+00
4.9064e+00  8.0995e+00
4.9132e+00  8.1838e+00
4.9200e+00  8.1421e+00
4.9267e+00  8.2017e+00
4.9335e+00  8.1930e+00
4.9403e+00  8.1774e+00
4.9471e+00  8.1766e+00
4.9539e+00  8.2184e+00
4.9607e+00  8.2184e+00
4.9674e+00  8.2003e+00
4.9742e+00  8.1984e+00
4.9810e+00  8.2076e+00
4.9878e+00  8.2346e+00
4.9946e+00  8.2668e+00
5.0014e+00  8.3239e+00
5.0081e+00  8.3552e+00
5.0149e+00  8.3466e+00
5.0217e+00  8.4035e+00
5.0285e+00  8.3767e+00
5.0353e+00  8.4741e+00
5.0420e+00  8.4379e+00
5.0488e+00  8.4573e+00
5.0556e+00  8.4940e+00
5.0624e+00  8.5965e+00
5.0692e+00  8.6057e+00
5.0759e+00  8.7143e+00
5.0827e+00  8.8086e+00
5.0895e+00  9.0083e+00
5.0963e+00  9.4060e+00
5.1031e+00  1.0225e+01
5.1098e+00  1.2112e+01
5.1166e+00  1.7071e+01
5.1234e+00  2.9848e+01
5.1302e+00  5.8072e+01
5.1370e+00  9.7874e+01
5.1437e+00  1.4224e+02
5.1505e+00  1.5163e+02
5.1573e+00  1.2744e+02
5.1641e+00  8.1578e+01
5.1709e+00  4.0999e+01
5.1776e+00  2.1804e+01
5.1844e+00  1.3795e+01
5.1912e+00  1.0848e+01
5.1980e+00  9.6842e+00
5.2047e+00  9.1823e+00
5.2115e+00  8.9032e+00
5.2183e+00  8.7863e+00
5.2251e+00  8.6979e+00
5.2319e+00  8.5893e+00
5.2386e+00  8.5718e+00
5.2454e+00  8.5614e+00
5.2522e+00  8.4786e+00
5.2590e+00  8.4753e+00
5.2657e+00  8.4052e+00
5.2725e+00  8.4307e+00
5.2793e+00  8.3493e+00
5.2861e+00  8.3304e+00
5.2928e+00  8.3200e+00
5.2996e+00  8.2491e+00
5.3064e+00  8.2413e+00
5.3132e+00  8.3236e+00
5.3199e+00  8.3113e+00
5.3267e+00  8.3250e+00
5.3335e+00  8.2708e+00
5.3403e+00  8.3233e+00
5.3470e+00  8.2698e+00
5.3538e+00  8.2665e+00
5.3606e+00  8.2619e+00
5.3674e+00  8.2535e+00
5.3741e+00  8.2656e+00
5.3809e+00  8.2773e+00
5.3877e+00  8.2632e+00
5.3945e+00  8.2315e+00
5.4012e+00  8.2639e+00
5.4080e+00  8.2210e+00
5.4148e+00  8.2215e+00
5.4215e+00  8.2238e+00
5.4283e+00  8.2542e+00
5.4351e+00  8.2086e+00
5.4419e+00  8.2339e+00
5.4486e+00  8.2848e+00
5.4554e+00  8.2602e+00
5.4622e+00  8.2755e+00
5.4689e+00  8.2621e+00
5.4757e+00  8.2465e+00
5.4825e+00  8.2894e+00
5.4893e+00  8.2690e+00
5.4960e+00  8.2819e+00
5.5028e+00  8.2563e+00
5.5096e+00  8.3243e+00
5.5163e+00  8.3116e+00
5.5231e+00  8.2904e+00
5.5299e+00  8.3193e+00
5.5367e+00  8.3455e+00
5.5434e+00  8.3534e+00
5.5502e+00  8.3764e+00
5.5570e+00  8.3133e+00
5.5637e+00  8.4262e+00
5.5705e+00  8.4349e+00
5.5773e+00  8.4614e+00
5.5840e+00  8.4723e+00
5.5908e+00  8.5000e+00
5.5976e+00  8.4984e+00
5.6043e+00  8.5901e+00
5.6111e+00  8.5792e+00
5.6179e+00  8.5992e+00
5.6246e+00  8.6565e+00
5.6314e+00  8.6848e+00
5.6382e+00  8.7447e+00
5.6450e+00  8.8825e+00
5.6517e+00  8.9447e+00
5.6585e+00  8.9848e+00
5.6653e+00  9.1733e+00
5.6720e+00  9.2723e+00
5.6788e+00  9.3903e+00
5.6856e+00  9.6151e+00
5.6923e+00  9.8777e+00
5.6991e+00  1.0454e+01
5.7059e+00  1.1593e+01
5.7126e+00  1.4080e+01
5.7194e+00  2.0166e+01
5.7261e+00  3.5704e+01
5.7329e+00  7.5240e+01
5.7397e+00  1.5308e+02
5.7464e+00  2.6025e+02
5.7532e+00  3.5300e+02
5.7600e+00  3.7250e+02
5.7667e+00  2.8449e+02
5.7735e+00  1.6149e+02
5.7803e+00  7.8844e+01
5.7870e+00  3.6182e+01
5.7938e+00  2.0125e+01
5.8006e+00  1.3952e+01
5.8073e+00  1.1588e+01
5.8141e+00  1.0417e+01
5.8208e+00  9.8388e+00
5.8276e+00  9.4269e+00
5.8344e+00  9.2557e+00
5.8411e+00  9.1949e+00
5.8479e+00  9.0675e+00
5.8547e+00  8.9397e+00
5.8614e+00  8.9246e+00
5.8682e+00  8.7725e+00
5.8749e+00  8.6839e+00
5.8817e+00  8.6717e+00
5.8885e+00  8.6548e+00
5.8952e+00  8.5142e+00
5.9020e+00  8.5147e+00
5.9088e+00  8.4221e+00
5.9155e+00  8.4238e+00
5.9223e+00  8.3768e+00
5.9290e+00  8.3791e+00
5.9358e+00  8.3402e+00
5.9426e+00  8.3266e+00
5.9493e+00  8.3131e+00
5.9561e+00  8.2826e+00
5.9628e+00  8.2483e+00
5.9696e+00  8.2779e+00
5.9764e+00  8.2265e+00
5.9831e+00  8.2267e+00
5.9899e+00  8.2393e+00
5.9966e+00  8.2258e+00
6.0034e+00  8.2134e+00
6.0102e+00  8.1992e+00
6.0169e+00  8.1373e+00
6.0237e+00  8.1899e+00
6.0304e+00  8.2062e+00
6.0372e+00  8.1360e+00
6.0439e+00  8.1245e+00
6.0507e+00  8.1801e+00
6.0575e+00  8.1740e+00
6.0642e+00  8.1386e+00
6.0710e+00  8.1674e+00
6.0777e+00  8.1901e+00
6.0845e+00  8.1622e+00
6.0912e+00  8.1161e+00
6.0980e+00  8.1500e+00
6.1048e+00  8.1449e+00
6.1115e+00  8.2239e+00
6.1183e+00  8.1460e+00
6.1250e+00  8.1933e+00
6.1318e+00  8.1683e+00
6.1385e+00  8.1987e+00
6.1453e+00  8.1881e+00
6.1520e+00  8.2289e+00
6.1588e+00  8.2262e+00
6.1656e+00  8.2679e+00
6.1723e+00  8.3283e+00
6.1791e+00  8.3209e+00
6.1858e+00  8.3238e+00
6.1926e+00  8.3466e+00
6.1993e+00  8.4193e+00
6.2061e+00  8.4876e+00
6.2128e+00  8.4976e+00
6.2196e+00  8.5810e+00
6.2263e+00  8.6408e+00
6.2331e+00  8.7114e+00
6.2398e+00  8.8731e+00
6.2466e+00  9.0706e+00
6.2533e+00  9.6108e+00
6.2601e+00  1.0585e+01
6.2668e+00  1.2905e+01
6.2736e+00  1.8979e+01
6.2804e+00  3.4178e+01
6.2871e+00  6.6810e+01
6.2939e+00  1.1736e+02
6.3006e+00  1.7256e+02
6.3074e+00  1.9651e+02
6.3141e+00  1.7143e+02
6.3209e+00  1.1186e+02
6.3276e+00  5.8814e+01
6.3344e+00  2.9032e+01
6.3411e+00  1.6742e+01
6.3479e+00  1.2034e+01
6.3546e+00  1.0216e+01
6.3614e+00  9.3460e+00
6.3681e+00  8.9678e+00
6.3749e+00  8.7410e+00
6.3816e+00  8.6033e+00
6.3884e+00  8.5089e+00
6.3951e+00  8.4691e+00
6.4018e+00  8.3581e+00
6.4086e+00  8.3326e+00
6.4153e+00  8.3045e+00
6.4221e+00  8.2257e+00
6.4288e+00  8.2207e+00
6.4356e+00  8.1496e+00
6.4423e+00  8.1639e+00
6.4491e+00  8.1361e+00
6.4558e+00  8.1063e+00
6.4626e+00  8.1006e+00
6.4693e+00  8.1051e+00
6.4761e+00  8.0411e+00
6.4828e+00  8.0277e+00
6.4896e+00  8.0170e+00
6.4963e+00  8.0068e+00
6.5031e+00  8.0742e+00
6.5098e+00  7.9491e+00
6.5165e+00  7.9936e+00
6.5233e+00  7.9577e+00
6.5300e+00  7.9631e+00
6.5368e+00  7.9375e+00
6.5435e+00  7.9976e+00
6.5503e+00  7.9221e+00
6.5570e+00  7.9422e+00
6.5638e+00  7.9202e+00
6.5705e+00  7.9234e+00
6.5772e+00  7.8990e+00
6.5840e+00  7.9333e+00
6.5907e+00  7.8989e+00
6.5975e+00  7.8994e+00
6.6042e+00  7.8900e+00
6.6110e+00  7.8705e+00
6.6177e+00  7.8855e+00
6.6244e+00  7.9089e+00
6.6312e+00  7.8774e+00
6.6379e+00  7.8685e+00
6.6447e+00  7.8670e+00
6.6514e+00  7.8845e+00
6.6581e+00  7.8881e+00
6.6649e+00  7.8593e+00
6.6716e+00  7.8341e+00
6.6784e+00  7.8662e+00
6.6851e+00  7.8949e+00
6.6919e+00  7.8585e+00
6.6986e+00  7.8715e+00
6.7053e+00  7.8826e+00
6.7121e+00  7.8499e+00
6.7188e+00  7.8807e+00
6.7256e+00  7.8999e+00
6.7323e+00  7.8953e+00
6.7390e+00  7.8667e+00
6.7458e+00  7.8398e+00
6.7525e+00  7.8203e+00
6.7592e+00  7.8808e+00
6.7660e+00  7.8041e+00
6.7727e+00  7.8491e+00
6.7795e+00  7.8845e+00
6.7862e+00  7.8444e+00
6.7929e+00  7.8548e+00
6.7997e+00  7.8572e+00
6.8064e+00  7.8549e+00
6.8131e+00  7.8663e+00
6.8199e+00  7.8077e+00
6.8266e+00  7.8123e+00
6.8334e+00  7.8603e+00
6.8401e+00  7.8481e+00
6.8468e+00  7.7974e+00
6.8536e+00  7.8323e+00
6.8603e+00  7.8634e+00
6.8670e+00  7.8714e+00
6.8738e+00  7.8781e+00
6.8805e+00  7.8568e+00
6.8872e+00  7.8859e+00
6.8940e+00  7.8416e+00
6.9007e+00  7.8301e+00
6.9074e+00  7.8321e+00
6.9142e+00  7.8475e+00
6.9209e+00  7.8648e+00
6.9276e+00  7.8723e+00
6.9344e+00  7.8299e+00
6.9411e+00  7.8925e+00
6.9478e+00  7.8649e+00
6.9546e+00  7.8596e+00
6.9613e+00  7.8504e+00
6.9680e+00  7.8710e+00
6.9748e+00  7.8397e+00
6.9815e+00  7.8972e+00
6.9882e+00  7.8368e+00
6.9950e+00  7.8773e+00
7.0017e+00  7.8594e+00
7.0084e+00  7.8326e+00
7.0152e+00  7.8735e+00
7.0219e+00  7.8768e+00
7.0286e+00  7.8691e+00
7.0354e+00  7.8593e+00
7.0421e+00  7.9204e+00
7.0488e+00  7.8946e+00
7.0555e+00  7.8948e+00
7.0623e+00  7.9180e+00
7.0690e+00  7.8913e+00
7.0757e+00  7.9180e+00
7.0825e+00  7.8871e+00
7.0892e+00  7.8625e+00
7.0959e+00  7.9293e+00
7.1026e+00  7.9164e+00
7.1094e+00  7.9247e+00
7.1161e+00  7.9593e+00
7.1228e+00  7.9215e+00
7.1296e+00  7.9836e+00
7.1363e+00  7.9945e+00
7.1430e+00  7.9666e+00
7.1497e+00  8.0303e+00
7.1565e+00  8.0060e+00
7.1632e+00  8.0308e+00
7.1699e+00  8.0730e+00
7.1766e+00  8.0702e+00
7.1834e+00  8.1263e+00
7.1901e+00  8.1501e+00
7.1968e+00  8.1641e+00
7.2035e+00  8.1742e+00
7.2103e+00  8.1669e+00
7.2170e+00  8.2378e+00
7.2237e+00  8.3530e+00
7.2304e+00  8.5903e+00
7.2372e+00  9.0014e+00
7.2439e+00  1.0131e+01
7.2506e+00  1.2733e+01
7.2573e+00  1.9378e+01
7.2641e+00  3.1773e+01
7.2708e+00  4.9984e+01
7.2775e+00  7.0333e+01
7.2842e+00  7.9364e+01
7.2910e+00  6.8481e+01
7.2977e+00  4.9476e+01
7.3044e+00  2.9082e+01
7.3111e+00  1.6828e+01
7.3178e+00  1.1676e+01
7.3246e+00  9.6454e+00
7.3313e+00  8.9081e+00
7.3380e+00  8.5564e+00
7.3447e+00  8.4081e+00
7.3515e+00  8.2708e+00
7.3582e+00  8.2346e+00
7.3649e+00  8.2019e+00
7.3716e+00  8.2013e+00
7.3783e+00  8.1911e+00
7.3851e+00  8.1685e+00
7.3918e+00  8.1331e+00
7.3985e+00  8.1680e+00
7.4052e+00  8.1119e+00
7.4119e+00  8.1163e+00
7.4187e+00  8.0978e+00
7.4254e+00  8.1382e+00
7.4321e+00  8.0965e+00
7.4388e+00  8.1137e+00
7.4455e+00  8.1223e+00
7.4522e+00  8.0817e+00
7.4590e+00  8.1503e+00
7.4657e+00  8.0837e+00
7.4724e+00  8.1209e+00
7.4791e+00  8.1276e+00
7.4858e+00  8.0811e+00
7.4925e+00  8.1411e+00
7.4993e+00  8.1514e+00
7.5060e+00  8.1593e+00
7.5127e+00  8.1478e+00
7.5194e+00  8.1552e+00
7.5261e+00  8.2050e+00
7.5328e+00  8.1606e+00
7.5396e+00  8.2020e+00
7.5463e+00  8.1775e+00
7.5530e+00  8.2231e+00
7.5597e+00  8.2046e+00
7.5664e+00  8.1900e+00
7.5731e+00  8.3225e+00
7.5798e+00  8.3123e+00
7.5866e+00  8.3271e+00
7.5933e+00  8.4358e+00
7.6000e+00  8.3893e+00
7.6067e+00  8.4512e+00
7.6134e+00  8.5200e+00
7.6201e+00  8.5777e+00
7.6268e+00  8.6616e+00
7.6335e+00  8.6381e+00
7.6403e+00  8.7151e+00
7.6470e+00  8.8361e+00
7.6537e+00  8.9838e+00
7.6604e+00  9.1026e+00
7.6671e+00  9.5001e+00
7.6738e+00  1.0123e+01
7.6805e+00  1.1626e+01
7.6872e+00  1.5177e+01
7.6939e+00  2.4154e+01
7.7007e+00  4.6181e+01
7.7074e+00  8.6396e+01
7.7141e+00  1.4535e+02
7.7208e+00  1.9644e+02
7.7275e+00  2.1343e+02
7.7342e+00  1.8004e+02
7.7409e+00  1.2051e+02
7.7476e+00  6.3688e+01
7.7543e+00  3.1532e+01
7.7610e+00  1.8018e+01
7.7677e+00  1.2732e+01
7.7745e+00  1.0618e+01
7.7812e+00  9.7035e+00
7.7879e+00  9.2419e+00
7.7946e+00  8.9817e+00
7.8013e+00  8.8641e+00
7.8080e+00  8.7935e+00
7.8147e+00  8.6692e+00
7.8214e+00  8.6619e+00
7.8281e+00  8.6044e+00
7.8348e+00  8.5293e+00
7.8415e+00  8.4786e+00
7.8482e+00  8.4936e+00
7.8549e+00  8.4425e+00
7.8616e+00  8.3680e+00
7.8683e+00  8.3854e+00
7.8750e+00  8.3810e+00
7.8817e+00  8.3393e+00
7.8884e+00  8.3329e+00
7.8952e+00  8.3095e+00
7.9019e+00  8.3435e+00
7.9086e+00  8.2693e+00
7.9153e+00  8.3204e+00
7.9220e+00  8.2902e+00
7.9287e+00  8.3054e+00
7.9354e+00  8.3084e+00
7.9421e+00  8.2438e+00
7.9488e+00  8.2573e+00
7.9555e+00  8.3336e+00
7.9622e+00  8.2939e+00
7.9689e+00  8.2521e+00
7.9756e+00  8.2789e+00
7.9823e+00  8.3335e+00
7.9890e+00  8.2873e+00
7.9957e+00  8.3517e+00
8.0024e+00  8.3328e+00
8.0091e+00  8.3413e+00
8.0158e+00  8.3918e+00
8.0225e+00  8.4077e+00
8.0292e+00  8.3963e+00
8.0359e+00  8.4912e+00
8.0426e+00  8.5074e+00
8.0493e+00  8.5332e+00
8.0560e+00  8.5768e+00
8.0627e+00  8.6561e+00
8.0694e+00  8.7757e+00
8.0761e+00  8.8564e+00
8.0828e+00  9.0656e+00
8.0895e+00  9.3818e+00
8.0962e+00  1.0196e+01
8.1029e+00  1.1912e+01
8.1096e+00  1.6307e+01
8.1162e+00  2.7396e+01
8.1229e+00  5.0725e+01
8.1296e+00  8.7557e+01
8.1363e+00  1.3327e+02
8.1430e+00  1.6215e+02
8.1497e+00  1.5741e+02
8.1564e+00  1.1669e+02
8.1631e+00  6.7277e+01
8.1698e+00  3.5316e+01
8.1765e+00  1.9091e+01
8.1832e+00  1.2955e+01
8.1899e+00  1.0554e+01
8.1966e+00  9.5023e+00
8.2033e+00  9.0532e+00
8.2100e+00  8.7834e+00
8.2167e+00  8.7399e+00
8.2234e+00  8.5648e+00
8.2301e+00  8.5628e+00
8.2367e+00  8.4870e+00
8.2434e+00  8.4432e+00
8.2501e+00  8.4128e+00
8.2568e+00  8.4085e+00
8.2635e+00  8.3702e+00
8.2702e+00  8.3224e+00
8.2769e+00  8.3065e+00
8.2836e+00  8.3287e+00
8.2903e+00  8.3262e+00
8.2970e+00  8.2673e+00
8.3037e+00  8.2520e+00
8.3103e+00  8.1918e+00
8.3170e+00  8.2340e+00
8.3237e+00  8.2061e+00
8.3304e+00  8.2474e+00
8.3371e+00  8.2017e+00
8.3438e+00  8.2177e+00
8.3505e+00  8.1946e+00
8.3572e+00  8.2416e+00
8.3639e+00  8.1795e+00
8.3705e+00  8.2099e+00
8.3772e+00  8.1996e+00
8.3839e+00  8.1891e+00
8.3906e+00  8.2304e+00
8.3973e+00  8.1991e+00
8.4040e+00  8.1754e+00
8.4107e+00  8.2257e+00
8.4173e+00  8.2380e+00
8.4240e+00  8.2615e+00
8.4307e+00  8.2509e+00
8.4374e+00  8.3156e+00
8.4441e+00  8.2977e+00
8.4508e+00  8.3668e+00
8.4575e+00  8.3683e+00
8.4641e+00  8.4148e+00
8.4708e+00  8.4872e+00
8.4775e+00  8.5127e+00
8.4842e+00  8.7415e+00
8.4909e+00  9.0788e+00
8.4976e+00  9.8803e+00
8.5042e+00  1.1855e+01
8.5109e+00  1.6451e+01
8.5176e+00  2.7334e+01
8.5243e+00  4.6723e+01
8.5310e+00  7.2462e+01
8.5377e+00  9.4174e+01
8.5443e+00  1.0206e+02
8.5510e+00  8.6453e+01
8.5577e+00  6.0147e+01
8.5644e+00  3.5281e+01
8.5711e+00  1.9766e+01
8.5777e+00  1.2856e+01
8.5844e+00  1.0248e+01
8.5911e+00  9.2688e+00
8.5978e+00  8.7766e+00
8.6045e+00  8.5120e+00
8.6111e+00  8.4129e+00
8.6178e+00  8.3619e+00
8.6245e+00  8.2838e+00
8.6312e+00  8.2666e+00
8.6379e+00  8.2347e+00
8.6445e+00  8.1980e+00
8.6512e+00  8.2373e+00
8.6579e+00  8.1915e+00
8.6646e+00  8.1440e+00
8.6712e+00  8.1279e+00
8.6779e+00  8.1005e+00
8.6846e+00  8.0958e+00
8.6913e+00  8.0363e+00
8.6980e+00  8.0506e+00
8.7046e+00  8.0456e+00
8.7113e+00  8.0600e+00
8.7180e+00  8.0218e+00
8.7247e+00  8.0331e+00
8.7313e+00  7.9496e+00
8.7380e+00  8.0222e+00
8.7447e+00  8.0183e+00
8.7514e+00  7.9486e+00
8.7580e+00  8.0331e+00
8.7647e+00  8.0263e+00
8.7714e+00  8.0308e+00
8.7780e+00  7.9993e+00
8.7847e+00  7.9574e+00
8.7914e+00  7.9593e+00
8.7981e+00  8.0159e+00
8.8047e+00  7.9439e+00
8.8114e+00  8.0128e+00
8.8181e+00  8.0042e+00
8.8247e+00  7.9875e+00
8.8314e+00  8.0103e+00
8.8381e+00  7.9932e+00
8.8448e+00  8.0381e+00
8.8514e+00  8.0131e+00
8.8581e+00  8.0427e+00
8.8648e+00  8.0865e+00
8.8714e+00  8.1369e+00
8.8781e+00  8.2702e+00
8.8848e+00  8.5731e+00
8.8915e+00  9.2972e+00
8.8981e+00  1.0993e+01
8.9048e+00  1.4012e+01
8.9115e+00  1.7922e+01
8.9181e+00  2.1706e+01
8.9248e+00  2.2786e+01
8.9315e+00  2.0490e+01
8.9381e+00  1.6312e+01
8.9448e+00  1.2188e+01
8.9515e+00  9.8729e+00
8.9581e+00  8.7377e+00
8.9648e+00  8.3515e+00
8.9715e+00  8.1068e+00
8.9781e+00  8.0262e+00
8.9848e+00  8.0687e+00
8.9915e+00  8.0293e+00
8.9981e+00  8.0458e+00
9.0048e+00  8.0096e+00
9.0115e+00  8.0163e+00
9.0181e+00  8.0232e+00
9.0248e+00  7.9620e+00
9.0314e+00  7.9878e+00
9.0381e+00  8.0113e+00
9.0448e+00  7.9463e+00
9.0514e+00  7.9723e+00
9.0581e+00  7.9898e+00
9.0648e+00  7.9856e+00
9.0714e+00  7.9717e+00
9.0781e+00  7.9742e+00
9.0847e+00  7.9948e+00
9.0914e+00  8.0000e+00
9.0981e+00  7.9722e+00
9.1047e+00  8.0195e+00
9.1114e+00  8.0265e+00
9.1181e+00  7.9879e+00
9.1247e+00  8.0506e+00
9.1314e+00  8.0212e+00
9.1380e+00  8.0616e+00
9.1447e+00  8.0296e+00
9.1514e+00  8.0341e+00
9.1580e+00  8.0489e+00
9.1647e+00  8.0752e+00
9.1713e+00  8.0597e+00
9.1780e+00  8.0831e+00
9.1846e+00  8.0910e+00
9.1913e+00  8.1522e+00
9.1980e+00  8.1565e+00
9.2046e+00  8.1523e+00
9.2113e+00  8.1513e+00
9.2179e+00  8.1983e+00
9.2246e+00  8.2742e+00
9.2312e+00  8.4293e+00
9.2379e+00  8.6802e+00
9.2446e+00  9.2725e+00
9.2512e+00  1.0773e+01
9.2579e+00  1.4417e+01
9.2645e+00  2.1829e+01
9.2712e+00  3.4042e+01
9.2778e+00  4.9633e+01
9.2845e+00  6.1774e+01
9.2911e+00  6.3817e+01
9.2978e+00  5.3367e+01
9.3044e+00  3.7283e+01
9.3111e+00  2.2632e+01
9.3178e+00  1.4306e+01
9.3244e+00  1.0676e+01
9.3311e+00  9.2612e+00
9.3377e+00  8.6653e+00
9.3444e+00  8.4723e+00
9.3510e+00  8.3224e+00
9.3577e+00  8.2429e+00
9.3643e+00  8.2387e+00
9.3710e+00  8.1848e+00
9.3776e+00  8.1337e+00
9.3843e+00  8.1266e+00
9.3909e+00  8.1760e+00
9.3976e+00  8.1239e+00
9.4042e+00  8.1206e+00
9.4109e+00  8.1230e+00
9.4175e+00  8.1132e+00
9.4242e+00  8.1360e+00
9.4308e+00  8.1692e+00
9.4375e+00  8.0951e+00
9.4441e+00  8.1337e+00
9.4508e+00  8.1263e+00
9.4574e+00  8.1442e+00
9.4641e+00  8.1284e+00
9.4707e+00  8.1457e+00
9.4773e+00  8.1610e+00
9.4840e+00  8.1516e+00
9.4906e+00  8.1608e+00
9.4973e+00  8.1942e+00
9.5039e+00  8.1586e+00
9.5106e+00  8.2060e+00
9.5172e+00  8.2860e+00
9.5239e+00  8.2450e+00
9.5305e+00  8.2814e+00
9.5372e+00  8.3144e+00
9.5438e+00  8.3411e+00
9.5504e+00  8.4051e+00
9.5571e+00  8.4328e+00
9.5637e+00  8.5224e+00
9.5704e+00  8.6028e+00
9.5770e+00  8.7605e+00
9.5837e+00  9.0140e+00
9.5903e+00  9.6782e+00
9.5969e+00  1.1230e+01
9.6036e+00  1.4782e+01
9.6102e+00  2.3343e+01
9.6169e+00  4.0426e+01
9.6235e+00  6.7933e+01
9.6302e+00  9.9143e+01
9.6368e+00  1.2041e+02
9.6434e+00  1.2029e+02
9.6501e+00  9.9912e+01
9.6567e+00  6.6431e+01
9.6634e+00  3.6745e+01
9.6700e+00  2.0640e+01
9.6766e+00  1.3389e+01
9.6833e+00  1.0580e+01
9.6899e+00  9.4658e+00
9.6965e+00  8.9386e+00
9.7032e+00  8.7250e+00
9.7098e+00  8.5365e+00
9.7165e+00  8.4386e+00
9.7231e+00  8.4152e+00
9.7297e+00  8.3784e+00
9.7364e+00  8.3563e+00
9.7430e+00  8.3029e+00
9.7496e+00  8.2823e+00
9.7563e+00  8.2629e+00
9.7629e+00  8.2273e+00
9.7695e+00  8.1871e+00
9.7762e+00  8.2274e+00
9.7828e+00  8.1694e+00
9.7895e+00  8.1654e+00
9.7961e+00  8.1385e+00
9.8027e+00  8.1092e+00
9.8094e+00  8.1722e+00
9.8160e+00  8.0869e+00
9.8226e+00  8.1495e+00
9.8293e+00  8.1469e+00
9.8359e+00  8.1223e+00
9.8425e+00  8.1433e+00
9.8491e+00  8.1201e+00
9.8558e+00  8.1291e+00
9.8624e+00  8.1223e+00
9.8690e+00  8.1232e+00
9.8757e+00  8.1124e+00
9.8823e+00  8.1169e+00
9.8889e+00  8.1018e+00
9.8956e+00  8.0443e+00
9.9022e+00  8.1119e+00
9.9088e+00  8.1272e+00
9.9155e+00  8.0739e+00
9.9221e+00  8.0836e+00
9.9287e+00  8.1032e+00
9.9353e+00  8.0873e+00
9.9420e+00  8.1075e+00
9.9486e+00  8.0793e+00
9.9552e+00  8.0904e+00
9.9618e+00  8.1089e+00
9.9685e+00  8.0631e+00
9.9751e+00  8.0569e+00
9.9817e+00  8.0938e+00
9.9884e+00  8.0240e+00
9.9950e+00  8.1104e+00
1.0002e+01  8.0791e+00
1.0008e+01  8.0938e+00
1.0015e+01  8.0383e+00
1.0021e+01  8.1214e+00
1.0028e+01  8.0993e+00
1.0035e+01  8.0874e+00
1.0041e+01  8.1090e+00
1.0048e+01  8.1107e+00
1.0055e+01  8.0678e+00
1.0061e+01  8.0825e+00
1.0068e+01  8.1031e+00
1.0074e+01  8.0465e+00
1.0081e+01  8.1194e+00
1.0088e+01  8.0711e+00
1.0094e+01  8.1188e+00
1.0101e+01  8.0697e+00
1.0108e+01  8.0870e+00
1.0114e+01  8.1597e+00
1.0121e+01  8.0988e+00
1.0127e+01  8.0963e+00
1.0134e+01  8.0643e+00
1.0141e+01  8.1201e+00
1.0147e+01  8.1059e+00
1.0154e+01  8.1248e+00
1.0161e+01  8.1036e+00
1.0167e+01  8.1338e+00
1.0174e+01  8.1537e+00
1.0180e+01  8.1176e+00
1.0187e+01  8.1585e+00
1.0194e+01  8.1496e+00
1.0200e+01  8.1656e+00
1.0207e+01  8.2175e+00
1.0213e+01  8.1810e+00
1.0220e+01  8.1934e+00
1.0227e+01  8.1737e+00
1.0233e+01  8.2213e+00
1.0240e+01  8.2343e+00
1.0247e+01  8.2787e+00
1.0253e+01  8.3308e+00
1.0260e+01  8.4935e+00
1.0266e+01  8.7840e+00
1.0273e+01  9.4747e+00
1.0280e+01  1.1026e+01
1.0286e+01  1.3937e+01
1.0293e+01  1.8112e+01
1.0299e+01  2.2904e+01
1.0306e+01  2.5057e+01
1.0313e+01  2.4323e+01
1.0319e+01  2.0757e+01
1.0326e+01  1.5408e+01
1.0333e+01  1.1531e+01
1.0339e+01  9.6216e+00
1.0346e+01  8.8258e+00
1.0352e+01  8.5658e+00
1.0359e+01  8.4166e+00
1.0366e+01  8.3986e+00
1.0372e+01  8.3350e+00
1.0379e+01  8.3217e+00
1.0385e+01  8.3304e+00
1.0392e+01  8.3028e+00
1.0399e+01  8.3346e+00
1.0405e+01  8.2777e+00
1.0412e+01  8.2576e+00
1.0418e+01  8.2860e+00
1.0425e+01  8.2702e+00
1.0432e+01  8.2642e+00
1.0438e+01  8.2986e+00
1.0445e+01  8.3459e+00
1.0452e+01  8.3444e+00
1.0458e+01  8.3437e+00
1.0465e+01  8.3028e+00
1.0471e+01  8.3590e+00
1.0478e+01  8.3643e+00
1.0485e+01  8.4172e+00
1.0491e+01  8.3873e+00
1.0498e+01  8.4329e+00
1.0504e+01  8.4085e+00
1.0511e+01  8.4171e+00
1.0518e+01  8.5162e+00
1.0524e+01  8.4614e+00
1.0531e+01  8.4974e+00
1.0537e+01  8.5943e+00
1.0544e+01  8.5754e+00
1.0551e+01  8.6901e+00
1.0557e+01  8.6899e+00
1.0564e+01  8.8855e+00
1.0570e+01  9.1445e+00
1.0577e+01  9.7072e+00
1.0584e+01  1.1022e+01
1.0590e+01  1.4325e+01
1.0597e+01  2.1593e+01
1.0603e+01  3.5356e+01
1.0610e+01  5.7933e+01
1.0617e+01  8.0221e+01
1.0623e+01  9.3529e+01
1.0630e+01  9.3637e+01
1.0636e+01  7.5883e+01
1.0643e+01  4.8734e+01
1.0650e+01  2.7340e+01
1.0656e+01  1.6135e+01
1.0663e+01  1.1679e+01
1.0669e+01  9.9843e+00
1.0676e+01  9.2721e+00
1.0683e+01  8.9011e+00
1.0689e+01  8.7528e+00
1.0696e+01  8.7104e+00
1.0702e+01  8.6317e+00
1.0709e+01  8.5899e+00
1.0716e+01  8.6095e+00
1.0722e+01  8.5380e+00
1.0729e+01  8.5232e+00
1.0735e+01  8.4857e+00
1.0742e+01  8.4354e+00
1.0749e+01  8.4547e+00
1.0755e+01  8.4606e+00
1.0762e+01  8.4291e+00
1.0768e+01  8.5264e+00
1.0775e+01  8.4739e+00
1.0781e+01  8.3978e+00
1.0788e+01  8.4440e+00
1.0795e+01  8.4766e+00
1.0801e+01  8.4966e+00
1.0808e+01  8.4479e+00
1.0814e+01  8.5209e+00
1.0821e+01  8.4833e+00
1.0828e+01  8.4956e+00
1.0834e+01  8.4939e+00
1.0841e+01  8.5333e+00
1.0847e+01  8.5543e+00
1.0854e+01  8.5571e+00
1.0861e+01  8.6233e+00
1.0867e+01  8.6525e+00
1.0874e+01  8.8190e+00
1.0880e+01  9.0335e+00
1.0887e+01  9.5843e+00
1.0894e+01  1.0857e+01
1.0900e+01  1.3879e+01
1.0907e+01  2.0573e+01
1.0913e+01  3.3379e+01
1.0920e+01  5.1042e+01
1.0926e+01  6.7502e+01
1.0933e+01  7.7884e+01
1.0940e+01  7.4882e+01
1.0946e+01  6.0888e+01
1.0953e+01  3.8902e+01
1.0959e+01  2.2277e+01
1.0966e+01  1.4074e+01
1.0973e+01  1.0786e+01
1.0979e+01  9.5208e+00
1.0986e+01  9.0318e+00
1.0992e+01  8.7291e+00
1.0999e+01  8.6609e+00
1.1005e+01  8.5591e+00
1.1012e+01  8.5582e+00
1.1019e+01  8.4820e+00
1.1025e+01  8.4139e+00
1.1032e+01  8.4369e+00
1.1038e+01  8.4571e+00
1.1045e+01  8.3266e+00
1.1052e+01  8.4248e+00
1.1058e+01  8.3900e+00
1.1065e+01  8.3322e+00
1.1071e+01  8.3708e+00
1.1078e+01  8.3628e+00
1.1084e+01  8.3432e+00
1.1091e+01  8.3420e+00
1.1098e+01  8.3237e+00
1.1104e+01  8.3695e+00
1.1111e+01  8.3142e+00
1.1117e+01  8.2929e+00
1.1124e+01  8.3045e+00
1.1130e+01  8.3422e+00
1.1137e+01  8.3277e+00
1.1144e+01  8.2777e+00
1.1150e+01  8.2780e+00
1.1157e+01  8.2898e+00
1.1163e+01  8.3454e+00
1.1170e+01  8.3707e+00
1.1177e+01  8.4521e+00
1.1183e+01  8.5843e+00
1.1190e+01  8.8708e+00
1.1196e+01  9.5732e+00
1.1203e+01  1.1162e+01
1.1209e+01  1.4364e+01
1.1216e+01  2.0124e+01
1.1223e+01  2.6946e+01
1.1229e+01  3.2339e+01
1.1236e+01  3.4385e+01
1.1242e+01  3.1610e+01
1.1249e+01  2.5175e+01
1.1255e+01  1.7470e+01
1.1262e+01  1.2221e+01
1.1269e+01  9.8764e+00
1.1275e+01  8.9451e+00
1.1282e+01  8.6055e+00
1.1288e+01  8.4582e+00
1.1295e+01  8.4011e+00
1.1301e+01  8.3205e+00
1.1308e+01  8.3052e+00
1.1315e+01  8.2758e+00
1.1321e+01  8.2776e+00
1.1328e+01  8.3061e+00
1.1334e+01  8.2672e+00
1.1341e+01  8.2387e+00
1.1347e+01  8.2591e+00
1.1354e+01  8.2969e+00
1.1360e+01  8.2941e+00
1.1367e+01  8.2847e+00
1.1374e+01  8.2740e+00
1.1380e+01  8.2512e+00
1.1387e+01  8.2776e+00
1.1393e+01  8.2535e+00
1.1400e+01  8.3051e+00
1.1406e+01  8.3235e+00
1.1413e+01  8.2798e+00
1.1420e+01  8.3067e+00
1.1426e+01  8.3147e+00
1.1433e+01  8.3778e+00
1.1439e+01  8.3456e+00
1.1446e+01  8.3906e+00
1.1452e+01  8.3955e+00
1.1459e+01  8.4253e+00
1.1466e+01  8.4879e+00
1.1472e+01  8.6146e+00
1.1479e+01  8.8155e+00
1.1485e+01  9.3823e+00
1.1492e+01  1.0687e+01
1.1498e+01  1.3576e+01
1.1505e+01  1.8976e+01
1.1511e+01  2.6868e+01
1.1518e+01  3.5592e+01
1.1525e+01  4.1229e+01
1.1531e+01  4.2543e+01
1.1538e+01  3.7136e+01
1.1544e+01  2.7432e+01
1.1551e+01  1.7665e+01
1.1557e+01  1.2096e+01
1.1564e+01  9.9462e+00
1.1570e+01  9.0749e+00
1.1577e+01  8.7366e+00
1.1584e+01  8.5436e+00
1.1590e+01  8.4922e+00
1.1597e+01  8.3771e+00
1.1603e+01  8.3834e+00
1.1610e+01  8.3608e+00
1.1616e+01  8.3639e+00
1.1623e+01  8.3627e+00
1.1629e+01  8.3852e+00
1.1636e+01  8.3446e+00
1.1643e+01  8.3621e+00
1.1649e+01  8.3549e+00
1.1656e+01  8.3340e+00
1.1662e+01  8.3079e+00
1.1669e+01  8.3398e+00
1.1675e+01  8.4095e+00
1.1682e+01  8.3647e+00
1.1688e+01  8.3774e+00
1.1695e+01  8.4021e+00
1.1702e+01  8.4415e+00
1.1708e+01  8.5021e+00
1.1715e+01  8.5047e+00
1.1721e+01  8.4375e+00
1.1728e+01  8.5030e+00
1.1734e+01  8.5890e+00
1.1741e+01  8.6188e+00
1.1747e+01  8.6656e+00
1.1754e+01  8.8528e+00
1.1760e+01  9.1559e+00
1.1767e+01  9.7521e+00
1.1774e+01  1.1314e+01
1.1780e+01  1.5388e+01
1.1787e+01  2.3495e+01
1.1793e+01  3.7227e+01
1.1800e+01  5.5829e+01
1.1806e+01  6.9468e+01
1.1813e+01  7.6522e+01
1.1819e+01  7.4131e+01
1.1826e+01  5.9540e+01
1.1832e+01  3.7712e+01
1.1839e+01  2.1926e+01
1.1846e+01  1.3809e+01
1.1852e+01  1.0674e+01
1.1859e+01  9.5289e+00
1.1865e+01  9.0475e+00
1.1872e+01  8.7593e+00
1.1878e+01  8.6822e+00
1.1885e+01  8.5631e+00
1.1891e+01  8.5133e+00
1.1898e+01  8.4906e+00
1.1904e+01  8.4305e+00
1.1911e+01  8.4578e+00
1.1918e+01  8.3969e+00
1.1924e+01  8.4784e+00
1.1931e+01  8.4077e+00
1.1937e+01  8.4468e+00
1.1944e+01  8.3571e+00
1.1950e+01  8.3685e+00
1.1957e+01  8.3265e+00
1.1963e+01  8.3783e+00
1.1970e+01  8.3147e+00
1.1976e+01  8.3446e+00
1.1983e+01  8.3425e+00
1.1989e+01  8.3042e+00
1.1996e+01  8.3971e+00
1.2002e+01  8.3157e+00
1.2009e+01  8.3474e+00
1.2016e+01  8.4128e+00
1.2022e+01  8.3681e+00
1.2029e+01  8.4706e+00
1.2035e+01  8.5425e+00
1.2042e+01  8.7425e+00
1.2048e+01  9.1931e+00
1.2055e+01  1.0123e+01
1.2061e+01  1.2480e+01
1.2068e+01  1.7213e+01
1.2074e+01  2.3835e+01
1.2081e+01  3.2364e+01
1.2087e+01  3.7195e+01
1.2094e+01  3.8340e+01
1.2100e+01  3.6151e+01
1.2107e+01  2.8911e+01
1.2114e+01  1.9026e+01
1.2120e+01  1.2944e+01
1.2127e+01  1.0174e+01
1.2133e+01  9.0909e+00
1.2140e+01  8.6700e+00
1.2146e+01  8.5195e+00
1.2153e+01  8.4163e+00
1.2159e+01  8.2905e+00
1.2166e+01  8.2833e+00
1.2172e+01  8.2575e+00
1.2179e+01  8.2374e+00
1.2185e+01  8.2365e+00
1.2192e+01  8.2173e+00
1.2198e+01  8.2392e+00
1.2205e+01  8.1487e+00
1.2211e+01  8.1714e+00
1.2218e+01  8.1925e+00
1.2225e+01  8.1772e+00
1.2231e+01  8.2107e+00
1.2238e+01  8.1733e+00
1.2244e+01  8.1606e+00
1.2251e+01  8.1351e+00
1.2257e+01  8.1734e+00
1.2264e+01  8.1713e+00
1.2270e+01  8.1808e+00
1.2277e+01  8.1613e+00
1.2283e+01  8.1254e+00
1.2290e+01  8.1510e+00
1.2296e+01  8.1374e+00
1.2303e+01  8.1404e+00
1.2309e+01  8.1392e+00
1.2316e+01  8.1597e+00
1.2322e+01  8.1318e+00
1.2329e+01  8.1700e+00
1.2335e+01  8.1431e+00
1.2342e+01  8.0956e+00
1.2348e+01  8.1207e+00
1.2355e+01  8.1192e+00
1.2361e+01  8.1428e+00
1.2368e+01  8.1210e+00
1.2375e+01  8.1584e+00
1.2381e+01  8.1213e+00
1.2388e+01  8.1219e+00
1.2394e+01  8.1337e+00
1.2401e+01  8.0683e+00
1.2407e+01  8.0694e+00
1.2414e+01  8.1057e+00
1.2420e+01  8.1175e+00
1.2427e+01  8.0944e+00
1.2433e+01  8.1343e+00
1.2440e+01  8.0727e+00
1.2446e+01  8.1685e+00
1.2453e+01  8.0660e+00
1.2459e+01  8.1272e+00
1.2466e+01  8.1052e+00
1.2472e+01  8.1060e+00
1.2479e+01  8.1292e+00
1.2485e+01  8.0853e+00
1.2492e+01  8.1225e+00
1.2498e+01  8.1440e+00
1.2505e+01  8.1206e+00
1.2511e+01  8.1062e+00
1.2518e+01  8.1742e+00
1.2524e+01  8.1495e+00
1.2531e+01  8.1334e+00
1.2537e+01  8.2005e+00
1.2544e+01  8.2014e+00
1.2550e+01  8.1803e+00
1.2557e+01  8.1353e+00
1.2563e+01  8.2257e+00
1.2570e+01  8.2026e+00
1.2576e+01  8.3017e+00
1.2583e+01  8.4379e+00
1.2589e+01  8.7187e+00
1.2596e+01  9.5050e+00
1.2602e+01  1.0848e+01
1.2609e+01  1.3484e+01
1.2615e+01  1.7054e+01
1.2622e+01  2.0559e+01
1.2628e+01  2.3120e+01
1.2635e+01  2.4092e+01
1.2641e+01  2.2175e+01
1.2648e+01  1.8172e+01
1.2654e+01  1.3510e+01
1.2661e+01  1.0476e+01
1.2667e+01  9.1203e+00
1.2674e+01  8.5646e+00
1.2680e+01  8.4019e+00
1.2687e+01  8.2981e+00
1.2693e+01  8.2325e+00
1.2700e+01  8.2259e+00
1.2706e+01  8.2027e+00
1.2713e+01  8.2420e+00
1.2719e+01  8.1899e+00
1.2726e+01  8.1979e+00
1.2732e+01  8.1134e+00
1.2739e+01  8.2248e+00
1.2745e+01  8.1625e+00
1.2752e+01  8.1784e+00
1.2758e+01  8.1700e+00
1.2765e+01  8.1415e+00
1.2771e+01  8.1717e+00
1.2778e+01  8.1914e+00
1.2784e+01  8.1899e+00
1.2791e+01  8.2386e+00
1.2797e+01  8.2084e+00
1.2804e+01  8.2527e+00
1.2810e+01  8.2880e+00
1.2817e+01  8.2510e+00
1.2823e+01  8.2295e+00
1.2830e+01  8.3148e+00
1.2836e+01  8.3453e+00
1.2843e+01  8.4539e+00
1.2849e+01  8.6460e+00
1.2856e+01  9.2678e+00
1.2862e+01  1.0476e+01
1.2869e+01  1.2806e+01
1.2875e+01  1.6227e+01
1.2882e+01  2.0147e+01
1.2888e+01  2.3080e+01
1.2895e+01  2.4359e+01
1.2901e+01  2.3085e+01
1.2908e+01  1.9435e+01
1.2914e+01  1.4700e+01
1.2921e+01  1.1092e+01
1.2927e+01  9.4185e+00
1.2934e+01  8.8635e+00
1.2940e+01  8.5085e+00
1.2947e+01  8.4332e+00
1.2953e+01  8.3510e+00
1.2960e+01  8.3185e+00
1.2966e+01  8.3233e+00
1.2973e+01  8.3037e+00
1.2979e+01  8.3165e+00
1.2986e+01  8.3633e+00
1.2992e+01  8.3207e+00
1.2999e+01  8.2665e+00
1.3005e+01  8.3760e+00
1.3012e+01  8.3782e+00
1.3018e+01  8.3820e+00
1.3025e+01  8.3856e+00
1.3031e+01  8.3906e+00
1.3038e+01  8.4016e+00
1.3044e+01  8.4309e+00
1.3051e+01  8.4774e+00
1.3057e+01  8.4900e+00
1.3063e+01  8.5180e+00
1.3070e+01  8.5690e+00
1.3076e+01  8.5946e+00
1.3083e+01  8.6655e+00
1.3089e+01  8.7670e+00
1.3096e+01  9.0520e+00
1.3102e+01  9.7177e+00
1.3109e+01  1.1154e+01
1.3115e+01  1.4434e+01
1.3122e+01  2.1586e+01
1.3128e+01  3.2722e+01
1.3135e+01  4.7073e+01
1.3141e+01  6.0465e+01
1.3148e+01  6.7304e+01
1.3154e+01  6.8502e+01
1.3161e+01  5.9546e+01
1.3167e+01  4.4084e+01
1.3174e+01  2.6608e+01
1.3180e+01  1.6004e+01
1.3187e+01  1.1589e+01
1.3193e+01  9.8586e+00
1.3200e+01  9.1696e+00
1.3206e+01  8.8134e+00
1.3212e+01  8.6435e+00
1.3219e+01  8.6117e+00
1.3225e+01  8.5652e+00
1.3232e+01  8.4870e+00
1.3238e+01  8.4933e+00
1.3245e+01  8.5334e+00
1.3251e+01  8.4881e+00
1.3258e+01  8.4563e+00
1.3264e+01  8.4730e+00
1.3271e+01  8.3913e+00
1.3277e+01  8.4375e+00
1.3284e+01  8.4265e+00
1.3290e+01  8.3819e+00
1.3297e+01  8.3736e+00
1.3303e+01  8.3639e+00
1.3310e+01  8.4185e+00
1.3316e+01  8.4509e+00
1.3322e+01  8.4072e+00
1.3329e+01  8.4423e+00
1.3335e+01  8.4261e+00
1.3342e+01  8.5080e+00
1.3348e+01  8.6233e+00
1.3355e+01  8.9534e+00
1.3361e+01  9.6089e+00
1.3368e+01  1.1073e+01
1.3374e+01  1.4259e+01
1.3381e+01  1.9264e+01
1.3387e+01  2.5354e+01
1.3394e+01  3.0215e+01
1.3400e+01  3.3016e+01
1.3407e+01  3.3209e+01
1.3413e+01  2.9494e+01
1.3419e+01  2.3062e+01
1.3426e+01  1.5793e+01
1.3432e+01  1.1381e+01
1.3439e+01  9.5948e+00
1.3445e+01  8.9250e+00
1.3452e+01  8.5607e+00
1.3458e+01  8.4466e+00
1.3465e+01  8.3862e+00
1.3471e+01  8.3956e+00
1.3478e+01  8.3816e+00
1.3484e+01  8.3074e+00
1.3491e+01  8.3062e+00
1.3497e+01  8.2686e+00
1.3503e+01  8.2607e+00
1.3510e+01  8.3023e+00
1.3516e+01  8.2279e+00
1.3523e+01  8.2309e+00
1.3529e+01  8.2745e+00
1.3536e+01  8.2257e+00
1.3542e+01  8.2716e+00
1.3549e+01  8.2548e+00
1.3555e+01  8.1798e+00
1.3562e+01  8.2042e+00
1.3568e+01  8.2055e+00
1.3574e+01  8.1751e+00
1.3581e+01  8.1696e+00
1.3587e+01  8.2100e+00
1.3594e+01  8.1624e+00
1.3600e+01  8.2040e+00
1.3607e+01  8.2079e+00
1.3613e+01  8.2227e+00
1.3620e+01  8.2328e+00
1.3626e+01  8.1745e+00
1.3633e+01  8.1503e+00
1.3639e+01  8.1973e+00
1.3645e+01  8.2204e+00
1.3652e+01  8.1842e+00
1.3658e+01  8.1995e+00
1.3665e+01  8.2237e+00
1.3671e+01  8.1894e+00
1.3678e+01  8.2471e+00
1.3684e+01  8.1860e+00
1.3691e+01  8.1769e+00
1.3697e+01  8.2144e+00
1.3703e+01  8.2275e+00
1.3710e+01  8.2213e+00
1.3716e+01  8.1835e+00
1.3723e+01  8.1789e+00
1.3729e+01  8.2617e+00
1.3736e+01  8.2332e+00
1.3742e+01  8.2811e+00
1.3749e+01  8.2677e+00
1.3755e+01  8.2164e+00
1.3761e+01  8.2756e+00
1.3768e+01  8.3152e+00
1.3774e+01  8.2982e+00
1.3781e+01  8.2875e+00
1.3787e+01  8.3064e+00
1.3794e+01  8.3247e+00
1.3800e+01  8.3265e+00
1.3807e+01  8.3897e+00
1.3813e+01  8.3249e+00
1.3819e+01  8.4356e+00
1.3826e+01  8.4913e+00
1.3832e+01  8.6472e+00
1.3839e+01  8.8869e+00
1.3845e+01  9.5326e+00
1.3852e+01  1.0915e+01
1.3858e+01  1.4102e+01
1.3865e+01  1.9816e+01
1.3871e+01  2.8850e+01
1.3877e+01  3.9102e+01
1.3884e+01  4.6779e+01
1.3890e+01  5.0881e+01
1.3897e+01  4.9980e+01
1.3903e+01  4.4790e+01
1.3910e+01  3.2721e+01
1.3916e+01  2.0690e+01
1.3922e+01  1.3526e+01
1.3929e+01  1.0486e+01
1.3935e+01  9.2877e+00
1.3942e+01  8.8038e+00
1.3948e+01  8.5703e+00
1.3955e+01  8.5247e+00
1.3961e+01  8.3926e+00
1.3967e+01  8.3943e+00
1.3974e+01  8.3437e+00
1.3980e+01  8.3418e+00
1.3987e+01  8.3324e+00
1.3993e+01  8.2989e+00
1.4000e+01  8.3103e+00
1.4006e+01  8.3222e+00
1.4012e+01  8.3235e+00
1.4019e+01  8.2890e+00
1.4025e+01  8.2996e+00
1.4032e+01  8.2703e+00
1.4038e+01  8.2954e+00
1.4045e+01  8.3006e+00
1.4051e+01  8.2600e+00
1.4057e+01  8.2618e+00
1.4064e+01  8.3623e+00
1.4070e+01  8.3177e+00
1.4077e+01  8.4232e+00
1.4083e+01  8.6233e+00
1.4090e+01  9.1660e+00
1.4096e+01  1.0091e+01
1.4102e+01  1.1979e+01
1.4109e+01  1.4987e+01
1.4115e+01  1.8462e+01
1.4122e+01  2.1405e+01
1.4128e+01  2.3480e+01
1.4135e+01  2.3785e+01
1.4141e+01  2.1748e+01
1.4147e+01  1.7885e+01
1.4154e+01  1.3351e+01
1.4160e+01  1.0404e+01
1.4167e+01  9.1525e+00
1.4173e+01  8.6006e+00
1.4180e+01  8.3935e+00
1.4186e+01  8.3136e+00
1.4192e+01  8.2860e+00
1.4199e+01  8.2900e+00
1.4205e+01  8.2492e+00
1.4212e+01  8.2365e+00
1.4218e+01  8.2478e+00
1.4224e+01  8.2349e+00
1.4231e+01  8.2442e+00
1.4237e+01  8.1867e+00
1.4244e+01  8.2239e+00
1.4250e+01  8.2151e+00
1.4257e+01  8.2313e+00
1.4263e+01  8.1741e+00
1.4269e+01  8.1770e+00
1.4276e+01  8.1562e+00
1.4282e+01  8.1636e+00
1.4289e+01  8.1708e+00
1.4295e+01  8.1960e+00
1.4301e+01  8.2054e+00
1.4308e+01  8.1384e+00
1.4314e+01  8.1929e+00
1.4321e+01  8.1345e+00
1.4327e+01  8.1683e+00
1.4333e+01  8.1568e+00
1.4340e+01  8.2116e+00
1.4346e+01  8.1141e+00
1.4353e+01  8.1699e+00
1.4359e+01  8.1216e+00
1.4365e+01  8.1390e+00
1.4372e+01  8.2004e+00
1.4378e+01  8.1525e+00
1.4385e+01  8.1794e+00
1.4391e+01  8.1797e+00
1.4398e+01  8.1676e+00
1.4404e+01  8.1756e+00
1.4410e+01  8.1526e+00
1.4417e+01  8.1463e+00
1.4423e+01  8.1920e+00
1.4430e+01  8.1993e+00
1.4436e+01  8.1987e+00
1.4442e+01  8.1448e+00
1.4449e+01  8.1490e+00
1.4455e+01  8.2035e+00
1.4462e+01  8.1738e+00
1.4468e+01  8.2258e+00
1.4474e+01  8.1516e+00
1.4481e+01  8.1294e+00
1.4487e+01  8.2331e+00
1.4494e+01  8.1391e+00
1.4500e+01  8.2403e+00
1.4506e+01  8.2510e+00
1.4513e+01  8.2288e+00
1.4519e+01  8.2666e+00
1.4526e+01  8.2747e+00
1.4532e+01  8.2882e+00
1.4538e+01  8.3177e+00
1.4545e+01  8.3473e+00
1.4551e+01  8.5514e+00
1.4557e+01  8.8072e+00
1.4564e+01  9.4420e+00
1.4570e+01  1.0519e+01
1.4577e+01  1.1924e+01
1.4583e+01  1.3649e+01
1.4589e+01  1.4796e+01
1.4596e+01  1.5384e+01
1.4602e+01  1.5325e+01
1.4609e+01  1.4201e+01
1.4615e+01  1.2333e+01
1.4621e+01  1.0435e+01
1.4628e+01  9.1987e+00
1.4634e+01  8.6725e+00
1.4641e+01  8.4317e+00
1.4647e+01  8.3701e+00
1.4653e+01  8.3479e+00
1.4660e+01  8.3166e+00
1.4666e+01  8.2635e+00
1.4672e+01  8.3162e+00
1.4679e+01  8.3877e+00
1.4685e+01  8.3426e+00
1.4692e+01  8.2825e+00
1.4698e+01  8.3547e+00
1.4704e+01  8.3388e+00
1.4711e+01  8.3779e+00
1.4717e+01  8.3672e+00
1.4723e+01  8.3300e+00
1.4730e+01  8.4021e+00
1.4736e+01  8.4158e+00
1.4743e+01  8.4059e+00
1.4749e+01  8.4640e+00
1.4755e+01  8.5209e+00
1.4762e+01  8.5073e+00
1.4768e+01  8.7126e+00
1.4775e+01  9.0145e+00
1.4781e+01  9.6622e+00
1.4787e+01  1.1187e+01
1.4794e+01  1.4147e+01
1.4800e+01  1.8741e+01
1.4806e+01  2.4796e+01
1.4813e+01  3.0607e+01
1.4819e+01  3.3844e+01
1.4825e+01  3.5711e+01
1.4832e+01  3.4281e+01
1.4838e+01  2.8510e+01
1.4845e+01  2.1036e+01
1.4851e+01  1.4403e+01
1.4857e+01  1.0947e+01
1.4864e+01  9.5321e+00
1.4870e+01  8.9467e+00
1.4876e+01  8.7220e+00
1.4883e+01  8.5967e+00
1.4889e+01  8.5436e+00
1.4896e+01  8.5209e+00
1.4902e+01  8.4741e+00
1.4908e+01  8.5012e+00
1.4915e+01  8.4714e+00
1.4921e+01  8.4704e+00
1.4927e+01  8.4534e+00
1.4934e+01  8.4720e+00
1.4940e+01  8.4859e+00
1.4946e+01  8.4340e+00
1.4953e+01  8.4496e+00
1.4959e+01  8.5354e+00
1.4965e+01  8.5376e+00
1.4972e+01  8.4822e+00
1.4978e+01  8.5493e+00
1.4985e+01  8.5633e+00
1.4991e+01  8.6849e+00
1.4997e+01  8.9804e+00
1.5004e+01  9.5499e+00
1.5010e+01  1.0813e+01
1.5016e+01  1.3134e+01
1.5023e+01  1.7476e+01
1.5029e+01  2.2826e+01
1.5035e+01  2.8148e+01
1.5042e+01  3.1802e+01
1.5048e+01  3.3513e+01
1.5054e+01  3.2835e+01
1.5061e+01  2.9260e+01
1.5067e+01  2.2853e+01
1.5074e+01  1.5892e+01
1.5080e+01  1.1626e+01
1.5086e+01  9.8174e+00
1.5093e+01  9.0471e+00
1.5099e+01  8.6739e+00
1.5105e+01  8.5989e+00
1.5112e+01  8.6292e+00
1.5118e+01  8.4983e+00
1.5124e+01  8.4430e+00
1.5131e+01  8.4806e+00
1.5137e+01  8.4316e+00
1.5143e+01  8.4269e+00
1.5150e+01  8.4683e+00
1.5156e+01  8.4864e+00
1.5162e+01  8.4635e+00
1.5169e+01  8.4706e+00
1.5175e+01  8.5257e+00
1.5181e+01  8.4665e+00
1.5188e+01  8.4705e+00
1.5194e+01  8.5294e+00
1.5200e+01  8.5729e+00
1.5207e+01  8.5253e+00
1.5213e+01  8.6824e+00
1.5219e+01  8.8876e+00
1.5226e+01  9.3938e+00
1.5232e+01  1.0574e+01
1.5238e+01  1.2884e+01
1.5245e+01  1.6499e+01
1.5251e+01  2.0557e+01
1.5257e+01  2.4730e+01
1.5264e+01  2.6877e+01
1.5270e+01  2.7918e+01
1.5276e+01  2.7479e+01
1.5283e+01  2.3926e+01
1.5289e+01  1.8823e+01
1.5295e+01  1.3699e+01
1.5302e+01  1.0606e+01
1.5308e+01  9.2590e+00
1.5314e+01  8.8100e+00
1.5321e+01  8.5236e+00
1.5327e+01  8.4791e+00
1.5333e+01  8.4923e+00
1.5340e+01  8.4079e+00
1.5346e+01  8.3613e+00
1.5352e+01  8.3725e+00
1.5359e+01  8.3440e+00
1.5365e+01  8.3339e+00
1.5371e+01  8.4070e+00
1.5378e+01  8.3208e+00
1.5384e+01  8.3246e+00
1.5390e+01  8.3411e+00
1.5397e+01  8.3456e+00
1.5403e+01  8.3606e+00
1.5409e+01  8.3196e+00
1.5416e+01  8.3517e+00
1.5422e+01  8.3565e+00
1.5428e+01  8.4183e+00
1.5434e+01  8.5156e+00
1.5441e+01  8.7007e+00
1.5447e+01  9.2392e+00
1.5453e+01  1.0103e+01
1.5460e+01  1.1767e+01
1.5466e+01  1.3976e+01
1.5472e+01  1.6393e+01
1.5479e+01  1.8090e+01
1.5485e+01  1.9117e+01
1.5491e+01  1.9124e+01
1.5498e+01  1.8177e+01
1.5504e+01  1.5781e+01
1.5510e+01  1.2557e+01
1.5516e+01  1.0245e+01
1.5523e+01  9.0928e+00
1.5529e+01  8.6768e+00
1.5535e+01  8.4096e+00
1.5542e+01  8.2977e+00
1.5548e+01  8.2811e+00
1.5554e+01  8.2871e+00
1.5561e+01  8.2584e+00
1.5567e+01  8.2581e+00
1.5573e+01  8.2152e+00
1.5580e+01  8.2460e+00
1.5586e+01  8.2994e+00
1.5592e+01  8.2103e+00
1.5598e+01  8.2172e+00
1.5605e+01  8.2034e+00
1.5611e+01  8.2581e+00
1.5617e+01  8.2116e+00
1.5624e+01  8.2228e+00
1.5630e+01  8.1997e+00
1.5636e+01  8.3042e+00
1.5643e+01  8.2435e+00
1.5649e+01  8.2812e+00
1.5655e+01  8.4425e+00
1.5661e+01  8.6754e+00
1.5668e+01  9.1290e+00
1.5674e+01  9.8569e+00
1.5680e+01  1.1009e+01
1.5687e+01  1.2114e+01
1.5693e+01  1.3208e+01
1.5699e+01  1.3732e+01
1.5705e+01  1.3989e+01
1.5712e+01  1.3520e+01
1.5718e+01  1.2429e+01
1.5724e+01  1.0763e+01
1.5731e+01  9.4545e+00
1.5737e+01  8.7410e+00
1.5743e+01  8.3893e+00
1.5749e+01  8.2958e+00
1.5756e+01  8.2118e+00
1.5762e+01  8.2297e+00
1.5768e+01  8.2687e+00
1.5775e+01  8.1591e+00
1.5781e+01  8.2245e+00
1.5787e+01  8.2145e+00
1.5793e+01  8.1899e+00
1.5800e+01  8.2040e+00
1.5806e+01  8.2168e+00
1.5812e+01  8.2531e+00
1.5819e+01  8.3011e+00
1.5825e+01  8.2259e+00
1.5831e+01  8.2459e+00
1.5837e+01  8.2544e+00
1.5844e+01  8.2508e+00
1.5850e+01  8.3006e+00
1.5856e+01  8.4308e+00
1.5862e+01  8.6127e+00
1.5869e+01  9.0133e+00
1.5875e+01  9.9189e+00
1.5881e+01  1.1541e+01
1.5888e+01  1.4345e+01
1.5894e+01  1.8038e+01
1.5900e+01  2.1415e+01
1.5906e+01  2.4116e+01
1.5913e+01  2.5893e+01
1.5919e+01  2.6146e+01
1.5925e+01  2.4272e+01
1.5931e+01  2.0406e+01
1.5938e+01  1.5382e+01
1.5944e+01  1.1423e+01
1.5950e+01  9.6027e+00
1.5956e+01  8.8313e+00
1.5963e+01  8.4738e+00
1.5969e+01  8.3241e+00
1.5975e+01  8.2263e+00
1.5982e+01  8.1812e+00
1.5988e+01  8.2472e+00
1.5994e+01  8.2308e+00
1.6000e+01  8.2111e+00
1.6007e+01  8.2074e+00
1.6013e+01  8.1353e+00
1.6019e+01  8.1642e+00
1.6025e+01  8.1677e+00
1.6032e+01  8.0834e+00
1.6038e+01  8.1166e+00
1.6044e+01  8.1667e+00
1.6050e+01  8.1530e+00
1.6057e+01  8.1194e+00
1.6063e+01  8.1389e+00
1.6069e+01  8.0998e+00
1.6075e+01  8.1364e+00
1.6082e+01  8.0461e+00
1.6088e+01  8.1582e+00
1.6094e+01  8.0953e+00
1.6100e+01  8.0985e+00
1.6107e+01  8.1259e+00
1.6113e+01  8.0837e+00
1.6119e+01  8.0891e+00
1.6125e+01  8.0676e+00
1.6132e+01  8.1172e+00
1.6138e+01  8.1516e+00
1.6144e+01  8.1159e+00
1.6150e+01  8.0780e+00
1.6157e+01  8.0954e+00
1.6163e+01  8.0992e+00
1.6169e+01  8.0818e+00
1.6175e+01  8.1317e+00
1.6181e+01  8.0935e+00
1.6188e+01  8.1161e+00
1.6194e+01  8.0766e+00
1.6200e+01  8.0428e+00
1.6206e+01  8.1480e+00
1.6213e+01  8.0690e+00
1.6219e+01  8.0487e+00
1.6225e+01  8.1286e+00
1.6231e+01  8.0999e+00
1.6238e+01  8.1294e+00
1.6244e+01  8.0616e+00
1.6250e+01  8.0906e+00
1.6256e+01  8.1358e+00
1.6263e+01  8.1096e+00
1.6269e+01  8.0889e+00
1.6275e+01  8.2113e+00
1.6281e+01  8.3187e+00
1.6287e+01  8.5773e+00
1.6294e+01  9.0972e+00
1.6300e+01  9.7904e+00
1.6306e+01  1.0969e+01
1.6312e+01  1.2374e+01
1.6319e+01  1.3357e+01
1.6325e+01  1.4210e+01
1.6331e+01  1.4838e+01
1.6337e+01  1.4656e+01
1.6343e+01  1.3817e+01
1.6350e+01  1.2088e+01
1.6356e+01  1.0306e+01
1.6362e+01  9.0776e+00
1.6368e+01  8.4754e+00
1.6375e+01  8.3543e+00
1.6381e+01  8.2385e+00
1.6387e+01  8.1819e+00
1.6393e+01  8.1688e+00
1.6399e+01  8.1818e+00
1.6406e+01  8.1586e+00
1.6412e+01  8.0773e+00
1.6418e+01  8.1746e+00
1.6424e+01  8.1265e+00
1.6431e+01  8.1555e+00
1.6437e+01  8.1146e+00
1.6443e+01  8.1734e+00
1.6449e+01  8.1674e+00
1.6455e+01  8.1987e+00
1.6462e+01  8.1976e+00
1.6468e+01  8.3253e+00
1.6474e+01  8.4290e+00
1.6480e+01  8.5652e+00
1.6486e+01  9.1360e+00
1.6493e+01  1.0112e+01
1.6499e+01  1.1941e+01
1.6505e+01  1.5103e+01
1.6511e+01  1.9591e+01
1.6517e+01  2.4324e+01
1.6524e+01  2.8167e+01
1.6530e+01  3.0604e+01
1.6536e+01  3.1708e+01
1.6542e+01  3.1143e+01
1.6548e+01  2.6983e+01
1.6555e+01  2.1215e+01
1.6561e+01  1.5111e+01
1.6567e+01  1.1290e+01
1.6573e+01  9.4390e+00
1.6579e+01  8.7536e+00
1.6586e+01  8.4219e+00
1.6592e+01  8.3416e+00
1.6598e+01  8.2708e+00
1.6604e+01  8.1923e+00
1.6610e+01  8.0316e+00
1.6617e+01  8.1441e+00
1.6623e+01  8.1763e+00
1.6629e+01  8.1495e+00
1.6635e+01  8.1263e+00
1.6641e+01  8.1338e+00
1.6647e+01  8.1083e+00
1.6654e+01  8.0965e+00
1.6660e+01  8.1879e+00
1.6666e+01  8.1390e+00
1.6672e+01  8.1200e+00
1.6678e+01  8.2269e+00
1.6685e+01  8.2830e+00
1.6691e+01  8.5210e+00
1.6697e+01  9.1111e+00
1.6703e+01  1.0091e+01
1.6709e+01  1.1446e+01
1.6716e+01  1.3056e+01
1.6722e+01  1.4909e+01
1.6728e+01  1.6003e+01
1.6734e+01  1.6450e+01
1.6740e+01  1.6616e+01
1.6746e+01  1.5711e+01
1.6753e+01  1.4052e+01
1.6759e+01  1.1845e+01
1.6765e+01  9.9086e+00
1.6771e+01  8.8001e+00
1.6777e+01  8.4176e+00
1.6783e+01  8.2009e+00
1.6790e+01  8.0924e+00
1.6796e+01  8.1204e+00
1.6802e+01  8.0110e+00
1.6808e+01  7.9390e+00
1.6814e+01  7.9335e+00
1.6820e+01  8.0157e+00
1.6827e+01  7.9925e+00
1.6833e+01  7.9374e+00
1.6839e+01  7.9448e+00
1.6845e+01  8.0436e+00
1.6851e+01  7.9452e+00
1.6857e+01  7.9332e+00
1.6864e+01  8.0782e+00
1.6870e+01  8.0054e+00
1.6876e+01  7.9710e+00
1.6882e+01  8.1318e+00
1.6888e+01  8.1936e+00
1.6894e+01  8.3817e+00
1.6901e+01  8.7335e+00
1.6907e+01  9.3880e+00
1.6913e+01  1.0164e+01
1.6919e+01  1.0970e+01
1.6925e+01  1.1642e+01
1.6931e+01  1.1907e+01
1.6938e+01  1.2106e+01
1.6944e+01  1.2007e+01
1.6950e+01  1.1323e+01
1.6956e+01  1.0340e+01
1.6962e+01  9.2816e+00
1.6968e+01  8.4738e+00
1.6974e+01  8.2112e+00
1.6981e+01  8.0516e+00
1.6987e+01  7.8940e+00
1.6993e+01  7.9283e+00
1.6999e+01  7.9301e+00
1.7005e+01  7.8830e+00
1.7011e+01  7.9254e+00
1.7017e+01  7.9605e+00
1.7024e+01  7.9354e+00
1.7030e+01  8.0018e+00
1.7036e+01  7.9894e+00
1.7042e+01  8.0238e+00
1.7048e+01  7.9769e+00
1.7054e+01  7.9135e+00
1.7060e+01  7.9260e+00
1.7067e+01  7.9051e+00
1.7073e+01  7.9441e+00
1.7079e+01  8.0057e+00
1.7085e+01  8.0093e+00
1.7091e+01  8.4283e+00
1.7097e+01  8.6086e+00
1.7103e+01  9.0447e+00
1.7110e+01  9.8542e+00
1.7116e+01  1.0697e+01
1.7122e+01  1.1054e+01
1.7128e+01  1.1445e+01
1.7134e+01  1.1529e+01
1.7140e+01  1.1490e+01
1.7146e+01  1.0895e+01
1.7153e+01  9.8988e+00
1.7159e+01  9.0730e+00
1.7165e+01  8.5130e+00
1.7171e+01  8.1642e+00
1.7177e+01  8.0159e+00
1.7183e+01  7.9765e+00
1.7189e+01  7.9131e+00
1.7195e+01  7.9667e+00
1.7202e+01  7.8835e+00
1.7208e+01  8.0018e+00
1.7214e+01  7.9075e+00
1.7220e+01  7.9402e+00
1.7226e+01  7.9309e+00
1.7232e+01  7.9488e+00
1.7238e+01  7.9927e+00
1.7244e+01  7.9582e+00
1.7251e+01  7.9199e+00
1.7257e+01  7.9572e+00
1.7263e+01  8.1142e+00
1.7269e+01  8.1162e+00
1.7275e+01  8.3462e+00
1.7281e+01  8.7167e+00
1.7287e+01  9.5198e+00
1.7293e+01  1.1071e+01
1.7299e+01  1.3204e+01
1.7306e+01  1.5661e+01
1.7312e+01  1.8298e+01
1.7318e+01  2.0357e+01
1.7324e+01  2.1635e+01
1.7330e+01  2.2225e+01
1.7336e+01  2.1074e+01
1.7342e+01  1.8915e+01
1.7348e+01  1.5738e+01
1.7354e+01  1.2052e+01
1.7361e+01  9.7966e+00
1.7367e+01  8.7360e+00
1.7373e+01  8.3118e+00
1.7379e+01  7.9782e+00
1.7385e+01  8.0271e+00
1.7391e+01  7.9050e+00
1.7397e+01  7.9621e+00
1.7403e+01  7.8520e+00
1.7409e+01  7.8599e+00
1.7415e+01  7.9096e+00
1.7422e+01  8.0272e+00
1.7428e+01  7.9548e+00
1.7434e+01  7.9124e+00
1.7440e+01  7.9037e+00
1.7446e+01  7.7985e+00
1.7452e+01  7.9706e+00
1.7458e+01  7.9279e+00
1.7464e+01  7.9334e+00
1.7470e+01  8.2942e+00
1.7476e+01  8.5213e+00
1.7482e+01  9.3088e+00
1.7489e+01  1.0566e+01
1.7495e+01  1.2219e+01
1.7501e+01  1.4053e+01
1.7507e+01  1.5331e+01
1.7513e+01  1.6747e+01
1.7519e+01  1.7351e+01
1.7525e+01  1.7447e+01
1.7531e+01  1.6387e+01
1.7537e+01  1.4776e+01
1.7543e+01  1.2290e+01
1.7549e+01  1.0050e+01
1.7556e+01  8.7931e+00
1.7562e+01  8.3233e+00
1.7568e+01  8.0303e+00
1.7574e+01  7.8670e+00
1.7580e+01  7.8209e+00
1.7586e+01  7.8640e+00
1.7592e+01  7.7626e+00
1.7598e+01  7.7177e+00
1.7604e+01  7.7817e+00
1.7610e+01  7.6498e+00
1.7616e+01  7.6662e+00
1.7622e+01  7.7933e+00
1.7628e+01  7.6403e+00
1.7635e+01  7.7723e+00
1.7641e+01  7.7260e+00
1.7647e+01  7.6281e+00
1.7653e+01  7.5399e+00
1.7659e+01  7.7393e+00
1.7665e+01  7.5405e+00
1.7671e+01  7.6457e+00
1.7677e+01  7.6219e+00
1.7683e+01  7.6682e+00
1.7689e+01  7.7235e+00
1.7695e+01  7.6391e+00
1.7701e+01  7.6040e+00
1.7707e+01  7.7562e+00
1.7713e+01  7.5997e+00
1.7719e+01  7.5296e+00
1.7726e+01  7.5565e+00
1.7732e+01  7.6642e+00
1.7738e+01  7.6748e+00
1.7744e+01  7.7210e+00
1.7750e+01  7.6069e+00
1.7756e+01  7.6027e+00
1.7762e+01  7.5479e+00
1.7768e+01  7.5109e+00
1.7774e+01  7.5058e+00
1.7780e+01  7.6393e+00
1.7786e+01  7.5779e+00
1.7792e+01  7.6102e+00
1.7798e+01  7.5629e+00
1.7804e+01  7.6648e+00
1.7810e+01  7.4190e+00
1.7816e+01  7.4674e+00
1.7822e+01  7.5466e+00
1.7828e+01  7.5906e+00
1.7835e+01  7.6619e+00
1.7841e+01  7.6583e+00
1.7847e+01  7.6957e+00
1.7853e+01  7.7032e+00
1.7859e+01  7.7152e+00
1.7865e+01  7.7309e+00
1.7871e+01  8.1787e+00
1.7877e+01  8.2056e+00
1.7883e+01  8.5914e+00
1.7889e+01  8.8339e+00
1.7895e+01  8.8059e+00
1.7901e+01  8.8554e+00
1.7907e+01  8.9117e+00
1.7913e+01  8.6294e+00
1.7919e+01  8.4548e+00
1.7925e+01  8.0822e+00
1.7931e+01  7.8328e+00
1.7937e+01  7.6662e+00
1.7943e+01  7.7077e+00
1.7949e+01  7.5592e+00
1.7955e+01  7.8276e+00
1.7961e+01  7.5498e+00
1.7967e+01  7.5607e+00
1.7973e+01  7.5871e+00
1.7979e+01  7.6002e+00
1.7985e+01  7.5817e+00
1.7992e+01  7.5397e+00
1.7998e+01  7.6236e+00
1.8004e+01  7.5489e+00
1.8010e+01  7.6222e+00
1.8016e+01  7.6818e+00
1.8022e+01  7.5734e+00
1.8028e+01  7.5712e+00
1.8034e+01  7.8335e+00
1.8040e+01  8.1100e+00
1.8046e+01  8.6267e+00
1.8052e+01  9.1223e+00
1.8058e+01  1.0283e+01
1.8064e+01  1.1068e+01
1.8070e+01  1.2347e+01
1.8076e+01  1.3047e+01
1.8082e+01  1.3700e+01
1.8088e+01  1.3723e+01
1.8094e+01  1.3619e+01
1.8100e+01  1.2940e+01
1.8106e+01  1.1536e+01
1.8112e+01  9.8759e+00
1.8118e+01  9.0736e+00
1.8124e+01  8.1642e+00
1.8130e+01  7.9139e+00
1.8136e+01  7.5428e+00
1.8142e+01  7.6929e+00
1.8148e+01  7.4118e+00
1.8154e+01  7.6822e+00
1.8160e+01  7.6082e+00
1.8166e+01  7.4853e+00
1.8172e+01  7.6170e+00
1.8178e+01  7.6395e+00
1.8184e+01  7.7081e+00
1.8190e+01  7.6228e+00
1.8196e+01  7.7111e+00
1.8202e+01  7.4899e+00
1.8208e+01  7.6023e+00
1.8214e+01  7.7449e+00
1.8220e+01  7.9030e+00
1.8226e+01  8.4859e+00
1.8232e+01  9.3512e+00
1.8238e+01  1.0552e+01
1.8244e+01  1.2114e+01
1.8250e+01  1.4243e+01
1.8256e+01  1.6121e+01
1.8262e+01  1.7246e+01
1.8268e+01  1.8330e+01
1.8274e+01  1.8610e+01
1.8280e+01  1.7879e+01
1.8286e+01  1.6568e+01
1.8292e+01  1.4001e+01
1.8298e+01  1.1688e+01
1.8304e+01  9.7911e+00
1.8310e+01  8.5724e+00
1.8316e+01  7.7837e+00
1.8322e+01  8.0359e+00
1.8328e+01  7.7925e+00
1.8334e+01  7.4078e+00
1.8340e+01  7.5690e+00
1.8346e+01  7.7901e+00
1.8352e+01  7.4404e+00
1.8358e+01  7.6342e+00
1.8364e+01  7.5737e+00
1.8370e+01  7.6954e+00
1.8376e+01  7.5918e+00
1.8382e+01  7.3106e+00
1.8388e+01  7.6796e+00
1.8394e+01  7.9886e+00
1.8400e+01  7.7927e+00
1.8406e+01  7.9303e+00
1.8412e+01  8.5993e+00
1.8418e+01  9.1829e+00
1.8424e+01  9.6139e+00
1.8430e+01  1.1757e+01
1.8436e+01  1.2244e+01
1.8442e+01  1.3437e+01
1.8448e+01  1.3928e+01
1.8454e+01  1.4036e+01
1.8460e+01  1.3505e+01
1.8466e+01  1.2281e+01
1.8471e+01  1.1572e+01
1.8477e+01  1.0829e+01
1.8483e+01  9.1901e+00
1.8489e+01  8.6872e+00
1.8495e+01  8.0017e+00
1.8501e+01  7.8153e+00
1.8507e+01  7.8640e+00
1.8513e+01  7.4369e+00
1.8519e+01  7.5404e+00
1.8525e+01  7.7726e+00
1.8531e+01  7.7025e+00
1.8537e+01  7.6436e+00
1.8543e+01  7.1744e+00
1.8549e+01  7.2856e+00
1.8555e+01  7.2590e+00
1.8561e+01  7.9055e+00
1.8567e+01  7.6125e+00
1.8573e+01  7.8766e+00
1.8579e+01  7.9213e+00
1.8585e+01  7.4871e+00
1.8591e+01  8.1703e+00
1.8597e+01  8.2895e+00
1.8603e+01  8.2954e+00
1.8609e+01  8.6169e+00
1.8615e+01  9.6030e+00
1.8620e+01  1.0389e+01
1.8626e+01  1.1120e+01
1.8632e+01  1.1692e+01
1.8638e+01  1.0180e+01
1.8644e+01  1.1254e+01
1.8650e+01  1.0359e+01
1.8656e+01  9.3281e+00
1.8662e+01  0.0000e+00
1.8668e+01  0.0000e+00
1.8674e+01  0.0000e+00
1.8680e+01  0.0000e+00
1.8686e+01  0.0000e+00
1.8692e+01  0.0000e+00
1.8698e+01  0.0000e+00
1.8704e+01  0.0000e+00
1.8710e+01  0.0000e+00
1.8716e+01  0.0000e+00
1.8722e+01  0.0000e+00
1.8727e+01  0.0000e+00
1.8733e+01  0.0000e+00
1.8739e+01  0.0000e+00
1.8745e+01  0.0000e+00
1.8751e+01  0.0000e+00
1.8757e+01  0.0000e+00
1.8763e+01  0.0000e+00
1.8769e+01  0.0000e+00
1.8775e+01  0.0000e+00
1.8781e+01  0.0000e+00
1.8787e+01  0.0000e+00
1.8793e+01  0.0000e+00
1.8799e+01  0.0000e+00
1.8805e+01  0.0000e+00
1.8811e+01  0.0000e+00
1.8816e+01  0.0000e+00
1.8822e+01  0.0000e+00
1.8828e+01  0.0000e+00
1.8864e+01  0.0000e+00
