# Energy Intensity
4.770136599999999817e+03 5.278230300000000264e-02
4.776905099999999948e+03 4.609621500000000288e-02
4.789028599999999642e+03 3.432112500000000094e-02
4.800351499999999760e+03 2.400316900000000128e-02
4.810803899999999885e+03 1.558382300000000012e-02
4.821038099999999758e+03 9.224906600000000803e-03
4.831161100000000260e+03 7.298443200000000013e-03
4.841220699999999852e+03 1.629013500000000073e-02
4.851280300000000352e+03 2.263532399999999833e-02
4.861385800000000017e+03 5.324843300000000430e-04
4.871552899999999681e+03 -1.473852699999999953e-02
4.881796800000000076e+03 -1.699024600000000051e-02
4.892148299999999836e+03 -1.666685399999999831e-02
4.902619499999999789e+03 -1.579479699999999931e-02
4.912994200000000092e+03 -1.183358500000000063e-02
4.922742900000000191e+03 -6.247587100000000226e-03
4.931934500000000298e+03 -2.996530600000000058e-03
4.936313600000000406e+03 -2.462826200000000059e-03
4.936513299999999617e+03 -2.423504999999999843e-03
4.936713700000000244e+03 -2.150848999999999817e-03
4.936913599999999860e+03 -1.739225000000000059e-03
4.937113299999999981e+03 -2.156099199999999931e-03
4.937313299999999799e+03 -2.717834699999999940e-03
4.937513899999999921e+03 -2.007706499999999897e-03
4.937713800000000447e+03 -8.223107699999999921e-04
4.937912999999999556e+03 -1.109278200000000068e-05
4.938113699999999881e+03 2.111721299999999991e-04
4.938313600000000406e+03 -5.146635399999999584e-04
4.938513399999999820e+03 -1.542249000000000094e-03
4.938713399999999638e+03 -1.672529600000000061e-03
4.938913199999999961e+03 -9.264991999999999672e-04
4.939114300000000185e+03 -2.418772800000000079e-04
4.939313400000000001e+03 -4.689127599999999845e-04
4.939512800000000425e+03 -8.916488100000000009e-04
4.939714200000000346e+03 -4.622449200000000114e-04
4.939913499999999658e+03 -7.668587999999999837e-04
4.940113199999999779e+03 -1.713916000000000007e-03
4.940313699999999699e+03 -1.979837300000000019e-03
4.940513500000000022e+03 -1.591581099999999933e-03
4.940713899999999740e+03 -7.581679399999999508e-04
4.940913099999999758e+03 1.267521400000000051e-04
4.941113500000000386e+03 2.270408099999999971e-05
4.941313799999999901e+03 -5.640305800000000461e-04
4.941513399999999820e+03 -8.208678500000000456e-04
4.941713200000000143e+03 -7.915621000000000289e-04
4.941913999999999760e+03 -1.523921000000000075e-04
4.942112900000000081e+03 2.195897299999999980e-04
4.942313900000000103e+03 -3.998798800000000187e-04
4.942513500000000022e+03 -4.615152200000000038e-04
4.942713600000000042e+03 4.118333900000000262e-04
4.942913499999999658e+03 1.330159100000000063e-03
4.943113099999999577e+03 1.750388899999999947e-03
4.943313699999999699e+03 1.251232400000000045e-03
4.943513600000000224e+03 7.433732800000000460e-04
4.943713499999999840e+03 8.643998599999999947e-04
4.943913599999999860e+03 2.257700200000000140e-03
4.944113500000000386e+03 2.316439600000000203e-03
4.944313500000000204e+03 1.289205099999999899e-03
4.944513500000000022e+03 1.858649100000000012e-03
4.944713700000000244e+03 2.400754299999999838e-03
4.944913099999999758e+03 2.690170700000000213e-03
4.945113699999999881e+03 2.962327900000000149e-03
4.945313900000000103e+03 2.146014099999999942e-03
4.945513299999999617e+03 1.272287100000000018e-03
4.945713600000000042e+03 2.079050199999999890e-03
4.945913800000000265e+03 2.186091499999999986e-03
4.946113000000000284e+03 1.509015700000000074e-03
4.946313400000000001e+03 7.910622599999999737e-04
4.946513700000000426e+03 1.285868199999999975e-03
4.946713800000000447e+03 1.736099700000000084e-03
4.946912999999999556e+03 1.258275799999999944e-03
4.947113699999999881e+03 1.031377999999999896e-03
4.947313699999999699e+03 5.090124000000000124e-04
4.947513299999999617e+03 2.520291900000000223e-04
4.947713499999999840e+03 6.629343599999999769e-04
4.947913800000000265e+03 -2.969899799999999859e-04
4.948113299999999981e+03 -1.277743600000000009e-03
4.948313500000000204e+03 -1.440614399999999920e-03
4.948513799999999719e+03 -1.146286899999999923e-03
4.948713200000000143e+03 -2.878194199999999786e-04
4.948913400000000365e+03 1.616306399999999999e-04
4.949113500000000386e+03 2.096050100000000106e-04
4.949313900000000103e+03 8.879296499999999800e-04
4.949513600000000224e+03 1.842427399999999917e-03
4.949712999999999738e+03 2.070087500000000139e-03
4.949913099999999758e+03 1.902530200000000001e-03
4.950114700000000084e+03 1.902975500000000063e-03
4.950312700000000405e+03 2.390387199999999962e-03
4.950513600000000224e+03 3.155645400000000027e-03
4.950713700000000244e+03 3.045172599999999841e-03
4.950913599999999860e+03 1.636096799999999917e-03
4.951113299999999981e+03 6.241823899999999949e-04
4.951313699999999699e+03 1.059009600000000067e-03
4.951513700000000426e+03 1.440382100000000068e-03
4.951713499999999840e+03 2.191277799999999994e-03
4.951912800000000061e+03 2.621004699999999934e-03
4.952113900000000285e+03 2.929088500000000001e-03
4.952313900000000103e+03 3.319006800000000052e-03
4.952513200000000325e+03 3.359467899999999969e-03
4.952713399999999638e+03 3.198077699999999930e-03
4.952913700000000063e+03 2.162540699999999927e-03
4.953113699999999881e+03 1.491711900000000039e-03
4.953313400000000001e+03 1.961018900000000009e-03
4.953513399999999820e+03 2.548229500000000116e-03
4.953713600000000042e+03 2.591262699999999797e-03
4.953913499999999658e+03 2.985612199999999970e-03
4.954113199999999779e+03 3.635500299999999945e-03
4.954313799999999901e+03 3.922284600000000045e-03
4.954513799999999719e+03 3.786032400000000075e-03
4.954713099999999940e+03 4.123205599999999783e-03
4.954913599999999860e+03 4.744449300000000078e-03
4.955113599999999678e+03 5.791830300000000084e-03
4.955313699999999699e+03 6.402313500000000358e-03
4.955513200000000325e+03 5.730913899999999679e-03
4.955713399999999638e+03 4.350101599999999652e-03
4.955913899999999558e+03 4.388782199999999994e-03
4.956113599999999678e+03 5.988669599999999621e-03
4.956313299999999799e+03 7.001158700000000186e-03
4.956513799999999719e+03 7.161929600000000243e-03
4.956713200000000143e+03 7.775117500000000396e-03
4.956913499999999658e+03 8.403611599999999404e-03
4.957113699999999881e+03 8.939174100000000719e-03
4.957313199999999597e+03 9.826555699999999643e-03
4.957513700000000426e+03 1.112970700000000084e-02
4.957712900000000445e+03 1.114104800000000062e-02
4.957914300000000367e+03 9.904810300000000539e-03
4.958113299999999981e+03 1.019727299999999975e-02
4.958313299999999799e+03 1.116885100000000047e-02
4.958513700000000426e+03 1.165874400000000040e-02
4.958713700000000244e+03 1.065163199999999942e-02
4.958913300000000163e+03 1.025878099999999980e-02
4.959113500000000386e+03 1.131140400000000060e-02
4.959313400000000001e+03 1.266229999999999960e-02
4.959513700000000426e+03 1.293438300000000069e-02
4.959712900000000445e+03 1.265549000000000014e-02
4.959914300000000367e+03 1.326776600000000028e-02
4.960113400000000183e+03 1.445864600000000035e-02
4.960313299999999799e+03 1.517624400000000019e-02
4.960513100000000122e+03 1.513142800000000059e-02
4.960714200000000346e+03 1.462485500000000084e-02
4.960913300000000163e+03 1.463106699999999934e-02
4.961113299999999981e+03 1.526121700000000053e-02
4.961313299999999799e+03 1.585258900000000026e-02
4.961514100000000326e+03 1.496680199999999954e-02
4.961713300000000345e+03 1.438304399999999934e-02
4.961913199999999961e+03 1.527141700000000067e-02
4.962113900000000285e+03 1.593091099999999899e-02
4.962313500000000204e+03 1.568718300000000038e-02
4.962513600000000224e+03 1.546572799999999977e-02
4.962713499999999840e+03 1.631374999999999839e-02
4.962912800000000061e+03 1.728990899999999914e-02
4.963113900000000285e+03 1.807743800000000123e-02
4.963314199999999801e+03 1.917368800000000123e-02
4.963512600000000020e+03 1.871726699999999924e-02
4.963713800000000447e+03 1.876115700000000053e-02
4.963913599999999860e+03 1.994407200000000019e-02
4.964113299999999981e+03 2.037203500000000014e-02
4.964313699999999699e+03 2.150081400000000004e-02
4.964513700000000426e+03 2.356915899999999925e-02
4.964713399999999638e+03 2.537163599999999949e-02
4.964913199999999961e+03 2.824860400000000007e-02
4.965113800000000083e+03 3.233997699999999892e-02
4.965313100000000304e+03 3.664545400000000092e-02
4.965514000000000124e+03 4.173428900000000080e-02
4.965713200000000143e+03 5.026177300000000264e-02
4.965913800000000265e+03 6.348069900000000154e-02
4.966113400000000183e+03 8.019857499999999417e-02
4.966313299999999799e+03 9.717528200000000171e-02
4.966513799999999719e+03 1.090483299999999989e-01
4.966713800000000447e+03 1.134432400000000007e-01
4.966913199999999961e+03 1.099231299999999939e-01
4.967113500000000386e+03 1.005514200000000025e-01
4.967313600000000406e+03 9.086015499999999800e-02
4.967513500000000022e+03 8.745938000000000323e-02
4.967713200000000143e+03 9.178731099999999643e-02
4.967914099999999962e+03 1.027058299999999980e-01
4.968113099999999577e+03 1.173135700000000059e-01
4.968313699999999699e+03 1.322097700000000042e-01
4.968513500000000022e+03 1.465799899999999933e-01
4.968713499999999840e+03 1.591274000000000022e-01
4.968913199999999961e+03 1.694688699999999937e-01
4.969113800000000083e+03 1.800508500000000123e-01
4.969313299999999799e+03 1.898925399999999986e-01
4.969513899999999921e+03 1.980296400000000068e-01
4.969713200000000143e+03 2.025071499999999969e-01
4.969913700000000063e+03 2.004113200000000039e-01
4.970113500000000386e+03 1.923140700000000036e-01
4.970313299999999799e+03 1.817510400000000026e-01
4.970513500000000022e+03 1.716563500000000131e-01
4.970713800000000447e+03 1.641230999999999940e-01
4.970913400000000365e+03 1.617901300000000042e-01
4.971113599999999678e+03 1.648415299999999861e-01
4.971313000000000102e+03 1.709457500000000074e-01
4.971514000000000124e+03 1.798899399999999982e-01
4.971713399999999638e+03 1.890710499999999905e-01
4.971913499999999658e+03 1.960917699999999986e-01
4.972113299999999981e+03 1.997005400000000097e-01
4.972313600000000406e+03 1.993758800000000053e-01
4.972513600000000224e+03 1.958502599999999982e-01
4.972713499999999840e+03 1.908526200000000006e-01
4.972913599999999860e+03 1.849285800000000091e-01
4.973113500000000386e+03 1.784056800000000109e-01
4.973313400000000001e+03 1.712621800000000138e-01
4.973513299999999617e+03 1.657392799999999888e-01
4.973713899999999740e+03 1.631414700000000106e-01
4.973913300000000163e+03 1.621434599999999893e-01
4.974113500000000386e+03 1.615828300000000106e-01
4.974313900000000103e+03 1.631720200000000009e-01
4.974512999999999920e+03 1.673733199999999921e-01
4.974713499999999840e+03 1.747725900000000054e-01
4.974913800000000265e+03 1.851192999999999866e-01
4.975113299999999981e+03 1.966583699999999990e-01
4.975313299999999799e+03 2.096366600000000024e-01
4.975513799999999719e+03 2.242141400000000062e-01
4.975713999999999942e+03 2.408596299999999912e-01
4.975912900000000263e+03 2.593496299999999977e-01
4.976113599999999678e+03 2.774519500000000027e-01
4.976313699999999699e+03 2.955727499999999952e-01
4.976513200000000325e+03 3.161771600000000126e-01
4.976713399999999638e+03 3.385083199999999737e-01
4.976913800000000265e+03 3.603208600000000206e-01
4.977113699999999881e+03 3.812732300000000185e-01
4.977313100000000304e+03 4.019749300000000081e-01
4.977513399999999820e+03 4.221477799999999725e-01
4.977713899999999740e+03 4.417191400000000101e-01
4.977913199999999961e+03 4.590506400000000098e-01
4.978113400000000183e+03 4.715413800000000100e-01
4.978313699999999699e+03 4.804836399999999896e-01
4.978513799999999719e+03 4.886948199999999742e-01
4.978713200000000143e+03 4.963709499999999775e-01
4.978913599999999860e+03 5.051381000000000343e-01
4.979113900000000285e+03 5.168526399999999743e-01
4.979313199999999597e+03 5.326821499999999654e-01
4.979513399999999820e+03 5.539732499999999726e-01
4.979713499999999840e+03 5.810271999999999659e-01
4.979913499999999658e+03 6.131560999999999817e-01
4.980113800000000083e+03 6.492108199999999663e-01
4.980313500000000204e+03 6.872875999999999985e-01
4.980513600000000224e+03 7.260315999999999992e-01
4.980713099999999940e+03 7.656146200000000235e-01
4.980913800000000265e+03 8.037440700000000326e-01
4.981113800000000083e+03 8.403323900000000402e-01
4.981313000000000102e+03 8.757701399999999747e-01
4.981514000000000124e+03 9.107769100000000506e-01
4.981713399999999638e+03 9.478147399999999889e-01
4.981913499999999658e+03 9.876371000000000455e-01
4.982113299999999981e+03 1.029955399999999965e+00
4.982313500000000204e+03 1.074329700000000054e+00
4.982513600000000224e+03 1.120027099999999942e+00
4.982713499999999840e+03 1.166410500000000017e+00
4.982913599999999860e+03 1.212261100000000091e+00
4.983113299999999981e+03 1.256122100000000019e+00
4.983313400000000001e+03 1.298157599999999912e+00
4.983513500000000022e+03 1.337340900000000055e+00
4.983713899999999740e+03 1.372413099999999941e+00
4.983913400000000365e+03 1.403713400000000000e+00
4.984113500000000386e+03 1.430892300000000006e+00
4.984313400000000001e+03 1.455666099999999963e+00
4.984513200000000325e+03 1.475676900000000069e+00
4.984713800000000447e+03 1.485879299999999903e+00
4.984913499999999658e+03 1.487783899999999937e+00
4.985113800000000083e+03 1.483682399999999957e+00
4.985313199999999597e+03 1.474496000000000029e+00
4.985513700000000426e+03 1.461460600000000110e+00
4.985713200000000143e+03 1.446199000000000012e+00
4.985913700000000063e+03 1.430727300000000035e+00
4.986113599999999678e+03 1.416563199999999911e+00
4.986313400000000001e+03 1.403631999999999991e+00
4.986513600000000224e+03 1.391273200000000099e+00
4.986712999999999738e+03 1.381816699999999898e+00
4.986914099999999962e+03 1.374973599999999907e+00
4.987113299999999981e+03 1.369201099999999949e+00
4.987313600000000406e+03 1.364132099999999959e+00
4.987513700000000426e+03 1.359737999999999891e+00
4.987713399999999638e+03 1.355711000000000110e+00
4.987913400000000365e+03 1.352089300000000049e+00
4.988113500000000386e+03 1.349388699999999996e+00
4.988313400000000001e+03 1.347907200000000083e+00
4.988513700000000426e+03 1.346638599999999908e+00
4.988713600000000042e+03 1.344559899999999919e+00
4.988913300000000163e+03 1.342946100000000031e+00
4.989113500000000386e+03 1.340544500000000028e+00
4.989313799999999901e+03 1.337017700000000087e+00
4.989513200000000325e+03 1.333009700000000075e+00
4.989713600000000042e+03 1.327737399999999957e+00
4.989913700000000063e+03 1.322354199999999924e+00
4.990113299999999981e+03 1.317183500000000063e+00
4.990314099999999598e+03 1.312348400000000082e+00
4.990512800000000425e+03 1.308821800000000035e+00
4.990714100000000144e+03 1.306355099999999991e+00
4.990913099999999758e+03 1.304265199999999902e+00
4.991113800000000083e+03 1.303137699999999954e+00
4.991313199999999597e+03 1.303928100000000034e+00
4.991513700000000426e+03 1.306531499999999957e+00
4.991713300000000345e+03 1.310947400000000096e+00
4.991913800000000265e+03 1.315565000000000095e+00
4.992113400000000183e+03 1.320688700000000049e+00
4.992313699999999699e+03 1.326383099999999926e+00
4.992513299999999617e+03 1.330983800000000050e+00
4.992713499999999840e+03 1.333270500000000025e+00
4.992913300000000163e+03 1.335011399999999959e+00
4.993113400000000183e+03 1.336434300000000075e+00
4.993313900000000103e+03 1.336587900000000051e+00
4.993513299999999617e+03 1.334841699999999909e+00
4.993713700000000244e+03 1.331771999999999956e+00
4.993913700000000063e+03 1.329203099999999971e+00
4.994113099999999577e+03 1.326987899999999998e+00
4.994313799999999901e+03 1.325038600000000066e+00
4.994513399999999820e+03 1.325109700000000057e+00
4.994713399999999638e+03 1.326425200000000082e+00
4.994913599999999860e+03 1.328084199999999937e+00
4.995113599999999678e+03 1.331129599999999913e+00
4.995313299999999799e+03 1.335528599999999955e+00
4.995513600000000224e+03 1.339657000000000098e+00
4.995713899999999740e+03 1.344633600000000095e+00
4.995913300000000163e+03 1.350959599999999927e+00
4.996113099999999577e+03 1.356786100000000106e+00
4.996313500000000204e+03 1.361560099999999940e+00
4.996514000000000124e+03 1.366309800000000019e+00
4.996713499999999840e+03 1.371393300000000037e+00
4.996913499999999658e+03 1.375492200000000054e+00
4.997113599999999678e+03 1.378439299999999923e+00
4.997313000000000102e+03 1.381823299999999977e+00
4.997513899999999921e+03 1.385619799999999957e+00
4.997713200000000143e+03 1.389361099999999904e+00
4.997913999999999760e+03 1.392122800000000105e+00
4.998113099999999577e+03 1.393518699999999999e+00
4.998313500000000204e+03 1.393384399999999967e+00
4.998513799999999719e+03 1.392769700000000110e+00
4.998713300000000345e+03 1.392767300000000041e+00
4.998913400000000365e+03 1.393929699999999938e+00
4.999113500000000386e+03 1.395331400000000110e+00
4.999313600000000406e+03 1.396036599999999961e+00
4.999513600000000224e+03 1.397148899999999916e+00
4.999713700000000244e+03 1.399826199999999909e+00
4.999913300000000163e+03 1.402309800000000051e+00
5.000113500000000386e+03 1.404363500000000098e+00
5.000313600000000406e+03 1.406172800000000001e+00
5.000513500000000022e+03 1.408567700000000089e+00
5.000713999999999942e+03 1.410976800000000031e+00
5.000912900000000263e+03 1.413382600000000044e+00
5.001113400000000183e+03 1.414867799999999898e+00
5.001314000000000306e+03 1.415470900000000087e+00
5.001513399999999820e+03 1.415784300000000107e+00
5.001713899999999740e+03 1.414563199999999910e+00
5.001913099999999758e+03 1.411127500000000090e+00
5.002113400000000183e+03 1.406924099999999900e+00
5.002313500000000204e+03 1.401913200000000082e+00
5.002513500000000022e+03 1.396783099999999944e+00
5.002713399999999638e+03 1.389994399999999963e+00
5.002913999999999760e+03 1.381711099999999970e+00
5.003113400000000183e+03 1.373109499999999983e+00
5.003313299999999799e+03 1.363803700000000063e+00
5.003513700000000426e+03 1.354645000000000099e+00
5.003713399999999638e+03 1.344892999999999894e+00
5.003913400000000365e+03 1.334611599999999898e+00
5.004113400000000183e+03 1.323829799999999945e+00
5.004313799999999901e+03 1.312781500000000046e+00
5.004513899999999921e+03 1.303305099999999994e+00
5.004712499999999636e+03 1.293676300000000001e+00
5.004913899999999558e+03 1.282749600000000045e+00
5.005113999999999578e+03 1.272710199999999903e+00
5.005313100000000304e+03 1.263023699999999971e+00
5.005513500000000022e+03 1.253066900000000095e+00
5.005713499999999840e+03 1.242591800000000024e+00
5.005913400000000365e+03 1.231554899999999897e+00
5.006113699999999881e+03 1.220957300000000023e+00
5.006313500000000204e+03 1.211502800000000102e+00
5.006513700000000426e+03 1.203640899999999903e+00
5.006713099999999940e+03 1.196870600000000007e+00
5.006913899999999558e+03 1.189762500000000056e+00
5.007113500000000386e+03 1.182133799999999901e+00
5.007313799999999901e+03 1.174468800000000090e+00
5.007512999999999920e+03 1.167466300000000068e+00
5.007713499999999840e+03 1.160948000000000091e+00
5.007913599999999860e+03 1.154476899999999917e+00
5.008113599999999678e+03 1.146884199999999909e+00
5.008313600000000406e+03 1.139180499999999929e+00
5.008513600000000224e+03 1.131432100000000052e+00
5.008713099999999940e+03 1.122779200000000088e+00
5.008913599999999860e+03 1.114322299999999988e+00
5.009113999999999578e+03 1.105911300000000042e+00
5.009313199999999597e+03 1.097981499999999944e+00
5.009513200000000325e+03 1.089929300000000101e+00
5.009713600000000042e+03 1.081141499999999978e+00
5.009913800000000265e+03 1.072375999999999996e+00
5.010113099999999577e+03 1.062917499999999960e+00
5.010314000000000306e+03 1.054280899999999965e+00
5.010513100000000122e+03 1.048024899999999926e+00
5.010713600000000042e+03 1.042260699999999929e+00
5.010913599999999860e+03 1.036638299999999902e+00
5.011113699999999881e+03 1.032258899999999979e+00
5.011313299999999799e+03 1.028304000000000107e+00
5.011513700000000426e+03 1.023935599999999946e+00
5.011713200000000143e+03 1.020898099999999920e+00
5.011913700000000063e+03 1.018725799999999904e+00
5.012113099999999577e+03 1.016295799999999971e+00
5.012313900000000103e+03 1.013370199999999999e+00
5.012513799999999719e+03 1.011226600000000087e+00
5.012713099999999940e+03 1.011361799999999977e+00
5.012913899999999558e+03 1.012341099999999994e+00
5.013113099999999577e+03 1.012461700000000020e+00
5.013313799999999901e+03 1.011734200000000028e+00
5.013512899999999718e+03 1.011568999999999940e+00
5.013714100000000144e+03 1.011975800000000092e+00
5.013913599999999860e+03 1.011865199999999909e+00
5.014113299999999981e+03 1.011850600000000044e+00
5.014313199999999597e+03 1.011799300000000068e+00
5.014513899999999921e+03 1.012073999999999918e+00
5.014713200000000143e+03 1.013606800000000030e+00
5.014913599999999860e+03 1.014696100000000101e+00
5.015113800000000083e+03 1.015145799999999987e+00
5.015313600000000406e+03 1.015282599999999924e+00
5.015512999999999920e+03 1.015293599999999907e+00
5.015713399999999638e+03 1.016070999999999946e+00
5.015914300000000367e+03 1.016122699999999934e+00
5.016113099999999577e+03 1.015463000000000005e+00
5.016313299999999799e+03 1.014874499999999902e+00
5.016513799999999719e+03 1.015756300000000056e+00
5.016713800000000447e+03 1.017432200000000009e+00
5.016913199999999961e+03 1.018011900000000081e+00
5.017113299999999981e+03 1.018476900000000018e+00
5.017313299999999799e+03 1.018485300000000038e+00
5.017513799999999719e+03 1.016810699999999956e+00
5.017713399999999638e+03 1.015640000000000098e+00
5.017913599999999860e+03 1.014359100000000069e+00
5.018113199999999779e+03 1.012510599999999927e+00
5.018313600000000406e+03 1.011500000000000066e+00
5.018513799999999719e+03 1.010843500000000006e+00
5.018713499999999840e+03 1.010039600000000037e+00
5.018913300000000163e+03 1.008277899999999949e+00
5.019113599999999678e+03 1.006005599999999944e+00
5.019313600000000406e+03 1.003732599999999975e+00
5.019513500000000022e+03 1.001921599999999968e+00
5.019713499999999840e+03 1.000504099999999896e+00
5.019913700000000063e+03 9.987661899999999982e-01
5.020113299999999981e+03 9.970796600000000343e-01
5.020313500000000204e+03 9.959679999999999644e-01
5.020513899999999921e+03 9.940803700000000465e-01
5.020712900000000445e+03 9.927001899999999823e-01
5.020913599999999860e+03 9.917436800000000163e-01
5.021114099999999780e+03 9.893686299999999711e-01
5.021313100000000304e+03 9.874575899999999962e-01
5.021513500000000022e+03 9.871292699999999476e-01
5.021713399999999638e+03 9.873935400000000140e-01
5.021913999999999760e+03 9.877052699999999685e-01
5.022113099999999577e+03 9.879090099999999763e-01
5.022313900000000103e+03 9.881084700000000165e-01
5.022512999999999920e+03 9.883924299999999885e-01
5.022713899999999740e+03 9.888168600000000197e-01
5.022913400000000365e+03 9.888953099999999719e-01
5.023113400000000183e+03 9.884920299999999660e-01
5.023313600000000406e+03 9.888187400000000293e-01
5.023513600000000224e+03 9.894169099999999828e-01
5.023713200000000143e+03 9.901161000000000545e-01
5.023913800000000265e+03 9.902285800000000249e-01
5.024113599999999678e+03 9.906097699999999451e-01
5.024313500000000204e+03 9.909284299999999712e-01
5.024512999999999920e+03 9.915182099999999554e-01
5.024713999999999942e+03 9.921966700000000028e-01
5.024913300000000163e+03 9.924444599999999728e-01
5.025113199999999779e+03 9.926137200000000327e-01
5.025314000000000306e+03 9.939222800000000468e-01
5.025514000000000124e+03 9.947531800000000146e-01
5.025712999999999738e+03 9.942575000000000163e-01
5.026684599999999591e+03 9.996082800000000157e-01
5.028441700000000310e+03 1.007088200000000100e+00
5.030226399999999558e+03 1.011960299999999924e+00
5.032038899999999558e+03 1.013729000000000102e+00
5.033879600000000210e+03 1.013704600000000067e+00
5.035748899999999594e+03 1.014122299999999921e+00
5.037647799999999734e+03 1.020322600000000079e+00
5.039577100000000428e+03 1.033985099999999990e+00
5.041537699999999859e+03 1.045985900000000024e+00
5.043530099999999948e+03 1.050870900000000052e+00
5.045554399999999987e+03 1.053244400000000081e+00
5.047610800000000381e+03 1.055276399999999892e+00
5.049698800000000119e+03 1.056835600000000097e+00
5.051818199999999706e+03 1.060913900000000076e+00
5.053968899999999849e+03 1.069673000000000096e+00
5.056150400000000445e+03 1.080179599999999907e+00
5.058362500000000182e+03 1.087198099999999945e+00
5.060604999999999563e+03 1.087938700000000036e+00
5.062877900000000409e+03 1.083910300000000104e+00
5.065180800000000090e+03 1.077288199999999918e+00
5.067513899999999921e+03 1.066803100000000004e+00
5.069877099999999700e+03 1.052500599999999897e+00
5.072270400000000336e+03 1.039747299999999930e+00
5.074693400000000111e+03 1.032437899999999908e+00
5.077146399999999630e+03 1.029276700000000044e+00
5.079629799999999705e+03 1.028427800000000003e+00
5.082142899999999827e+03 1.024674099999999921e+00
5.084685699999999997e+03 1.013391500000000001e+00
5.087258600000000115e+03 9.962563500000000127e-01
5.089861700000000383e+03 9.796972400000000247e-01
5.092494700000000194e+03 9.682108000000000381e-01
5.095157500000000255e+03 9.616712800000000172e-01
5.097850199999999859e+03 9.600744900000000026e-01
5.100573199999999815e+03 9.607930500000000373e-01
5.103326000000000022e+03 9.604519500000000543e-01
5.106108699999999772e+03 9.565459899999999571e-01
5.108921500000000378e+03 9.511013799999999963e-01
5.111764299999999821e+03 9.498037299999999572e-01
5.114637099999999919e+03 9.525567499999999521e-01
5.117539600000000064e+03 9.564270200000000166e-01
5.120472600000000057e+03 9.627827300000000310e-01
5.123435300000000097e+03 9.702883900000000006e-01
5.126427999999999884e+03 9.787985099999999550e-01
5.129450700000000325e+03 9.888202299999999667e-01
5.132503399999999601e+03 1.000352399999999919e+00
5.135586500000000342e+03 1.011529399999999912e+00
5.138699099999999817e+03 1.020291300000000012e+00
5.141841800000000148e+03 1.026025200000000082e+00
5.145014799999999923e+03 1.026766599999999974e+00
5.148217499999999745e+03 1.022538500000000017e+00
5.151450499999999920e+03 1.014776099999999959e+00
5.154713399999999638e+03 1.004907500000000065e+00
5.158006300000000010e+03 9.951024299999999823e-01
5.161329200000000128e+03 9.873421900000000084e-01
5.164682200000000194e+03 9.826290500000000039e-01
5.168064999999999600e+03 9.814015000000000377e-01
5.171478600000000370e+03 9.826669399999999888e-01
5.174921400000000176e+03 9.834732099999999866e-01
5.178394000000000233e+03 9.858086099999999741e-01
5.181897500000000036e+03 9.899915400000000032e-01
5.185430800000000090e+03 9.941759999999999486e-01
5.188993800000000192e+03 9.962904599999999888e-01
5.192586800000000039e+03 9.952144899999999517e-01
5.196210299999999734e+03 9.938942800000000188e-01
5.199863599999999678e+03 9.919681999999999666e-01
5.203546999999999571e+03 9.895041999999999449e-01
5.207260000000000218e+03 9.889183799999999858e-01
5.211003600000000006e+03 9.900664000000000131e-01
5.214777000000000044e+03 9.912098000000000297e-01
5.218580299999999625e+03 9.902044700000000033e-01
5.222413999999999760e+03 9.860619499999999649e-01
5.226277500000000146e+03 9.835368100000000391e-01
5.230170799999999872e+03 9.826231199999999610e-01
5.234094399999999951e+03 9.830308700000000011e-01
5.238048700000000281e+03 9.853534400000000248e-01
5.242031899999999951e+03 9.888993499999999548e-01
5.246045399999999972e+03 9.936998200000000114e-01
5.250089500000000044e+03 9.997073300000000051e-01
5.254163099999999758e+03 1.004291299999999998e+00
5.258266999999999825e+03 1.006102199999999947e+00
5.262400899999999638e+03 1.007720799999999972e+00
5.266564900000000307e+03 1.010545900000000108e+00
5.270758799999999610e+03 1.013026900000000063e+00
5.274982799999999770e+03 1.015709100000000031e+00
5.279236499999999978e+03 1.015342699999999931e+00
5.283520800000000236e+03 1.010896900000000098e+00
5.287835000000000036e+03 1.008268699999999907e+00
5.292179399999999987e+03 1.007355299999999954e+00
5.296553600000000188e+03 1.008056599999999969e+00
5.300957500000000437e+03 1.008419799999999977e+00
5.305391700000000128e+03 1.006931400000000032e+00
5.309856300000000374e+03 1.005905999999999967e+00
5.314350599999999758e+03 1.005176599999999976e+00
5.318875000000000000e+03 1.002942000000000000e+00
5.323429399999999987e+03 1.000648800000000005e+00
5.328013799999999719e+03 1.000027599999999905e+00
5.332628600000000006e+03 1.001448499999999964e+00
5.337272799999999734e+03 1.002667999999999893e+00
5.341947600000000421e+03 1.001246099999999917e+00
5.346652500000000146e+03 1.000380300000000000e+00
5.351386700000000019e+03 1.001764400000000110e+00
5.356151600000000144e+03 1.005391099999999982e+00
5.360946600000000217e+03 1.007074900000000106e+00
5.365770900000000438e+03 1.007956999999999992e+00
5.370626100000000406e+03 1.009051099999999979e+00
5.375511000000000422e+03 1.007537300000000080e+00
5.380425699999999779e+03 1.005410899999999996e+00
5.385371000000000095e+03 1.005017499999999897e+00
5.390345500000000357e+03 1.003815600000000030e+00
5.395350400000000263e+03 1.002585099999999896e+00
5.400386099999999715e+03 1.002779899999999946e+00
5.405450799999999617e+03 1.004193099999999950e+00
5.410545699999999670e+03 1.005126200000000081e+00
5.415671199999999772e+03 1.005230300000000021e+00
5.420826200000000426e+03 1.004869900000000094e+00
5.426011099999999715e+03 1.003822299999999945e+00
5.431226700000000164e+03 1.003900100000000073e+00
5.436471800000000258e+03 1.005222499999999908e+00
5.441747299999999996e+03 1.005218799999999968e+00
5.447052399999999579e+03 1.004084399999999988e+00
5.452387700000000223e+03 1.003677399999999942e+00
5.457753099999999904e+03 1.004724399999999962e+00
5.463148299999999836e+03 1.005973699999999971e+00
5.468573300000000017e+03 1.005111599999999994e+00
5.474029700000000048e+03 1.001902099999999907e+00
5.479515000000000327e+03 9.972657499999999509e-01
5.485029599999999846e+03 9.949893800000000343e-01
5.490575100000000020e+03 9.940335799999999722e-01
5.496150700000000143e+03 9.910268199999999750e-01
5.501756300000000010e+03 9.889105099999999648e-01
5.507391800000000330e+03 9.895899000000000223e-01
5.513057099999999991e+03 9.922015499999999877e-01
5.518752499999999600e+03 9.955265800000000498e-01
5.524478600000000370e+03 9.981669199999999575e-01
5.530234099999999671e+03 9.991259399999999902e-01
5.536020000000000437e+03 9.980499499999999635e-01
5.541836000000000240e+03 9.970189699999999489e-01
5.547681599999999889e+03 9.965911899999999601e-01
5.553558100000000195e+03 9.963616800000000273e-01
5.559464299999999639e+03 9.972391600000000134e-01
5.565400400000000445e+03 9.983253399999999500e-01
5.571367400000000089e+03 9.990461200000000375e-01
5.577363800000000083e+03 9.996881600000000478e-01
5.583390300000000025e+03 9.987911200000000322e-01
5.589447000000000116e+03 9.974954000000000320e-01
5.595533999999999651e+03 9.969100800000000318e-01
5.601651100000000042e+03 9.961263599999999885e-01
5.607798300000000381e+03 9.953218999999999816e-01
5.613975499999999556e+03 9.951750000000000318e-01
5.620182700000000295e+03 9.962064699999999551e-01
5.626420399999999972e+03 9.960064499999999876e-01
5.632688799999999901e+03 9.947505700000000006e-01
5.638985899999999674e+03 9.930304800000000487e-01
5.645313699999999699e+03 9.920773899999999479e-01
5.651672300000000178e+03 9.933082199999999640e-01
5.658060599999999795e+03 9.955800799999999784e-01
5.664479000000000269e+03 9.978643099999999766e-01
5.670927800000000389e+03 9.993305000000000105e-01
5.677406500000000051e+03 9.996423599999999521e-01
5.683915500000000065e+03 9.984978799999999488e-01
5.690454899999999725e+03 9.967221099999999945e-01
5.697024400000000242e+03 9.958168600000000259e-01
5.703624200000000201e+03 9.974018500000000342e-01
5.710254100000000108e+03 1.000548900000000074e+00
5.716914399999999659e+03 1.003514500000000087e+00
5.723605099999999766e+03 1.002896500000000080e+00
5.730326200000000426e+03 1.001821499999999920e+00
5.737077000000000226e+03 1.001571400000000001e+00
5.743858799999999974e+03 1.001049199999999972e+00
5.750671000000000276e+03 1.001249300000000009e+00
5.757513500000000022e+03 1.002171900000000004e+00
5.764386499999999614e+03 1.003823300000000085e+00
5.771290200000000368e+03 1.004770600000000069e+00
5.778224500000000262e+03 1.004365200000000069e+00
5.785189500000000407e+03 1.004105599999999932e+00
5.792185300000000097e+03 1.003638199999999925e+00
5.799212300000000141e+03 1.000827499999999981e+00
5.806270099999999729e+03 9.999503299999999983e-01
5.813359800000000178e+03 1.001401399999999997e+00
5.820480899999999565e+03 1.001558799999999971e+00
5.827633200000000215e+03 1.002599500000000088e+00
5.834818299999999908e+03 1.004408299999999921e+00
5.842036299999999756e+03 1.004488300000000001e+00
5.849287500000000364e+03 1.002689500000000011e+00
5.856573300000000017e+03 1.000807900000000084e+00
5.863894800000000032e+03 9.998684500000000197e-01
5.871254200000000310e+03 9.988715599999999917e-01
5.878654499999999643e+03 9.970285199999999737e-01
5.886100400000000263e+03 9.955027400000000526e-01
5.893600199999999859e+03 9.948114799999999702e-01
5.901170799999999872e+03 9.928145999999999916e-01
5.908849799999999959e+03 9.901999000000000217e-01
5.916786500000000160e+03 9.921950499999999673e-01
5.925714700000000448e+03 1.011382599999999909e+00
5.934227100000000064e+03 9.937099600000000033e-01
