# # xx                                                           FEFF 9.9.1  
# # POT  SCF 100  5.6000   0, screened core-hole, AFOLP (folp(0)= 1.150)
# # Abs   Z= 8 Rmt= 0.991 Rnm= 1.031 K  shell
# # Pot 1 Z=29 Rmt= 1.121 Rnm= 1.171
# # Pot 2 Z=57 Rmt= 1.393 Rnm= 1.554
# # Pot 3 Z= 8 Rmt= 0.838 Rnm= 1.004
# # Gam_ch=1.559E-01 H-L exch Vi= 0.000E+00 Vr= 0.000E+00
# # Mu=-9.857E+00eV kf=2.418E+00 Vint=-2.498E+01eV Rs_int= 1.500
# FMS rfms= 7.1000
# # PATH  Rmax= 0.100,  Keep_limit= 0.00, Heap_limit 0.00  Pwcrit= 2.50%
#  S02=1.000  Temp=   0.00  Debye_temp=   0.00  Global_sig2= 0.00000
#  Energy zero shift, vr, vi    0.00000E+00   0.00000E+00
#  Curved wave amplitude ratio filter   4.000%
#     file         sig2 tot  cw amp ratio   deg  nlegs   reff  inp sig2
#     0/   0 paths used
#  xsedge+ 50, used to normalize mu           4.7243E-03
#  -----------------------------------------------------------------------
#  omega    e    k    mu    mu0     chi     @#
     532.037    -13.667  -1.000  9.75906E-03  9.29594E-03  4.63115E-04
     532.761    -12.943  -0.900  1.20861E-02  1.15877E-02  4.98443E-04
     533.408    -12.295  -0.800  1.52389E-02  1.48222E-02  4.16707E-04
     533.980    -11.724  -0.700  1.96258E-02  1.95834E-02  4.23811E-05
     534.475    -11.229  -0.600  2.59406E-02  2.69810E-02 -1.04043E-03
     534.894    -10.810  -0.500  3.54684E-02  3.93317E-02 -3.86330E-03
     535.237    -10.467  -0.400  5.09351E-02  6.21167E-02 -1.11816E-02
     535.504    -10.200  -0.300  7.94374E-02  1.10696E-01 -3.12591E-02
     535.694    -10.009  -0.200  1.44359E-01  2.37134E-01 -9.27753E-02
     535.809     -9.895  -0.100  3.00368E-01  5.64666E-01 -2.64299E-01
     535.847     -9.857   0.000  4.09125E-01  7.96266E-01 -3.87141E-01
     535.947     -9.757   0.162  6.30156E-01  1.25719E+00 -6.27032E-01
     536.047     -9.657   0.229  7.20383E-01  1.40115E+00 -6.80764E-01
     536.085     -9.619   0.250  7.46250E-01  1.42762E+00 -6.81370E-01
     536.190     -9.514   0.300  7.97680E-01  1.47004E+00 -6.72359E-01
     536.314     -9.390   0.350  8.38687E-01  1.49372E+00 -6.55034E-01
     536.456     -9.247   0.400  9.13442E-01  1.50643E+00 -5.92987E-01
     536.618     -9.086   0.450  1.12734E+00  1.51228E+00 -3.84936E-01
     536.799     -8.905   0.500  1.64819E+00  1.51358E+00  1.34616E-01
     536.999     -8.705   0.550  2.26398E+00  1.51167E+00  7.52313E-01
     537.218     -8.485   0.600  2.77586E+00  1.50744E+00  1.26841E+00
     537.457     -8.247   0.650  2.30548E+00  1.50146E+00  8.04019E-01
     537.714     -7.990   0.700  1.49913E+00  1.49413E+00  5.00066E-03
     537.990     -7.714   0.750  1.36613E+00  1.48577E+00 -1.19640E-01
     538.285     -7.419   0.800  2.00423E+00  1.47658E+00  5.27653E-01
     538.600     -7.104   0.850  2.53056E+00  1.46675E+00  1.06382E+00
     538.933     -6.771   0.900  2.56380E+00  1.45643E+00  1.10737E+00
     539.285     -6.419   0.950  2.24779E+00  1.44573E+00  8.02065E-01
     539.657     -6.047   1.000  1.82620E+00  1.43475E+00  3.91450E-01
     540.047     -5.657   1.050  1.41869E+00  1.42358E+00 -4.89093E-03
     540.457     -5.247   1.100  1.37916E+00  1.41229E+00 -3.31287E-02
     540.886     -4.818   1.150  1.74651E+00  1.40096E+00  3.45551E-01
     541.333     -4.371   1.200  1.80847E+00  1.38961E+00  4.18852E-01
     541.800     -3.904   1.250  1.65442E+00  1.37833E+00  2.76083E-01
     542.286     -3.418   1.300  1.58985E+00  1.36713E+00  2.22720E-01
     542.791     -2.913   1.350  1.53284E+00  1.35605E+00  1.76792E-01
     543.314     -2.389   1.400  1.42239E+00  1.34514E+00  7.72499E-02
     543.857     -1.847   1.450  1.33885E+00  1.33437E+00  4.48195E-03
     544.419     -1.285   1.500  1.27158E+00  1.32382E+00 -5.22360E-02
     545.000     -0.704   1.550  1.23461E+00  1.31346E+00 -7.88556E-02
     545.600     -0.104   1.600  1.27923E+00  1.30332E+00 -2.40924E-02
     546.219      0.516   1.650  1.46158E+00  1.29340E+00  1.68179E-01
     546.858      1.154   1.700  1.75314E+00  1.28371E+00  4.69430E-01
     547.515      1.811   1.750  2.10878E+00  1.27425E+00  8.34526E-01
     548.191      2.487   1.800  2.39965E+00  1.26501E+00  1.13464E+00
     548.886      3.183   1.850  1.99173E+00  1.25600E+00  7.35730E-01
     549.601      3.897   1.900  1.46196E+00  1.24722E+00  2.14744E-01
     550.334      4.630   1.950  1.15445E+00  1.23865E+00 -8.42034E-02
     551.087      5.383   2.000  9.50623E-01  1.23028E+00 -2.79661E-01
     551.858      6.154   2.050  8.17960E-01  1.22213E+00 -4.04167E-01
     552.649      6.945   2.100  7.80518E-01  1.21415E+00 -4.33631E-01
     553.458      7.755   2.150  8.24280E-01  1.20635E+00 -3.82067E-01
     554.287      8.583   2.200  8.80047E-01  1.19870E+00 -3.18655E-01
     555.135      9.431   2.250  8.80092E-01  1.19121E+00 -3.11122E-01
     556.002     10.298   2.300  8.33781E-01  1.18386E+00 -3.50083E-01
     556.887     11.184   2.350  8.06628E-01  1.17663E+00 -3.70005E-01
     557.792     12.088   2.400  8.05480E-01  1.16952E+00 -3.64039E-01
     558.716     13.012   2.450  8.18924E-01  1.16250E+00 -3.43577E-01
     559.659     13.955   2.500  8.43138E-01  1.15556E+00 -3.12425E-01
     560.621     14.917   2.550  8.60020E-01  1.14870E+00 -2.88681E-01
     561.602     15.898   2.600  8.85035E-01  1.14190E+00 -2.56862E-01
     562.602     16.899   2.650  9.70688E-01  1.13513E+00 -1.64442E-01
     563.622     17.918   2.700  1.09710E+00  1.12840E+00 -3.12960E-02
     564.660     18.956   2.750  1.17944E+00  1.12168E+00  5.77578E-02
     565.717     20.013   2.800  1.23961E+00  1.11498E+00  1.24625E-01
     566.793     21.090   2.850  1.29983E+00  1.10828E+00  1.91546E-01
     567.889     22.185   2.900  1.34695E+00  1.10157E+00  2.45378E-01
     569.003     23.299   2.950  1.37110E+00  1.09482E+00  2.76278E-01
     570.137     24.433   3.000  1.37009E+00  1.08806E+00  2.82023E-01
     571.289     25.585   3.050  1.34631E+00  1.08124E+00  2.65067E-01
     572.461     26.757   3.100  1.30433E+00  1.07440E+00  2.29937E-01
     573.651     27.948   3.150  1.25109E+00  1.06748E+00  1.83610E-01
     574.861     29.157   3.200  1.19382E+00  1.06053E+00  1.33293E-01
     576.090     30.386   3.250  1.13993E+00  1.05350E+00  8.64241E-02
     577.338     31.634   3.300  1.09496E+00  1.04642E+00  4.85394E-02
     578.604     32.900   3.350  1.06075E+00  1.03928E+00  2.14668E-02
     579.890     34.186   3.400  1.03519E+00  1.03206E+00  3.13009E-03
     581.195     35.491   3.450  1.01372E+00  1.02478E+00 -1.10569E-02
     582.519     36.815   3.500  9.91834E-01  1.01743E+00 -2.55975E-02
     583.862     38.158   3.550  9.67428E-01  1.01000E+00 -4.25721E-02
     585.224     39.520   3.600  9.41075E-01  1.00252E+00 -6.14484E-02
     586.605     40.901   3.650  9.14676E-01  9.94986E-01 -8.03093E-02
     588.005     42.302   3.700  8.90180E-01  9.87404E-01 -9.72234E-02
     589.425     43.721   3.750  8.69212E-01  9.79744E-01 -1.10532E-01
     590.863     45.159   3.800  8.52916E-01  9.72062E-01 -1.19147E-01
     592.320     46.616   3.850  8.42351E-01  9.64345E-01 -1.21994E-01
     593.797     48.093   3.900  8.38072E-01  9.56581E-01 -1.18509E-01
     595.292     49.588   3.950  8.39879E-01  9.48847E-01 -1.08969E-01
     596.807     51.103   4.000  8.46966E-01  9.41235E-01 -9.42694E-02
