nat, nph =   268    3
    1    2    4    7
 iat     x       y        z       iph  
 -----------------------------------------------------------------------
   1      0.00000      0.00000      0.00000   0   1
   2     -1.32832     -1.33750      0.06908   1   1
   3      1.34668      1.33750      0.06908   1   1
   4      1.16374     -1.37441     -1.30745   2   1
   5     -1.14538      1.30059      1.44561   2   1
   6     -1.51126      1.37441     -1.30745   2   1
   7     -1.08718     -1.14704      1.88347   3   1
   8      1.52963     -1.30059      1.44561   2   1
   9      1.10554      1.52796     -1.74531   3   1
  10      2.67500      0.00000      0.00000   3   1
  11     -2.67500      0.00000      0.00000   3   1
  12      0.01836      2.67500      0.13816   3   1
  13      0.01836     -2.67500      0.13816   3   1
  14      1.58782      1.14704      1.88347   3   1
  15     -1.56946     -1.52796     -1.74531   3   1
  16      0.92922     -1.14704     -3.07199   3   1
  17     -0.91086      1.52796      3.21015   3   1
  18     -1.74578      1.14704     -3.07199   3   1
  19     -2.65664      2.67500      0.13816   3   1
  20     -2.65664     -2.67500      0.13816   3   1
  21      2.69336      2.67500      0.13816   3   1
  22      2.69336     -2.67500      0.13816   3   1
  23      0.87103      1.30059     -3.50985   2   1
  24      1.76414     -1.52796      3.21015   3   1
  25     -0.85267     -1.37441      3.64801   2   1
  26     -1.80397     -1.30059     -3.50985   2   1
  27     -4.00332      1.33750      0.06908   1   1
  28     -1.32832      4.01250      0.06908   1   1
  29      1.34668     -4.01250      0.06908   1   1
  30      4.02168     -1.33750      0.06908   1   1
  31      3.83874      1.37441     -1.30745   2   1
  32     -3.82037     -1.30059      1.44561   2   1
  33      1.82233      1.37441      3.64801   2   1
  34      1.16374      3.97559     -1.30745   2   1
  35      1.10554     -3.82204     -1.74531   3   1
  36     -3.76218      1.14704      1.88347   3   1
  37      3.78054     -1.52796     -1.74531   3   1
  38     -1.51126     -3.97559     -1.30745   2   1
  39     -1.14538     -4.04941      1.44561   2   1
  40     -1.56946      3.82204     -1.74531   3   1
  41      1.52963      4.04941      1.44561   2   1
  42     -4.18626     -1.37441     -1.30745   2   1
  43      4.20463      1.30059      1.44561   2   1
  44     -1.08718      4.20296      1.88347   3   1
  45      4.26282     -1.14704      1.88347   3   1
  46     -4.24446      1.52796     -1.74531   3   1
  47      1.58782     -4.20296      1.88347   3   1
  48      3.60423      1.14704     -3.07199   3   1
  49      0.65859      0.00000      4.95546   3   1
  50     -0.65859      0.00000     -4.95546   3   1
  51     -3.58586     -1.52796      3.21015   3   1
  52     -0.91086     -3.82204      3.21015   3   1
  53      0.68809     -1.33750     -4.88638   1   1
  54      3.54603     -1.30059     -3.50985   2   1
  55     -3.52767      1.37441      3.64801   2   1
  56      0.92922      4.20296     -3.07199   3   1
  57      1.76414      3.82204      3.21015   3   1
  58      5.35000      0.00000      0.00000   3   1
  59     -5.35000      0.00000      0.00000   3   1
  60      0.00000      5.35000      0.00000   3   1
  61      0.00000     -5.35000      0.00000   3   1
  62     -2.01641      0.00000      4.95546   3   1
  63      2.01641      0.00000     -4.95546   3   1
  64      0.87103     -4.04941     -3.50985   2   1
  65     -1.98691      1.33750     -4.88638   1   1
  66     -0.85267      3.97559      3.64801   2   1
  67     -1.74578     -4.20296     -3.07199   3   1
  68     -4.42077     -1.14704     -3.07199   3   1
  69     -0.64023      2.67500     -4.81730   3   1
  70     -0.64023     -2.67500     -4.81730   3   1
  71      3.78054      3.82204     -1.74531   3   1
  72     -1.80397      4.04941     -3.50985   2   1
  73     -4.00332     -4.01250      0.06908   1   1
  74      3.83874     -3.97559     -1.30745   2   1
  75      4.02168      4.01250      0.06908   1   1
  76      4.43914      1.52796      3.21015   3   1
  77      1.82233     -3.97559      3.64801   2   1
  78     -3.82037      4.04941      1.44561   2   1
  79     -4.47897      1.30059     -3.50985   2   1
  80      2.03477      2.67500     -4.81730   3   1
  81      2.03477     -2.67500     -4.81730   3   1
  82     -4.18626      3.97559     -1.30745   2   1
  83     -3.76218     -4.20296      1.88347   3   1
  84      4.49733     -1.37441      3.64801   2   1
  85     -5.33164      2.67500      0.13816   3   1
  86     -5.33164     -2.67500      0.13816   3   1
  87      3.33359      0.00000      4.95546   3   1
  88     -3.33359      0.00000     -4.95546   3   1
  89     -4.24446     -3.82204     -1.74531   3   1
  90      2.67500      5.35000      0.00000   3   1
  91      2.67500     -5.35000      0.00000   3   1
  92     -2.67500      5.35000      0.00000   3   1
  93     -2.67500     -5.35000      0.00000   3   1
  94      5.36836      2.67500      0.13816   3   1
  95      5.36836     -2.67500      0.13816   3   1
  96      4.20463     -4.04941      1.44561   2   1
  97      3.36309      1.33750     -4.88638   1   1
  98     -3.58586      3.82204      3.21015   3   1
  99      4.26282      4.20296      1.88347   3   1
 100      3.60423     -4.20296     -3.07199   3   1
 101      0.68809      4.01250     -4.88638   1   1
 102      3.54603      4.04941     -3.50985   2   1
 103     -3.31523      2.67500     -4.81730   3   1
 104     -3.31523     -2.67500     -4.81730   3   1
 105      0.50514      1.37441     -6.26291   2   1
 106     -3.52767     -3.97559      3.64801   2   1
 107     -1.98691     -4.01250     -4.88638   1   1
 108      4.43914     -3.82204      3.21015   3   1
 109     -2.16986     -1.37441     -6.26291   2   1
 110     -6.49538      1.30059      1.44561   2   1
 111      6.51374     -1.37441     -1.30745   2   1
 112     -6.43718     -1.14704      1.88347   3   1
 113     -6.67832     -1.33750      0.06908   1   1
 114     -1.32832     -6.68750      0.06908   1   1
 115      1.34668      6.68750      0.06908   1   1
 116      4.69141      0.00000     -4.95546   3   1
 117     -4.69141      0.00000      4.95546   3   1
 118      6.69668      1.33750      0.06908   1   1
 119     -4.42077      4.20296     -3.07199   3   1
 120     -1.08718     -6.49704      1.88347   3   1
 121      6.45554      1.52796     -1.74531   3   1
 122     -4.66191     -1.33750     -4.88638   1   1
 123      0.44695     -1.52796     -6.70078   3   1
 124     -1.14538      6.65059      1.44561   2   1
 125      1.58782      6.49704      1.88347   3   1
 126      1.52963     -6.65059      1.44561   2   1
 127     -4.47897     -4.04941     -3.50985   2   1
 128     -1.51126      6.72441     -1.30745   2   1
 129      4.49733      3.97559      3.64801   2   1
 130      6.27923     -1.14704     -3.07199   3   1
 131      6.87962     -1.30059      1.44561   2   1
 132      3.18014     -1.37441     -6.26291   2   1
 133      3.36309     -4.01250     -4.88638   1   1
 134      1.10554      6.87796     -1.74531   3   1
 135     -6.26086      1.52796      3.21015   3   1
 136     -2.22805      1.52796     -6.70078   3   1
 137      0.92922     -6.49704     -3.07199   3   1
 138      4.70977      2.67500     -4.81730   3   1
 139      4.70977     -2.67500     -4.81730   3   1
 140      6.22103      1.30059     -3.50985   2   1
 141      6.93782      1.14704      1.88347   3   1
 142      0.65859      5.35000      4.95546   3   1
 143      0.65859     -5.35000      4.95546   3   1
 144     -0.65859     -5.35000     -4.95546   3   1
 145     -0.65859      5.35000     -4.95546   3   1
 146     -6.20267     -1.37441      3.64801   2   1
 147     -1.74578      6.49704     -3.07199   3   1
 148      0.50514     -3.97559     -6.26291   2   1
 149      3.12195      1.52796     -6.70078   3   1
 150      5.35000      5.35000      0.00000   3   1
 151      5.35000     -5.35000      0.00000   3   1
 152     -5.35000      5.35000      0.00000   3   1
 153     -5.35000     -5.35000      0.00000   3   1
 154     -2.01641      5.35000      4.95546   3   1
 155     -2.01641     -5.35000      4.95546   3   1
 156      2.01641      5.35000     -4.95546   3   1
 157      2.01641     -5.35000     -4.95546   3   1
 158      0.87103      6.65059     -3.50985   2   1
 159     -0.91086      6.87796      3.21015   3   1
 160      6.45554     -3.82204     -1.74531   3   1
 161      0.44695      3.82204     -6.70078   3   1
 162     -2.16986      3.97559     -6.26291   2   1
 163     -1.80397     -6.65059     -3.50985   2   1
 164     -3.76218      6.49704      1.88347   3   1
 165      6.51374      3.97559     -1.30745   2   1
 166      6.00859      0.00000      4.95546   3   1
 167     -6.49538     -4.04941      1.44561   2   1
 168     -6.67832      4.01250      0.06908   1   1
 169     -4.00332      6.68750      0.06908   1   1
 170      4.02168     -6.68750      0.06908   1   1
 171     -3.82037     -6.65059      1.44561   2   1
 172      6.69668     -4.01250      0.06908   1   1
 173      3.83874      6.72441     -1.30745   2   1
 174     -4.66191      4.01250     -4.88638   1   1
 175      1.82233      6.72441      3.64801   2   1
 176      6.03809     -1.33750     -4.88638   1   1
 177     -6.43718      4.20296      1.88347   3   1
 178      7.11414     -1.52796      3.21015   3   1
 179      4.26282     -6.49704      1.88347   3   1
 180      4.20463      6.65059      1.44561   2   1
 181     -6.26086     -3.82204      3.21015   3   1
 182      3.33359      5.35000      4.95546   3   1
 183      3.33359     -5.35000      4.95546   3   1
 184     -3.33359     -5.35000     -4.95546   3   1
 185     -3.33359      5.35000     -4.95546   3   1
 186      8.02500      0.00000      0.00000   3   1
 187      0.01836      8.02500      0.13816   3   1
 188     -2.22805     -3.82204     -6.70078   3   1
 189      3.60423      6.49704     -3.07199   3   1
 190      3.18014      3.97559     -6.26291   2   1
 191      6.87962      4.04941      1.44561   2   1
 192      0.27063      1.14704     -8.02745   3   1
 193      6.27923      4.20296     -3.07199   3   1
 194      7.17233      1.37441      3.64801   2   1
 195      6.22103     -4.04941     -3.50985   2   1
 196     -6.20267      3.97559      3.64801   2   1
 197     -4.24446      6.87796     -1.74531   3   1
 198      0.68809     -6.68750     -4.88638   1   1
 199      3.54603     -6.65059     -3.50985   2   1
 200      3.12195     -3.82204     -6.70078   3   1
 201      6.93782     -4.20296      1.88347   3   1
 202     -3.52767      6.72441      3.64801   2   1
 203     -4.42077     -6.49704     -3.07199   3   1
 204     -2.65664      8.02500      0.13816   3   1
 205     -2.40437     -1.14704     -8.02745   3   1
 206      2.69336      8.02500      0.13816   3   1
 207      8.04336      2.67500      0.13816   3   1
 208      8.04336     -2.67500      0.13816   3   1
 209     -1.98691      6.68750     -4.88638   1   1
 210      0.21244     -1.30059     -8.46532   2   1
 211      2.94563     -1.14704     -8.02745   3   1
 212      4.69141      5.35000     -4.95546   3   1
 213      4.69141     -5.35000     -4.95546   3   1
 214     -4.69141     -5.35000      4.95546   3   1
 215     -4.69141      5.35000      4.95546   3   1
 216      5.85514      1.37441     -6.26291   2   1
 217      7.11414      3.82204      3.21015   3   1
 218      6.03809      4.01250     -4.88638   1   1
 219     -4.47897      6.65059     -3.50985   2   1
 220      4.43914      6.87796      3.21015   3   1
 221     -7.36641      0.00000      4.95546   3   1
 222      7.36641      0.00000     -4.95546   3   1
 223     -2.46256      1.30059     -8.46532   2   1
 224      3.36309      6.68750     -4.88638   1   1
 225      7.17233     -3.97559      3.64801   2   1
 226      5.79695     -1.52796     -6.70078   3   1
 227      2.88744      1.30059     -8.46532   2   1
 228      0.27063     -4.20296     -8.02745   3   1
 229      0.50514      6.72441     -6.26291   2   1
 230      7.38477      2.67500     -4.81730   3   1
 231      7.38477     -2.67500     -4.81730   3   1
 232     -6.43718     -6.49704      1.88347   3   1
 233     -2.40437      4.20296     -8.02745   3   1
 234     -0.64023      8.02500     -4.81730   3   1
 235      9.18874      1.37441     -1.30745   2   1
 236      0.21244      4.04941     -8.46532   2   1
 237     -6.49538      6.65059      1.44561   2   1
 238      9.13054     -1.52796     -1.74531   3   1
 239      6.00859      5.35000      4.95546   3   1
 240      6.00859     -5.35000      4.95546   3   1
 241      5.85514     -3.97559     -6.26291   2   1
 242     -6.67832     -6.68750      0.06908   1   1
 243      6.69668      6.68750      0.06908   1   1
 244     -1.56946      9.17204     -1.74531   3   1
 245      1.16374      9.32559     -1.30745   2   1
 246     -4.66191     -6.68750     -4.88638   1   1
 247      2.94563      4.20296     -8.02745   3   1
 248      8.95422      1.14704     -3.07199   3   1
 249      6.27923     -6.49704     -3.07199   3   1
 250      2.03477      8.02500     -4.81730   3   1
 251      6.45554      6.87796     -1.74531   3   1
 252     -5.33164      8.02500      0.13816   3   1
 253      8.02500      5.35000      0.00000   3   1
 254      8.02500     -5.35000      0.00000   3   1
 255      5.79695      3.82204     -6.70078   3   1
 256      8.89603     -1.30059     -3.50985   2   1
 257      5.36836      8.02500      0.13816   3   1
 258      6.87962     -6.65059      1.44561   2   1
 259      6.93782      6.49704      1.88347   3   1
 260     -2.46256     -4.04941     -8.46532   2   1
 261      6.22103      6.65059     -3.50985   2   1
 262      2.88744     -4.04941     -8.46532   2   1
 263     -6.26086      6.87796      3.21015   3   1
 264     -2.22805      6.87796     -6.70078   3   1
 265      5.62063      1.14704     -8.02745   3   1
 266      1.76414      9.17204      3.21015   3   1
 267     -3.31523      8.02500     -4.81730   3   1
 268      0.02950      1.33750     -9.84184   1   1
