 4962.000000     0.012145
 4962.250804     0.012367
 4962.501608     0.012615
 4962.752412     0.012907
 4963.003215     0.013276
 4963.254019     0.013775
 4963.504823     0.014393
 4963.755627     0.014967
 4964.006431     0.015452
 4964.257235     0.015904
 4964.508039     0.016383
 4964.758842     0.016945
 4965.009646     0.017660
 4965.260450     0.018536
 4965.511254     0.019437
 4965.762058     0.020370
 4966.012862     0.021472
 4966.263666     0.022834
 4966.514469     0.024422
 4966.765273     0.026298
 4967.016077     0.028558
 4967.266881     0.031458
 4967.517685     0.035200
 4967.768489     0.039956
 4968.019293     0.046177
 4968.270096     0.054160
 4968.520900     0.063740
 4968.771704     0.074191
 4969.022508     0.084066
 4969.273312     0.091460
 4969.524116     0.094896
 4969.774920     0.093999
 4970.025723     0.089680
 4970.276527     0.083983
 4970.527331     0.079138
 4970.778135     0.076599
 4971.028939     0.076987
 4971.279743     0.080398
 4971.530547     0.086401
 4971.781350     0.093596
 4972.032154     0.100152
 4972.282958     0.104618
 4972.533762     0.106388
 4972.784566     0.105390
 4973.035370     0.101989
 4973.286174     0.096920
 4973.536977     0.091298
 4973.787781     0.086325
 4974.038585     0.082827
 4974.289389     0.081282
 4974.540193     0.081823
 4974.790997     0.084397
 4975.041801     0.089091
 4975.292605     0.096109
 4975.543408     0.105558
 4975.794212     0.117506
 4976.045016     0.132017
 4976.295820     0.149075
 4976.546624     0.168658
 4976.797428     0.190719
 4977.048232     0.215009
 4977.299035     0.240627
 4977.549839     0.266042
 4977.800643     0.289323
 4978.051447     0.308848
 4978.302251     0.324109
 4978.553055     0.335733
 4978.803859     0.344849
 4979.054662     0.352867
 4979.305466     0.361391
 4979.556270     0.371697
 4979.807074     0.384048
 4980.057878     0.397683
 4980.308682     0.411595
 4980.559486     0.425360
 4980.810289     0.439230
 4981.061093     0.453525
 4981.311897     0.468263
 4981.562701     0.483503
 4981.813505     0.499863
 4982.064309     0.518694
 4982.315113     0.541722
 4982.565916     0.570582
 4982.816720     0.606363
 4983.067524     0.648876
 4983.318328     0.696147
 4983.569132     0.744465
 4983.819936     0.789219
 4984.070740     0.826266
 4984.321543     0.853053
 4984.572347     0.869350
 4984.823151     0.877007
 4985.073955     0.878946
 4985.324759     0.877931
 4985.575563     0.875800
 4985.826367     0.873475
 4986.077170     0.871436
 4986.327974     0.870204
 4986.578778     0.870593
 4986.829582     0.873637
 4987.080386     0.880245
 4987.331190     0.890793
 4987.581994     0.904935
 4987.832797     0.921693
 4988.083601     0.939679
 4988.334405     0.957394
 4988.585209     0.973416
 4988.836013     0.986490
 4989.086817     0.995599
 4989.337621     1.000000
 4989.588424     0.999409
 4989.839228     0.994170
 4990.090032     0.985269
 4990.340836     0.974040
 4990.591640     0.961722
 4990.842444     0.949006
 4991.093248     0.935848
 4991.344051     0.921612
 4991.594855     0.905470
 4991.845659     0.886786
 4992.096463     0.865343
 4992.347267     0.841325
 4992.598071     0.815279
 4992.848875     0.788057
 4993.099678     0.760702
 4993.350482     0.734372
 4993.601286     0.710130
 4993.852090     0.688813
 4994.102894     0.670935
 4994.353698     0.656631
 4994.604502     0.645720
 4994.855305     0.637746
 4995.106109     0.632121
 4995.356913     0.628267
 4995.607717     0.625757
 4995.858521     0.624377
 4996.109325     0.624108
 4996.360129     0.625049
 4996.610932     0.627334
 4996.861736     0.631074
 4997.112540     0.636323
 4997.363344     0.643075
 4997.614148     0.651264
 4997.864952     0.660773
 4998.115756     0.671457
 4998.366559     0.683150
 4998.617363     0.695713
 4998.868167     0.709060
 4999.118971     0.723155
 4999.369775     0.738001
 4999.620579     0.753561
 4999.871383     0.769719
 5000.122186     0.786224
 5000.372990     0.802679
 5000.623794     0.818590
 5000.874598     0.833400
 5001.125402     0.846592
 5001.376206     0.857732
 5001.627010     0.866494
 5001.877814     0.872666
 5002.128617     0.876123
 5002.379421     0.876838
 5002.630225     0.874864
 5002.881029     0.870322
 5003.131833     0.863375
 5003.382637     0.854217
 5003.633441     0.843049
 5003.884244     0.830073
 5004.135048     0.815488
 5004.385852     0.799487
 5004.636656     0.782289
 5004.887460     0.764131
 5005.138264     0.745274
 5005.389068     0.726002
 5005.639871     0.706599
 5005.890675     0.687321
 5006.141479     0.668403
 5006.392283     0.650014
 5006.643087     0.632263
 5006.893891     0.615190
 5007.144695     0.598774
 5007.395498     0.582983
 5007.646302     0.567763
 5007.897106     0.553081
 5008.147910     0.538922
 5008.398714     0.525294
 5008.649518     0.512249
 5008.900322     0.499854
 5009.151125     0.488201
 5009.401929     0.477382
 5009.652733     0.467478
 5009.903537     0.458565
 5010.154341     0.450689
 5010.405145     0.443875
 5010.655949     0.438123
 5010.906752     0.433409
 5011.157556     0.429704
 5011.408360     0.426960
 5011.659164     0.425117
 5011.909968     0.424104
 5012.160772     0.423834
 5012.411576     0.424215
 5012.662379     0.425148
 5012.913183     0.426536
 5013.163987     0.428291
 5013.414791     0.430338
 5013.665595     0.432613
 5013.916399     0.435066
 5014.167203     0.437646
 5014.418006     0.440305
 5014.668810     0.442992
 5014.919614     0.445646
 5015.170418     0.448206
 5015.421222     0.450603
 5015.672026     0.452770
 5015.922830     0.454642
 5016.173633     0.456158
 5016.424437     0.457266
 5016.675241     0.457924
 5016.926045     0.458103
 5017.176849     0.457788
 5017.427653     0.456973
 5017.678457     0.455668
 5017.929260     0.453893
 5018.180064     0.451680
 5018.430868     0.449070
 5018.681672     0.446110
 5018.932476     0.442852
 5019.183280     0.439349
 5019.434084     0.435656
 5019.684887     0.431820
 5019.935691     0.427882
 5020.186495     0.423875
 5020.437299     0.419827
 5020.688103     0.415756
 5020.938907     0.411675
 5021.189711     0.407592
 5021.440514     0.403518
 5021.691318     0.399465
 5021.942122     0.395451
 5022.192926     0.391494
 5022.443730     0.387616
 5022.694534     0.383845
 5022.945338     0.380206
 5023.196141     0.376727
 5023.446945     0.373430
 5023.697749     0.370334
 5023.948553     0.367459
 5024.199357     0.364817
 5024.450161     0.362419
 5024.700965     0.360269
 5024.951768     0.358367
 5025.202572     0.356713
 5025.453376     0.355298
 5025.704180     0.354112
 5025.954984     0.353140
 5026.205788     0.352362
 5026.456592     0.351755
 5026.707395     0.351289
 5026.958199     0.350931
 5027.209003     0.350645
 5027.459807     0.350390
 5027.710611     0.350127
 5027.961415     0.349816
 5028.212219     0.349420
 5028.463023     0.348905
 5028.713826     0.348240
 5028.964630     0.347396
 5029.215434     0.346348
 5029.466238     0.345077
 5029.717042     0.343562
 5029.967846     0.341787
 5030.218650     0.339740
 5030.469453     0.337409
 5030.720257     0.334788
 5030.971061     0.331875
 5031.221865     0.328670
 5031.472669     0.325175
 5031.723473     0.321399
 5031.974277     0.317351
 5032.225080     0.313045
 5032.475884     0.308490
 5032.726688     0.303699
 5032.977492     0.298683
 5033.228296     0.293452
 5033.479100     0.288014
 5033.729904     0.282374
 5033.980707     0.276532
 5034.231511     0.270494
 5034.482315     0.264261
 5034.733119     0.257840
 5034.983923     0.251234
 5035.234727     0.244451
 5035.485531     0.237507
 5035.736334     0.230416
 5035.987138     0.223205
 5036.237942     0.215899
 5036.488746     0.208529
 5036.739550     0.201135
 5036.990354     0.193755
 5037.241158     0.186434
 5037.491961     0.179211
 5037.742765     0.172124
 5037.993569     0.165211
 5038.244373     0.158504
 5038.495177     0.152030
 5038.745981     0.145808
 5038.996785     0.139849
 5039.247588     0.134165
 5039.498392     0.128758
 5039.749196     0.123630
 5040.000000     0.118774
