# 2Theta    Intensity
4.9787e-03  0.0000e+00
9.0032e-03  1.4000e+00
1.4975e-02  1.2857e+00
2.0947e-02  1.0833e+00
2.6940e-02  1.4286e-01
3.2933e-02  7.6471e-01
3.8933e-02  6.8421e-01
4.4933e-02  1.0435e+00
5.0936e-02  1.0000e+00
5.6939e-02  1.0667e+00
6.2943e-02  7.0000e-01
6.8947e-02  8.7500e-01
7.4953e-02  8.2353e-01
8.0958e-02  1.0000e+00
8.6964e-02  1.0000e+00
9.2970e-02  8.6000e-01
9.8976e-02  1.0000e+00
1.0498e-01  8.9796e-01
1.1099e-01  1.0164e+00
1.1700e-01  8.9655e-01
1.2300e-01  8.9063e-01
1.2901e-01  1.1212e+00
1.3502e-01  1.0588e+00
1.4103e-01  9.7436e-01
1.4703e-01  1.1667e+00
1.5304e-01  1.1325e+00
1.5905e-01  1.0649e+00
1.6505e-01  1.1463e+00
1.7106e-01  1.3226e+00
1.7707e-01  1.1059e+00
1.8308e-01  1.1959e+00
1.8908e-01  1.2688e+00
1.9509e-01  1.2941e+00
2.0110e-01  1.4141e+00
2.0711e-01  1.3535e+00
2.1311e-01  1.3628e+00
2.1912e-01  1.5044e+00
2.2513e-01  1.5391e+00
2.3114e-01  1.5630e+00
2.3715e-01  1.5250e+00
2.4315e-01  1.7462e+00
2.4916e-01  1.8212e+00
2.5517e-01  1.7676e+00
2.6118e-01  1.8438e+00
2.6719e-01  1.7971e+00
2.7319e-01  1.8767e+00
2.7920e-01  2.0426e+00
2.8521e-01  2.0710e+00
2.9122e-01  1.8897e+00
2.9722e-01  2.0926e+00
3.0323e-01  2.0795e+00
3.0924e-01  2.0252e+00
3.1525e-01  2.3059e+00
3.2126e-01  2.2655e+00
3.2726e-01  2.0814e+00
3.3327e-01  2.2500e+00
3.3928e-01  2.2347e+00
3.4529e-01  2.4286e+00
3.5130e-01  2.3673e+00
3.5731e-01  2.3698e+00
3.6331e-01  2.4415e+00
3.6932e-01  2.3718e+00
3.7533e-01  2.4849e+00
3.8134e-01  2.5625e+00
3.8735e-01  2.6001e+00
3.9335e-01  2.5801e+00
3.9936e-01  2.6927e+00
4.0537e-01  2.6986e+00
4.1138e-01  2.6494e+00
4.1738e-01  2.6560e+00
4.2339e-01  2.9724e+00
4.2940e-01  2.7479e+00
4.3541e-01  2.8840e+00
4.4142e-01  2.9443e+00
4.4743e-01  3.0992e+00
4.5343e-01  3.1093e+00
4.5944e-01  3.1241e+00
4.6545e-01  3.3150e+00
4.7146e-01  3.3587e+00
4.7747e-01  3.3776e+00
4.8348e-01  3.4124e+00
4.8948e-01  3.5828e+00
4.9549e-01  3.4660e+00
5.0150e-01  3.8546e+00
5.0751e-01  3.7025e+00
5.1352e-01  4.1084e+00
5.1952e-01  4.0001e+00
5.2553e-01  4.0931e+00
5.3154e-01  4.3009e+00
5.3755e-01  4.2934e+00
5.4356e-01  4.7737e+00
5.4956e-01  4.8805e+00
5.5557e-01  4.8619e+00
5.6158e-01  5.1223e+00
5.6759e-01  5.3752e+00
5.7360e-01  5.2982e+00
5.7961e-01  5.2585e+00
5.8561e-01  5.5619e+00
5.9162e-01  5.8970e+00
5.9763e-01  5.5675e+00
6.0364e-01  6.1608e+00
6.0965e-01  6.0460e+00
6.1565e-01  6.1366e+00
6.2166e-01  6.1268e+00
6.2767e-01  6.3917e+00
6.3368e-01  6.3936e+00
6.3969e-01  6.3286e+00
6.4570e-01  6.6603e+00
6.5170e-01  6.7670e+00
6.5771e-01  6.7606e+00
6.6372e-01  6.8927e+00
6.6973e-01  7.1974e+00
6.7574e-01  7.0672e+00
6.8175e-01  6.8691e+00
6.8775e-01  7.3620e+00
6.9376e-01  7.4433e+00
6.9977e-01  7.2704e+00
7.0578e-01  7.5432e+00
7.1179e-01  7.6306e+00
7.1779e-01  7.6522e+00
7.2380e-01  7.6531e+00
7.2981e-01  7.9509e+00
7.3582e-01  7.8417e+00
7.4183e-01  7.8152e+00
7.4784e-01  8.2841e+00
7.5384e-01  8.2265e+00
7.5985e-01  8.2194e+00
7.6586e-01  8.2130e+00
7.7187e-01  8.5857e+00
7.7788e-01  8.5964e+00
7.8388e-01  8.4584e+00
7.8989e-01  8.9512e+00
7.9590e-01  8.8201e+00
8.0191e-01  9.1006e+00
8.0792e-01  9.0216e+00
8.1392e-01  9.2640e+00
8.1993e-01  9.3449e+00
8.2594e-01  9.2715e+00
8.3195e-01  9.5358e+00
8.3796e-01  9.5183e+00
8.4396e-01  9.7770e+00
8.4997e-01  9.8921e+00
8.5598e-01  9.7072e+00
8.6199e-01  1.0111e+01
8.6800e-01  9.7813e+00
8.7401e-01  1.0350e+01
8.8001e-01  1.0145e+01
8.8602e-01  1.0225e+01
8.9203e-01  1.0466e+01
8.9804e-01  1.0246e+01
9.0405e-01  1.0301e+01
9.1005e-01  9.9551e+00
9.1606e-01  1.0560e+01
9.2207e-01  1.0876e+01
9.2808e-01  1.0727e+01
9.3408e-01  1.0714e+01
9.4009e-01  1.0696e+01
9.4610e-01  1.1264e+01
9.5211e-01  1.1107e+01
9.5812e-01  1.1234e+01
9.6412e-01  1.1439e+01
9.7013e-01  1.1628e+01
9.7614e-01  1.2190e+01
9.8215e-01  1.1651e+01
9.8816e-01  1.2143e+01
9.9416e-01  1.2258e+01
1.0002e+00  1.2188e+01
1.0062e+00  1.2649e+01
1.0122e+00  1.2779e+01
1.0182e+00  1.2920e+01
1.0242e+00  1.2847e+01
1.0302e+00  1.3148e+01
1.0362e+00  1.3122e+01
1.0422e+00  1.3197e+01
1.0482e+00  1.3361e+01
1.0542e+00  1.3102e+01
1.0602e+00  1.3393e+01
1.0663e+00  1.3225e+01
1.0723e+00  1.3367e+01
1.0783e+00  1.3432e+01
1.0843e+00  1.3513e+01
1.0903e+00  1.3625e+01
1.0963e+00  1.3556e+01
1.1023e+00  1.3684e+01
1.1083e+00  1.3630e+01
1.1143e+00  1.3558e+01
1.1203e+00  1.3562e+01
1.1263e+00  1.3556e+01
1.1323e+00  1.3738e+01
1.1383e+00  1.3642e+01
1.1444e+00  1.3691e+01
1.1504e+00  1.3890e+01
1.1564e+00  1.3682e+01
1.1624e+00  1.3688e+01
1.1684e+00  1.3808e+01
1.1744e+00  1.3823e+01
1.1804e+00  1.3623e+01
1.1864e+00  1.3796e+01
1.1924e+00  1.3872e+01
1.1984e+00  1.3609e+01
1.2044e+00  1.4033e+01
1.2104e+00  1.3925e+01
1.2164e+00  1.3891e+01
1.2225e+00  1.3654e+01
1.2285e+00  1.3957e+01
1.2345e+00  1.3838e+01
1.2405e+00  1.3641e+01
1.2465e+00  1.3915e+01
1.2525e+00  1.4033e+01
1.2585e+00  1.3687e+01
1.2645e+00  1.3928e+01
1.2705e+00  1.4001e+01
1.2765e+00  1.4010e+01
1.2825e+00  1.3897e+01
1.2885e+00  1.4040e+01
1.2945e+00  1.3989e+01
1.3005e+00  1.3680e+01
1.3066e+00  1.4062e+01
1.3126e+00  1.3924e+01
1.3186e+00  1.4159e+01
1.3246e+00  1.4008e+01
1.3306e+00  1.4016e+01
1.3366e+00  1.4034e+01
1.3426e+00  1.3948e+01
1.3486e+00  1.4134e+01
1.3546e+00  1.4110e+01
1.3606e+00  1.4036e+01
1.3666e+00  1.3966e+01
1.3726e+00  1.4058e+01
1.3786e+00  1.4109e+01
1.3846e+00  1.4005e+01
1.3906e+00  1.4129e+01
1.3967e+00  1.4211e+01
1.4027e+00  1.3983e+01
1.4087e+00  1.4054e+01
1.4147e+00  1.4050e+01
1.4207e+00  1.4216e+01
1.4267e+00  1.3992e+01
1.4327e+00  1.4083e+01
1.4387e+00  1.4204e+01
1.4447e+00  1.4051e+01
1.4507e+00  1.4159e+01
1.4567e+00  1.4179e+01
1.4627e+00  1.4165e+01
1.4687e+00  1.3982e+01
1.4747e+00  1.4208e+01
1.4807e+00  1.4163e+01
1.4868e+00  1.4077e+01
1.4928e+00  1.4113e+01
1.4988e+00  1.4134e+01
1.5048e+00  1.4062e+01
1.5108e+00  1.4124e+01
1.5168e+00  1.4233e+01
1.5228e+00  1.4161e+01
1.5288e+00  1.4081e+01
1.5348e+00  1.4211e+01
1.5408e+00  1.4185e+01
1.5468e+00  1.4110e+01
1.5528e+00  1.4220e+01
1.5588e+00  1.4239e+01
1.5648e+00  1.4198e+01
1.5708e+00  1.4094e+01
1.5769e+00  1.4268e+01
1.5829e+00  1.4209e+01
1.5889e+00  1.4234e+01
1.5949e+00  1.4240e+01
1.6009e+00  1.4223e+01
1.6069e+00  1.4248e+01
1.6129e+00  1.4167e+01
1.6189e+00  1.4245e+01
1.6249e+00  1.4220e+01
1.6309e+00  1.4130e+01
1.6369e+00  1.4242e+01
1.6429e+00  1.4201e+01
1.6489e+00  1.4246e+01
1.6549e+00  1.4268e+01
1.6609e+00  1.4256e+01
1.6669e+00  1.4212e+01
1.6729e+00  1.4185e+01
1.6790e+00  1.4335e+01
1.6850e+00  1.4277e+01
1.6910e+00  1.4198e+01
1.6970e+00  1.4250e+01
1.7030e+00  1.4288e+01
1.7090e+00  1.4169e+01
1.7150e+00  1.4218e+01
1.7210e+00  1.4239e+01
1.7270e+00  1.4228e+01
1.7330e+00  1.4253e+01
1.7390e+00  1.4253e+01
1.7450e+00  1.4268e+01
1.7510e+00  1.4240e+01
1.7570e+00  1.4325e+01
1.7630e+00  1.4232e+01
1.7690e+00  1.4260e+01
1.7750e+00  1.4292e+01
1.7810e+00  1.4230e+01
1.7871e+00  1.4238e+01
1.7931e+00  1.4231e+01
1.7991e+00  1.4219e+01
1.8051e+00  1.4242e+01
1.8111e+00  1.4196e+01
1.8171e+00  1.4207e+01
1.8231e+00  1.4191e+01
1.8291e+00  1.4206e+01
1.8351e+00  1.4142e+01
1.8411e+00  1.4311e+01
1.8471e+00  1.4133e+01
1.8531e+00  1.4196e+01
1.8591e+00  1.4118e+01
1.8651e+00  1.4214e+01
1.8711e+00  1.4152e+01
1.8771e+00  1.4118e+01
1.8831e+00  1.4174e+01
1.8891e+00  1.4197e+01
1.8951e+00  1.4156e+01
1.9011e+00  1.4183e+01
1.9072e+00  1.4231e+01
1.9132e+00  1.4161e+01
1.9192e+00  1.4096e+01
1.9252e+00  1.4150e+01
1.9312e+00  1.4126e+01
1.9372e+00  1.4083e+01
1.9432e+00  1.4117e+01
1.9492e+00  1.4081e+01
1.9552e+00  1.4107e+01
1.9612e+00  1.4112e+01
1.9672e+00  1.4054e+01
1.9732e+00  1.4046e+01
1.9792e+00  1.4024e+01
1.9852e+00  1.4065e+01
1.9912e+00  1.4074e+01
1.9972e+00  1.4037e+01
2.0032e+00  1.3972e+01
2.0092e+00  1.3983e+01
2.0152e+00  1.3987e+01
2.0212e+00  1.3916e+01
2.0272e+00  1.4056e+01
2.0332e+00  1.3967e+01
2.0392e+00  1.4005e+01
2.0453e+00  1.3973e+01
2.0513e+00  1.3985e+01
2.0573e+00  1.3938e+01
2.0633e+00  1.3914e+01
2.0693e+00  1.4008e+01
2.0753e+00  1.3943e+01
2.0813e+00  1.3902e+01
2.0873e+00  1.3887e+01
2.0933e+00  1.3903e+01
2.0993e+00  1.3828e+01
2.1053e+00  1.3855e+01
2.1113e+00  1.3810e+01
2.1173e+00  1.3818e+01
2.1233e+00  1.3881e+01
2.1293e+00  1.3891e+01
2.1353e+00  1.3850e+01
2.1413e+00  1.3842e+01
2.1473e+00  1.3838e+01
2.1533e+00  1.3742e+01
2.1593e+00  1.3722e+01
2.1653e+00  1.3773e+01
2.1713e+00  1.3791e+01
2.1773e+00  1.3847e+01
2.1833e+00  1.3769e+01
2.1893e+00  1.3800e+01
2.1953e+00  1.3723e+01
2.2013e+00  1.3703e+01
2.2073e+00  1.3735e+01
2.2133e+00  1.3705e+01
2.2193e+00  1.3699e+01
2.2254e+00  1.3753e+01
2.2314e+00  1.3715e+01
2.2374e+00  1.3679e+01
2.2434e+00  1.3694e+01
2.2494e+00  1.3704e+01
2.2554e+00  1.3738e+01
2.2614e+00  1.3646e+01
2.2674e+00  1.3670e+01
2.2734e+00  1.3650e+01
2.2794e+00  1.3671e+01
2.2854e+00  1.3679e+01
2.2914e+00  1.3704e+01
2.2974e+00  1.3650e+01
2.3034e+00  1.3714e+01
2.3094e+00  1.3591e+01
2.3154e+00  1.3566e+01
2.3214e+00  1.3604e+01
2.3274e+00  1.3636e+01
2.3334e+00  1.3631e+01
2.3394e+00  1.3601e+01
2.3454e+00  1.3634e+01
2.3514e+00  1.3636e+01
2.3574e+00  1.3631e+01
2.3634e+00  1.3572e+01
2.3694e+00  1.3552e+01
2.3754e+00  1.3628e+01
2.3814e+00  1.3559e+01
2.3874e+00  1.3516e+01
2.3934e+00  1.3546e+01
2.3994e+00  1.3541e+01
2.4054e+00  1.3594e+01
2.4114e+00  1.3567e+01
2.4174e+00  1.3578e+01
2.4234e+00  1.3495e+01
2.4294e+00  1.3502e+01
2.4354e+00  1.3563e+01
2.4414e+00  1.3554e+01
2.4474e+00  1.3469e+01
2.4534e+00  1.3446e+01
2.4594e+00  1.3548e+01
2.4654e+00  1.3557e+01
2.4714e+00  1.3510e+01
2.4774e+00  1.3542e+01
2.4834e+00  1.3396e+01
2.4894e+00  1.3426e+01
2.4954e+00  1.3525e+01
2.5014e+00  1.3523e+01
2.5074e+00  1.3508e+01
2.5134e+00  1.3462e+01
2.5194e+00  1.3496e+01
2.5254e+00  1.3467e+01
2.5314e+00  1.3416e+01
2.5374e+00  1.3512e+01
2.5434e+00  1.3501e+01
2.5494e+00  1.3469e+01
2.5554e+00  1.2684e+01
2.5614e+00  1.3422e+01
2.5674e+00  1.3481e+01
2.5734e+00  1.3410e+01
2.5794e+00  1.3478e+01
2.5854e+00  1.3436e+01
2.5914e+00  1.3406e+01
2.5974e+00  1.3448e+01
2.6034e+00  1.3445e+01
2.6094e+00  1.3411e+01
2.6154e+00  1.3465e+01
2.6214e+00  1.3432e+01
2.6275e+00  1.3428e+01
2.6335e+00  1.3357e+01
2.6395e+00  1.3404e+01
2.6455e+00  1.3412e+01
2.6515e+00  1.3457e+01
2.6575e+00  1.3384e+01
2.6635e+00  1.3320e+01
2.6695e+00  1.3384e+01
2.6754e+00  1.3391e+01
2.6814e+00  1.3381e+01
2.6874e+00  1.3394e+01
2.6934e+00  1.3360e+01
2.6994e+00  1.3388e+01
2.7054e+00  1.3405e+01
2.7114e+00  1.3334e+01
2.7174e+00  1.3401e+01
2.7234e+00  1.3374e+01
2.7294e+00  1.3341e+01
2.7354e+00  1.3359e+01
2.7414e+00  1.3397e+01
2.7474e+00  1.3372e+01
2.7534e+00  1.3378e+01
2.7594e+00  1.3359e+01
2.7654e+00  1.3387e+01
2.7714e+00  1.3392e+01
2.7774e+00  1.3377e+01
2.7834e+00  1.3368e+01
2.7894e+00  1.3350e+01
2.7954e+00  1.3354e+01
2.8014e+00  1.3372e+01
2.8074e+00  1.3327e+01
2.8134e+00  1.3396e+01
2.8194e+00  1.3339e+01
2.8254e+00  1.3337e+01
2.8314e+00  1.3320e+01
2.8374e+00  1.3330e+01
2.8434e+00  1.3339e+01
2.8494e+00  1.3357e+01
2.8554e+00  1.3345e+01
2.8614e+00  1.3338e+01
2.8674e+00  1.3406e+01
2.8734e+00  1.3363e+01
2.8794e+00  1.3375e+01
2.8854e+00  1.3406e+01
2.8914e+00  1.3383e+01
2.8974e+00  1.3388e+01
2.9034e+00  1.3395e+01
2.9094e+00  1.3444e+01
2.9154e+00  1.3351e+01
2.9214e+00  1.3380e+01
2.9274e+00  1.3386e+01
2.9334e+00  1.3426e+01
2.9394e+00  1.3410e+01
2.9454e+00  1.3424e+01
2.9514e+00  1.3406e+01
2.9574e+00  1.3371e+01
2.9634e+00  1.3399e+01
2.9694e+00  1.3387e+01
2.9754e+00  1.3382e+01
2.9814e+00  1.3368e+01
2.9874e+00  1.3331e+01
2.9934e+00  1.3385e+01
2.9994e+00  1.3341e+01
3.0054e+00  1.3393e+01
3.0113e+00  1.3347e+01
3.0173e+00  1.3348e+01
3.0233e+00  1.3351e+01
3.0293e+00  1.3394e+01
3.0353e+00  1.3389e+01
3.0413e+00  1.3371e+01
3.0473e+00  1.3410e+01
3.0533e+00  1.3398e+01
3.0593e+00  1.3340e+01
3.0653e+00  1.3347e+01
3.0713e+00  1.3430e+01
3.0773e+00  1.3349e+01
3.0833e+00  1.3416e+01
3.0893e+00  1.3408e+01
3.0953e+00  1.3457e+01
3.1013e+00  1.3390e+01
3.1073e+00  1.3455e+01
3.1133e+00  1.3490e+01
3.1193e+00  1.3447e+01
3.1253e+00  1.3555e+01
3.1313e+00  1.3551e+01
3.1373e+00  1.3545e+01
3.1433e+00  1.3556e+01
3.1493e+00  1.3620e+01
3.1553e+00  1.3663e+01
3.1612e+00  1.3768e+01
3.1672e+00  1.3803e+01
3.1732e+00  1.3769e+01
3.1792e+00  1.3930e+01
3.1852e+00  1.4011e+01
3.1912e+00  1.4052e+01
3.1972e+00  1.4262e+01
3.2032e+00  1.4413e+01
3.2092e+00  1.4760e+01
3.2152e+00  1.5180e+01
3.2212e+00  1.5991e+01
3.2272e+00  1.7624e+01
3.2332e+00  2.1341e+01
3.2392e+00  2.9686e+01
3.2452e+00  5.0993e+01
3.2512e+00  9.5781e+01
3.2572e+00  1.7064e+02
3.2632e+00  2.3541e+02
3.2692e+00  2.5883e+02
3.2751e+00  2.1980e+02
3.2811e+00  1.8023e+02
3.2871e+00  1.4423e+02
3.2931e+00  1.0016e+02
3.2991e+00  6.6557e+01
3.3051e+00  4.2940e+01
3.3111e+00  2.8221e+01
3.3171e+00  2.1280e+01
3.3231e+00  1.8148e+01
3.3291e+00  1.6051e+01
3.3351e+00  1.5091e+01
3.3411e+00  1.4447e+01
3.3471e+00  1.4159e+01
3.3531e+00  1.3954e+01
3.3591e+00  1.3844e+01
3.3651e+00  1.3672e+01
3.3710e+00  1.3583e+01
3.3770e+00  1.3570e+01
3.3830e+00  1.3400e+01
3.3890e+00  1.3332e+01
3.3950e+00  1.3248e+01
3.4010e+00  1.3172e+01
3.4070e+00  1.3173e+01
3.4130e+00  1.3152e+01
3.4190e+00  1.3135e+01
3.4250e+00  1.3076e+01
3.4310e+00  1.3054e+01
3.4370e+00  1.3033e+01
3.4430e+00  1.3014e+01
3.4490e+00  1.2986e+01
3.4549e+00  1.2918e+01
3.4609e+00  1.2898e+01
3.4669e+00  1.2912e+01
3.4729e+00  1.2857e+01
3.4789e+00  1.2872e+01
3.4849e+00  1.2841e+01
3.4909e+00  1.2820e+01
3.4969e+00  1.2756e+01
3.5029e+00  1.2762e+01
3.5089e+00  1.2789e+01
3.5149e+00  1.2751e+01
3.5209e+00  1.2751e+01
3.5269e+00  1.2790e+01
3.5328e+00  1.2698e+01
3.5388e+00  1.2749e+01
3.5448e+00  1.2703e+01
3.5508e+00  1.2660e+01
3.5568e+00  1.2708e+01
3.5628e+00  1.2637e+01
3.5688e+00  1.2680e+01
3.5748e+00  1.2590e+01
3.5808e+00  1.2591e+01
3.5868e+00  1.2663e+01
3.5928e+00  1.2633e+01
3.5987e+00  1.2637e+01
3.6047e+00  1.2593e+01
3.6107e+00  1.2615e+01
3.6167e+00  1.2589e+01
3.6227e+00  1.2546e+01
3.6287e+00  1.2523e+01
3.6347e+00  1.2452e+01
3.6407e+00  1.2442e+01
3.6467e+00  1.2439e+01
3.6527e+00  1.2475e+01
3.6586e+00  1.2429e+01
3.6646e+00  1.2412e+01
3.6706e+00  1.2394e+01
3.6766e+00  1.2438e+01
3.6826e+00  1.2415e+01
3.6886e+00  1.2484e+01
3.6946e+00  1.2478e+01
3.7006e+00  1.2358e+01
3.7066e+00  1.2410e+01
3.7126e+00  1.2351e+01
3.7185e+00  1.2395e+01
3.7245e+00  1.2345e+01
3.7305e+00  1.2381e+01
3.7365e+00  1.2347e+01
3.7425e+00  1.2368e+01
3.7485e+00  1.2391e+01
3.7545e+00  1.2371e+01
3.7605e+00  1.2372e+01
3.7665e+00  1.2342e+01
3.7724e+00  1.2396e+01
3.7784e+00  1.2395e+01
3.7844e+00  1.2350e+01
3.7904e+00  1.2383e+01
3.7964e+00  1.2390e+01
3.8024e+00  1.2375e+01
3.8084e+00  1.2408e+01
3.8144e+00  1.2357e+01
3.8204e+00  1.2355e+01
3.8263e+00  1.2320e+01
3.8323e+00  1.2363e+01
3.8383e+00  1.2349e+01
3.8443e+00  1.2321e+01
3.8503e+00  1.2310e+01
3.8563e+00  1.2271e+01
3.8623e+00  1.2288e+01
3.8683e+00  1.2271e+01
3.8742e+00  1.2266e+01
3.8802e+00  1.2272e+01
3.8862e+00  1.2317e+01
3.8922e+00  1.2254e+01
3.8982e+00  1.2252e+01
3.9042e+00  1.2268e+01
3.9102e+00  1.2275e+01
3.9162e+00  1.2262e+01
3.9221e+00  1.2252e+01
3.9281e+00  1.2274e+01
3.9341e+00  1.2229e+01
3.9401e+00  1.2260e+01
3.9461e+00  1.2212e+01
3.9521e+00  1.2234e+01
3.9581e+00  1.2230e+01
3.9640e+00  1.2243e+01
3.9700e+00  1.2207e+01
3.9760e+00  1.2231e+01
3.9820e+00  1.2274e+01
3.9880e+00  1.2250e+01
3.9940e+00  1.2230e+01
4.0000e+00  1.2233e+01
4.0060e+00  1.2278e+01
4.0119e+00  1.2199e+01
4.0179e+00  1.2240e+01
4.0239e+00  1.2248e+01
4.0299e+00  1.2207e+01
4.0359e+00  1.2210e+01
4.0419e+00  1.2200e+01
4.0479e+00  1.2252e+01
4.0538e+00  1.2172e+01
4.0598e+00  1.2238e+01
4.0658e+00  1.2205e+01
4.0718e+00  1.2213e+01
4.0778e+00  1.2238e+01
4.0838e+00  1.2233e+01
4.0897e+00  1.2250e+01
4.0957e+00  1.2187e+01
4.1017e+00  1.2246e+01
4.1077e+00  1.2186e+01
4.1137e+00  1.2211e+01
4.1197e+00  1.2176e+01
4.1257e+00  1.2165e+01
4.1316e+00  1.2209e+01
4.1376e+00  1.2177e+01
4.1436e+00  1.2147e+01
4.1496e+00  1.2182e+01
4.1556e+00  1.2200e+01
4.1616e+00  1.2159e+01
4.1675e+00  1.2141e+01
4.1735e+00  1.2146e+01
4.1795e+00  1.2177e+01
4.1855e+00  1.2210e+01
4.1915e+00  1.2168e+01
4.1975e+00  1.2166e+01
4.2034e+00  1.2164e+01
4.2094e+00  1.2175e+01
4.2154e+00  1.2165e+01
4.2214e+00  1.2146e+01
4.2274e+00  1.2169e+01
4.2334e+00  1.2159e+01
4.2393e+00  1.2200e+01
4.2453e+00  1.2182e+01
4.2513e+00  1.2174e+01
4.2573e+00  1.2182e+01
4.2633e+00  1.2157e+01
4.2693e+00  1.2138e+01
4.2752e+00  1.2165e+01
4.2812e+00  1.2190e+01
4.2872e+00  1.2216e+01
4.2932e+00  1.2124e+01
4.2992e+00  1.2161e+01
4.3051e+00  1.2139e+01
4.3111e+00  1.2168e+01
4.3171e+00  1.2185e+01
4.3231e+00  1.2150e+01
4.3291e+00  1.2158e+01
4.3351e+00  1.2200e+01
4.3410e+00  1.2196e+01
4.3470e+00  1.2235e+01
4.3530e+00  1.2248e+01
4.3590e+00  1.2230e+01
4.3650e+00  1.2282e+01
4.3709e+00  1.2276e+01
4.3769e+00  1.2294e+01
4.3829e+00  1.2282e+01
4.3889e+00  1.2321e+01
4.3949e+00  1.2339e+01
4.4008e+00  1.2291e+01
4.4068e+00  1.2311e+01
4.4128e+00  1.2360e+01
4.4188e+00  1.2372e+01
4.4247e+00  1.2422e+01
4.4307e+00  1.2388e+01
4.4367e+00  1.2455e+01
4.4427e+00  1.2445e+01
4.4487e+00  1.2600e+01
4.4546e+00  1.2587e+01
4.4606e+00  1.2644e+01
4.4666e+00  1.2696e+01
4.4726e+00  1.2731e+01
4.4785e+00  1.2711e+01
4.4845e+00  1.2799e+01
4.4905e+00  1.2903e+01
4.4965e+00  1.2914e+01
4.5024e+00  1.3036e+01
4.5084e+00  1.3122e+01
4.5144e+00  1.3274e+01
4.5203e+00  1.3366e+01
4.5263e+00  1.3495e+01
4.5323e+00  1.3762e+01
4.5383e+00  1.3936e+01
4.5442e+00  1.4206e+01
4.5502e+00  1.4515e+01
4.5562e+00  1.4936e+01
4.5621e+00  1.5504e+01
4.5681e+00  1.6389e+01
4.5741e+00  1.7942e+01
4.5801e+00  2.0630e+01
4.5860e+00  2.5869e+01
4.5920e+00  3.8947e+01
4.5980e+00  6.6742e+01
4.6039e+00  1.2705e+02
4.6099e+00  2.4056e+02
4.6159e+00  3.6833e+02
4.6218e+00  4.1928e+02
4.6278e+00  3.6541e+02
4.6338e+00  3.1054e+02
4.6398e+00  2.6146e+02
4.6457e+00  2.0053e+02
4.6517e+00  1.4359e+02
4.6577e+00  9.8713e+01
4.6636e+00  6.4463e+01
4.6696e+00  4.3883e+01
4.6756e+00  3.0895e+01
4.6815e+00  2.3078e+01
4.6875e+00  1.9358e+01
4.6935e+00  1.7139e+01
4.6994e+00  1.5548e+01
4.7054e+00  1.4842e+01
4.7114e+00  1.4346e+01
4.7173e+00  1.4064e+01
4.7233e+00  1.3724e+01
4.7293e+00  1.3566e+01
4.7352e+00  1.3331e+01
4.7412e+00  1.3140e+01
4.7472e+00  1.2973e+01
4.7531e+00  1.2895e+01
4.7591e+00  1.2837e+01
4.7651e+00  1.2699e+01
4.7710e+00  1.2655e+01
4.7770e+00  1.2646e+01
4.7830e+00  1.2483e+01
4.7890e+00  1.2399e+01
4.7949e+00  1.2403e+01
4.8009e+00  1.2261e+01
4.8069e+00  1.2283e+01
4.8128e+00  1.2293e+01
4.8188e+00  1.2170e+01
4.8247e+00  1.2144e+01
4.8307e+00  1.2149e+01
4.8367e+00  1.2044e+01
4.8426e+00  1.2050e+01
4.8486e+00  1.2017e+01
4.8546e+00  1.2015e+01
4.8605e+00  1.1967e+01
4.8665e+00  1.1957e+01
4.8725e+00  1.1962e+01
4.8784e+00  1.1919e+01
4.8844e+00  1.1911e+01
4.8904e+00  1.1877e+01
4.8963e+00  1.1852e+01
4.9023e+00  1.1866e+01
4.9083e+00  1.1895e+01
4.9142e+00  1.1852e+01
4.9202e+00  1.1874e+01
4.9262e+00  1.1828e+01
4.9321e+00  1.1872e+01
4.9381e+00  1.1838e+01
4.9441e+00  1.1816e+01
4.9500e+00  1.1825e+01
4.9560e+00  1.1784e+01
4.9619e+00  1.1770e+01
4.9679e+00  1.1666e+01
4.9739e+00  1.1752e+01
4.9798e+00  1.1754e+01
4.9858e+00  1.1738e+01
4.9918e+00  1.1742e+01
4.9977e+00  1.1720e+01
5.0037e+00  1.1699e+01
5.0097e+00  1.1716e+01
5.0156e+00  1.1660e+01
5.0216e+00  1.1666e+01
5.0275e+00  1.1704e+01
5.0335e+00  1.1670e+01
5.0395e+00  1.1642e+01
5.0454e+00  1.1662e+01
5.0514e+00  1.1627e+01
5.0573e+00  1.1607e+01
5.0633e+00  1.1679e+01
5.0693e+00  1.1607e+01
5.0752e+00  1.1601e+01
5.0812e+00  1.1615e+01
5.0872e+00  1.1483e+01
5.0931e+00  1.1665e+01
5.0991e+00  1.1514e+01
5.1050e+00  1.1603e+01
5.1110e+00  1.1573e+01
5.1170e+00  1.1481e+01
5.1229e+00  1.1656e+01
5.1289e+00  1.1569e+01
5.1348e+00  1.1567e+01
5.1408e+00  1.1601e+01
5.1468e+00  1.1587e+01
5.1527e+00  1.1582e+01
5.1587e+00  1.1584e+01
5.1646e+00  1.1567e+01
5.1706e+00  1.1585e+01
5.1766e+00  1.1502e+01
5.1825e+00  1.1565e+01
5.1885e+00  1.1483e+01
5.1944e+00  1.1502e+01
5.2004e+00  1.1496e+01
5.2064e+00  1.1503e+01
5.2123e+00  1.1598e+01
5.2183e+00  1.1502e+01
5.2242e+00  1.1612e+01
5.2302e+00  1.1440e+01
5.2362e+00  1.1464e+01
5.2421e+00  1.1492e+01
5.2481e+00  1.1458e+01
5.2540e+00  1.1449e+01
5.2600e+00  1.1441e+01
5.2660e+00  1.1518e+01
5.2719e+00  1.1507e+01
5.2779e+00  1.1437e+01
5.2838e+00  1.1524e+01
5.2898e+00  1.1548e+01
5.2957e+00  1.1543e+01
5.3017e+00  1.1472e+01
5.3077e+00  1.1500e+01
5.3136e+00  1.1616e+01
5.3196e+00  1.1496e+01
5.3255e+00  1.1502e+01
5.3315e+00  1.1487e+01
5.3374e+00  1.1511e+01
5.3434e+00  1.1494e+01
5.3494e+00  1.1510e+01
5.3553e+00  1.1467e+01
5.3613e+00  1.1478e+01
5.3672e+00  1.1482e+01
5.3732e+00  1.1598e+01
5.3791e+00  1.1583e+01
5.3851e+00  1.1629e+01
5.3910e+00  1.1674e+01
5.3970e+00  1.1712e+01
5.4030e+00  1.1714e+01
5.4089e+00  1.1640e+01
5.4149e+00  1.1612e+01
5.4208e+00  1.1622e+01
5.4268e+00  1.1676e+01
5.4327e+00  1.1631e+01
5.4387e+00  1.1661e+01
5.4446e+00  1.1649e+01
5.4506e+00  1.1647e+01
5.4566e+00  1.1675e+01
5.4625e+00  1.1675e+01
5.4685e+00  1.1630e+01
5.4744e+00  1.1679e+01
5.4804e+00  1.1680e+01
5.4863e+00  1.1682e+01
5.4923e+00  1.1743e+01
5.4982e+00  1.1739e+01
5.5042e+00  1.1752e+01
5.5101e+00  1.1797e+01
5.5161e+00  1.1787e+01
5.5220e+00  1.1790e+01
5.5280e+00  1.1838e+01
5.5339e+00  1.1881e+01
5.5399e+00  1.1934e+01
5.5459e+00  1.1985e+01
5.5518e+00  1.2029e+01
5.5578e+00  1.2112e+01
5.5637e+00  1.2112e+01
5.5697e+00  1.2246e+01
5.5756e+00  1.2347e+01
5.5816e+00  1.2452e+01
5.5875e+00  1.2658e+01
5.5935e+00  1.2779e+01
5.5994e+00  1.3071e+01
5.6054e+00  1.3392e+01
5.6113e+00  1.4032e+01
5.6173e+00  1.5033e+01
5.6232e+00  1.6745e+01
5.6292e+00  2.0701e+01
5.6351e+00  2.9302e+01
5.6411e+00  4.8790e+01
5.6470e+00  8.2965e+01
5.6530e+00  1.3824e+02
5.6589e+00  1.7167e+02
5.6649e+00  1.6857e+02
5.6708e+00  1.4593e+02
5.6768e+00  1.2171e+02
5.6827e+00  9.9808e+01
5.6887e+00  7.8505e+01
5.6946e+00  6.0165e+01
5.7006e+00  4.3351e+01
5.7065e+00  3.3841e+01
5.7125e+00  2.5411e+01
5.7184e+00  2.0010e+01
5.7244e+00  1.7242e+01
5.7303e+00  1.5327e+01
5.7363e+00  1.4156e+01
5.7422e+00  1.3376e+01
5.7482e+00  1.2942e+01
5.7541e+00  1.2672e+01
5.7601e+00  1.2427e+01
5.7660e+00  1.2337e+01
5.7720e+00  1.2181e+01
5.7779e+00  1.2104e+01
5.7839e+00  1.2028e+01
5.7898e+00  1.1929e+01
5.7958e+00  1.1925e+01
5.8017e+00  1.1845e+01
5.8077e+00  1.1832e+01
5.8136e+00  1.1796e+01
5.8195e+00  1.1765e+01
5.8255e+00  1.1782e+01
5.8314e+00  1.1697e+01
5.8374e+00  1.1724e+01
5.8433e+00  1.1681e+01
5.8493e+00  1.1656e+01
5.8552e+00  1.1640e+01
5.8612e+00  1.1527e+01
5.8671e+00  1.1490e+01
5.8731e+00  1.1492e+01
5.8790e+00  1.1443e+01
5.8850e+00  1.1424e+01
5.8909e+00  1.1446e+01
5.8968e+00  1.1433e+01
5.9028e+00  1.1419e+01
5.9087e+00  1.1401e+01
5.9147e+00  1.1383e+01
5.9206e+00  1.1407e+01
5.9266e+00  1.1373e+01
5.9325e+00  1.1377e+01
5.9385e+00  1.1357e+01
5.9444e+00  1.1358e+01
5.9504e+00  1.1440e+01
5.9563e+00  1.1369e+01
5.9622e+00  1.1350e+01
5.9682e+00  1.1337e+01
5.9741e+00  1.1340e+01
5.9801e+00  1.1372e+01
5.9860e+00  1.1300e+01
5.9920e+00  1.1313e+01
5.9979e+00  1.1307e+01
6.0038e+00  1.1319e+01
6.0098e+00  1.1286e+01
6.0157e+00  1.1317e+01
6.0217e+00  1.1280e+01
6.0276e+00  1.1305e+01
6.0336e+00  1.1343e+01
6.0395e+00  1.1305e+01
6.0454e+00  1.1267e+01
6.0514e+00  1.1268e+01
6.0573e+00  1.1277e+01
6.0633e+00  1.1272e+01
6.0692e+00  1.1280e+01
6.0752e+00  1.1303e+01
6.0811e+00  1.1259e+01
6.0870e+00  1.1287e+01
6.0930e+00  1.1223e+01
6.0989e+00  1.1289e+01
6.1049e+00  1.1256e+01
6.1108e+00  1.1265e+01
6.1167e+00  1.1270e+01
6.1227e+00  1.1240e+01
6.1286e+00  1.1268e+01
6.1346e+00  1.1232e+01
6.1405e+00  1.1275e+01
6.1464e+00  1.1286e+01
6.1524e+00  1.1253e+01
6.1583e+00  1.1251e+01
6.1643e+00  1.1218e+01
6.1702e+00  1.1229e+01
6.1761e+00  1.1269e+01
6.1821e+00  1.1255e+01
6.1880e+00  1.1231e+01
6.1940e+00  1.1287e+01
6.1999e+00  1.1248e+01
6.2058e+00  1.1255e+01
6.2118e+00  1.1242e+01
6.2177e+00  1.1277e+01
6.2237e+00  1.1263e+01
6.2296e+00  1.1270e+01
6.2355e+00  1.1305e+01
6.2415e+00  1.1279e+01
6.2474e+00  1.1240e+01
6.2533e+00  1.1250e+01
6.2593e+00  1.1277e+01
6.2652e+00  1.1274e+01
6.2712e+00  1.1216e+01
6.2771e+00  1.1276e+01
6.2830e+00  1.1260e+01
6.2890e+00  1.1287e+01
6.2949e+00  1.1218e+01
6.3008e+00  1.1256e+01
6.3068e+00  1.1292e+01
6.3127e+00  1.1308e+01
6.3186e+00  1.1282e+01
6.3246e+00  1.1293e+01
6.3305e+00  1.1320e+01
6.3365e+00  1.1309e+01
6.3424e+00  1.1326e+01
6.3483e+00  1.1384e+01
6.3543e+00  1.1365e+01
6.3602e+00  1.1402e+01
6.3661e+00  1.1352e+01
6.3721e+00  1.1371e+01
6.3780e+00  1.1368e+01
6.3839e+00  1.1368e+01
6.3899e+00  1.1373e+01
6.3958e+00  1.1386e+01
6.4017e+00  1.1418e+01
6.4077e+00  1.1403e+01
6.4136e+00  1.1420e+01
6.4195e+00  1.1473e+01
6.4255e+00  1.1485e+01
6.4314e+00  1.1479e+01
6.4373e+00  1.1639e+01
6.4433e+00  1.1541e+01
6.4492e+00  1.1702e+01
6.4551e+00  1.1700e+01
6.4611e+00  1.1784e+01
6.4670e+00  1.1826e+01
6.4729e+00  1.1959e+01
6.4789e+00  1.2092e+01
6.4848e+00  1.2247e+01
6.4907e+00  1.2675e+01
6.4967e+00  1.3222e+01
6.5026e+00  1.4507e+01
6.5085e+00  1.7434e+01
6.5145e+00  2.4052e+01
6.5204e+00  3.8641e+01
6.5263e+00  6.7569e+01
6.5323e+00  9.2164e+01
6.5382e+00  1.1051e+02
6.5441e+00  9.7732e+01
6.5501e+00  7.9059e+01
6.5560e+00  6.4562e+01
6.5619e+00  5.9518e+01
6.5678e+00  4.6447e+01
6.5738e+00  3.6196e+01
6.5797e+00  2.7921e+01
6.5856e+00  2.1375e+01
6.5916e+00  1.7424e+01
6.5975e+00  1.5365e+01
6.6034e+00  1.4255e+01
6.6094e+00  1.3205e+01
6.6153e+00  1.2662e+01
6.6212e+00  1.2272e+01
6.6271e+00  1.2022e+01
6.6331e+00  1.1851e+01
6.6390e+00  1.1790e+01
6.6449e+00  1.1730e+01
6.6509e+00  1.1666e+01
6.6568e+00  1.1656e+01
6.6627e+00  1.1586e+01
6.6686e+00  1.1588e+01
6.6746e+00  1.1495e+01
6.6805e+00  1.1522e+01
6.6864e+00  1.1478e+01
6.6923e+00  1.1452e+01
6.6983e+00  1.1438e+01
6.7042e+00  1.1408e+01
6.7101e+00  1.1363e+01
6.7161e+00  1.1415e+01
6.7220e+00  1.1309e+01
6.7279e+00  1.1303e+01
6.7338e+00  1.1309e+01
6.7398e+00  1.1307e+01
6.7457e+00  1.1359e+01
6.7516e+00  1.1282e+01
6.7575e+00  1.1307e+01
6.7635e+00  1.1257e+01
6.7694e+00  1.1254e+01
6.7753e+00  1.1268e+01
6.7812e+00  1.1261e+01
6.7872e+00  1.1254e+01
6.7931e+00  1.1237e+01
6.7990e+00  1.1221e+01
6.8049e+00  1.1250e+01
6.8109e+00  1.1230e+01
6.8168e+00  1.1248e+01
6.8227e+00  1.1271e+01
6.8286e+00  1.1244e+01
6.8346e+00  1.1205e+01
6.8405e+00  1.1230e+01
6.8464e+00  1.1232e+01
6.8523e+00  1.1200e+01
6.8583e+00  1.1167e+01
6.8642e+00  1.1217e+01
6.8701e+00  1.1219e+01
6.8760e+00  1.1216e+01
6.8819e+00  1.1229e+01
6.8879e+00  1.1154e+01
6.8938e+00  1.1163e+01
6.8997e+00  1.1196e+01
6.9056e+00  1.1216e+01
6.9116e+00  1.1180e+01
6.9175e+00  1.1226e+01
6.9234e+00  1.1231e+01
6.9293e+00  1.1234e+01
6.9352e+00  1.1209e+01
6.9412e+00  1.1234e+01
6.9471e+00  1.1266e+01
6.9530e+00  1.1204e+01
6.9589e+00  1.1237e+01
6.9649e+00  1.1223e+01
6.9708e+00  1.1210e+01
6.9767e+00  1.1251e+01
6.9826e+00  1.1209e+01
6.9885e+00  1.1276e+01
6.9945e+00  1.1244e+01
7.0004e+00  1.1262e+01
7.0063e+00  1.1258e+01
7.0122e+00  1.1264e+01
7.0181e+00  1.1259e+01
7.0241e+00  1.1235e+01
7.0300e+00  1.1250e+01
7.0359e+00  1.1251e+01
7.0418e+00  1.1268e+01
7.0477e+00  1.1267e+01
7.0536e+00  1.1288e+01
7.0596e+00  1.1294e+01
7.0655e+00  1.1311e+01
7.0714e+00  1.1313e+01
7.0773e+00  1.1300e+01
7.0832e+00  1.1307e+01
7.0892e+00  1.1355e+01
7.0951e+00  1.1339e+01
7.1010e+00  1.1348e+01
7.1069e+00  1.1413e+01
7.1128e+00  1.1403e+01
7.1187e+00  1.1444e+01
7.1247e+00  1.1478e+01
7.1306e+00  1.1446e+01
7.1365e+00  1.1539e+01
7.1424e+00  1.1561e+01
7.1483e+00  1.1645e+01
7.1542e+00  1.1575e+01
7.1602e+00  1.1616e+01
7.1661e+00  1.1657e+01
7.1720e+00  1.1648e+01
7.1779e+00  1.1712e+01
7.1838e+00  1.1753e+01
7.1897e+00  1.1792e+01
7.1956e+00  1.1863e+01
7.2016e+00  1.1948e+01
7.2075e+00  1.2032e+01
7.2134e+00  1.2192e+01
7.2193e+00  1.2274e+01
7.2252e+00  1.2438e+01
7.2311e+00  1.2519e+01
7.2370e+00  1.2726e+01
7.2430e+00  1.2899e+01
7.2489e+00  1.3163e+01
7.2548e+00  1.3694e+01
7.2607e+00  1.4312e+01
7.2666e+00  1.5507e+01
7.2725e+00  1.7716e+01
7.2784e+00  2.2649e+01
7.2844e+00  3.2787e+01
7.2903e+00  5.5770e+01
7.2962e+00  9.8620e+01
7.3021e+00  1.5643e+02
7.3080e+00  2.0192e+02
7.3139e+00  2.0590e+02
7.3198e+00  1.7714e+02
7.3257e+00  1.4512e+02
7.3316e+00  1.2605e+02
7.3376e+00  1.0712e+02
7.3435e+00  8.7318e+01
7.3494e+00  6.5305e+01
7.3553e+00  4.9770e+01
7.3612e+00  3.7052e+01
7.3671e+00  2.7784e+01
7.3730e+00  2.2512e+01
7.3789e+00  1.8825e+01
7.3848e+00  1.6528e+01
7.3908e+00  1.4773e+01
7.3967e+00  1.3613e+01
7.4026e+00  1.3205e+01
7.4085e+00  1.2752e+01
7.4144e+00  1.2486e+01
7.4203e+00  1.2292e+01
7.4262e+00  1.2144e+01
7.4321e+00  1.2054e+01
7.4380e+00  1.1989e+01
7.4439e+00  1.1813e+01
7.4498e+00  1.1788e+01
7.4558e+00  1.1665e+01
7.4617e+00  1.1609e+01
7.4676e+00  1.1607e+01
7.4735e+00  1.1568e+01
7.4794e+00  1.1504e+01
7.4853e+00  1.1449e+01
7.4912e+00  1.1461e+01
7.4971e+00  1.1423e+01
7.5030e+00  1.1386e+01
7.5089e+00  1.1358e+01
7.5148e+00  1.1327e+01
7.5207e+00  1.1349e+01
7.5266e+00  1.1304e+01
7.5325e+00  1.1312e+01
7.5384e+00  1.1228e+01
7.5444e+00  1.1254e+01
7.5503e+00  1.1218e+01
7.5562e+00  1.1184e+01
7.5621e+00  1.1165e+01
7.5680e+00  1.1211e+01
7.5739e+00  1.1176e+01
7.5798e+00  1.1212e+01
7.5857e+00  1.1183e+01
7.5916e+00  1.1143e+01
7.5975e+00  1.1158e+01
7.6034e+00  1.1174e+01
7.6093e+00  1.1133e+01
7.6152e+00  1.1132e+01
7.6211e+00  1.1166e+01
7.6270e+00  1.1127e+01
7.6329e+00  1.1124e+01
7.6388e+00  1.1138e+01
7.6447e+00  1.1128e+01
7.6506e+00  1.1115e+01
7.6565e+00  1.1105e+01
7.6624e+00  1.1121e+01
7.6683e+00  1.1111e+01
7.6742e+00  1.1129e+01
7.6801e+00  1.1097e+01
7.6860e+00  1.1081e+01
7.6919e+00  1.1077e+01
7.6978e+00  1.1074e+01
7.7037e+00  1.1113e+01
7.7096e+00  1.1047e+01
7.7155e+00  1.1058e+01
7.7214e+00  1.1109e+01
7.7273e+00  1.1059e+01
7.7332e+00  1.1110e+01
7.7392e+00  1.1088e+01
7.7451e+00  1.1051e+01
7.7510e+00  1.1132e+01
7.7569e+00  1.1113e+01
7.7628e+00  1.1110e+01
7.7686e+00  1.1095e+01
7.7745e+00  1.1103e+01
7.7804e+00  1.1103e+01
7.7863e+00  1.1135e+01
7.7922e+00  1.1130e+01
7.7981e+00  1.1114e+01
7.8040e+00  1.1124e+01
7.8099e+00  1.1132e+01
7.8158e+00  1.1149e+01
7.8217e+00  1.1103e+01
7.8276e+00  1.1198e+01
7.8335e+00  1.1143e+01
7.8394e+00  1.1190e+01
7.8453e+00  1.1192e+01
7.8512e+00  1.1194e+01
7.8571e+00  1.1183e+01
7.8630e+00  1.1231e+01
7.8689e+00  1.1227e+01
7.8748e+00  1.1265e+01
7.8807e+00  1.1306e+01
7.8866e+00  1.1352e+01
7.8925e+00  1.1354e+01
7.8984e+00  1.1427e+01
7.9043e+00  1.1487e+01
7.9102e+00  1.1502e+01
7.9161e+00  1.1570e+01
7.9220e+00  1.1630e+01
7.9279e+00  1.1709e+01
7.9338e+00  1.1823e+01
7.9397e+00  1.1917e+01
7.9456e+00  1.2079e+01
7.9515e+00  1.2320e+01
7.9573e+00  1.2652e+01
7.9632e+00  1.3193e+01
7.9691e+00  1.4221e+01
7.9750e+00  1.6215e+01
7.9809e+00  2.0217e+01
7.9868e+00  2.9272e+01
7.9927e+00  4.6786e+01
7.9986e+00  7.4909e+01
8.0045e+00  1.0126e+02
8.0104e+00  1.1174e+02
8.0163e+00  1.0517e+02
8.0222e+00  8.7234e+01
8.0281e+00  7.5616e+01
8.0340e+00  6.4648e+01
8.0398e+00  5.4875e+01
8.0457e+00  4.7082e+01
8.0516e+00  3.6556e+01
8.0575e+00  2.8805e+01
8.0634e+00  2.3677e+01
8.0693e+00  1.9465e+01
8.0752e+00  1.6574e+01
8.0811e+00  1.4783e+01
8.0870e+00  1.3598e+01
8.0929e+00  1.2823e+01
8.0988e+00  1.2319e+01
8.1046e+00  1.2120e+01
8.1105e+00  1.1868e+01
8.1164e+00  1.1762e+01
8.1223e+00  1.1567e+01
8.1282e+00  1.1486e+01
8.1341e+00  1.1421e+01
8.1400e+00  1.1381e+01
8.1459e+00  1.1316e+01
8.1518e+00  1.1312e+01
8.1576e+00  1.1233e+01
8.1635e+00  1.1259e+01
8.1694e+00  1.1199e+01
8.1753e+00  1.1183e+01
8.1812e+00  1.1163e+01
8.1871e+00  1.1136e+01
8.1930e+00  1.1166e+01
8.1989e+00  1.1088e+01
8.2047e+00  1.1047e+01
8.2106e+00  1.1067e+01
8.2165e+00  1.1036e+01
8.2224e+00  1.0997e+01
8.2283e+00  1.1031e+01
8.2342e+00  1.1011e+01
8.2401e+00  1.1036e+01
8.2460e+00  1.1002e+01
8.2518e+00  1.1028e+01
8.2577e+00  1.0986e+01
8.2636e+00  1.0968e+01
8.2695e+00  1.0955e+01
8.2754e+00  1.0923e+01
8.2813e+00  1.0938e+01
8.2871e+00  1.0962e+01
8.2930e+00  1.0961e+01
8.2989e+00  1.0932e+01
8.3048e+00  1.0937e+01
8.3107e+00  1.0927e+01
8.3166e+00  1.0909e+01
8.3224e+00  1.0909e+01
8.3283e+00  1.0919e+01
8.3342e+00  1.0915e+01
8.3401e+00  1.0895e+01
8.3460e+00  1.0900e+01
8.3519e+00  1.0907e+01
8.3577e+00  1.0914e+01
8.3636e+00  1.0930e+01
8.3695e+00  1.0904e+01
8.3754e+00  1.0872e+01
8.3813e+00  1.0865e+01
8.3872e+00  1.0895e+01
8.3930e+00  1.0855e+01
8.3989e+00  1.0886e+01
8.4048e+00  1.0872e+01
8.4107e+00  1.0865e+01
8.4166e+00  1.0867e+01
8.4224e+00  1.0882e+01
8.4283e+00  1.0895e+01
8.4342e+00  1.0838e+01
8.4401e+00  1.0859e+01
8.4460e+00  1.0847e+01
8.4518e+00  1.0853e+01
8.4577e+00  1.0821e+01
8.4636e+00  1.0878e+01
8.4695e+00  1.0832e+01
8.4754e+00  1.0881e+01
8.4812e+00  1.0838e+01
8.4871e+00  1.0831e+01
8.4930e+00  1.0839e+01
8.4989e+00  1.0887e+01
8.5048e+00  1.0863e+01
8.5106e+00  1.0860e+01
8.5165e+00  1.0838e+01
8.5224e+00  1.0865e+01
8.5283e+00  1.0846e+01
8.5341e+00  1.0865e+01
8.5400e+00  1.0857e+01
8.5459e+00  1.0860e+01
8.5518e+00  1.0824e+01
8.5576e+00  1.0856e+01
8.5635e+00  1.0820e+01
8.5694e+00  1.0865e+01
8.5753e+00  1.0830e+01
8.5811e+00  1.0889e+01
8.5870e+00  1.0839e+01
8.5929e+00  1.0891e+01
8.5988e+00  1.0879e+01
8.6046e+00  1.0853e+01
8.6105e+00  1.0850e+01
8.6164e+00  1.0865e+01
8.6223e+00  1.0853e+01
8.6281e+00  1.0853e+01
8.6340e+00  1.0870e+01
8.6399e+00  1.0897e+01
8.6458e+00  1.0834e+01
8.6516e+00  1.0886e+01
8.6575e+00  1.0879e+01
8.6634e+00  1.0877e+01
8.6693e+00  1.0875e+01
8.6751e+00  1.0854e+01
8.6810e+00  1.0881e+01
8.6869e+00  1.0854e+01
8.6928e+00  1.0853e+01
8.6986e+00  1.0850e+01
8.7045e+00  1.0895e+01
8.7104e+00  1.0893e+01
8.7162e+00  1.0870e+01
8.7221e+00  1.0866e+01
8.7280e+00  1.0871e+01
8.7339e+00  1.0841e+01
8.7397e+00  1.0842e+01
8.7456e+00  1.0852e+01
8.7515e+00  1.0917e+01
8.7573e+00  1.0833e+01
8.7632e+00  1.0898e+01
8.7691e+00  1.0902e+01
8.7749e+00  1.0880e+01
8.7808e+00  1.0859e+01
8.7867e+00  1.0854e+01
8.7926e+00  1.0840e+01
8.7984e+00  1.0843e+01
8.8043e+00  1.0888e+01
8.8102e+00  1.0852e+01
8.8160e+00  1.0887e+01
8.8219e+00  1.0821e+01
8.8278e+00  1.0851e+01
8.8336e+00  1.0918e+01
8.8395e+00  1.0876e+01
8.8454e+00  1.0864e+01
8.8512e+00  1.0828e+01
8.8571e+00  1.0831e+01
8.8630e+00  1.0865e+01
8.8688e+00  1.0861e+01
8.8747e+00  1.0907e+01
8.8806e+00  1.0834e+01
8.8864e+00  1.0859e+01
8.8923e+00  1.0883e+01
8.8982e+00  1.0876e+01
8.9040e+00  1.0890e+01
8.9099e+00  1.0880e+01
8.9158e+00  1.0835e+01
8.9216e+00  1.0830e+01
8.9275e+00  1.0903e+01
8.9334e+00  1.0853e+01
8.9392e+00  1.0901e+01
8.9451e+00  1.0849e+01
8.9509e+00  1.0915e+01
8.9568e+00  1.0938e+01
8.9627e+00  1.0910e+01
8.9685e+00  1.0877e+01
8.9744e+00  1.0905e+01
8.9803e+00  1.0905e+01
8.9861e+00  1.0862e+01
8.9920e+00  1.0912e+01
8.9979e+00  1.0875e+01
9.0037e+00  1.0918e+01
9.0096e+00  1.0905e+01
9.0154e+00  1.0904e+01
9.0213e+00  1.0939e+01
9.0272e+00  1.0834e+01
9.0330e+00  1.0870e+01
9.0389e+00  1.0965e+01
9.0447e+00  1.0917e+01
9.0506e+00  1.0921e+01
9.0565e+00  1.0854e+01
9.0623e+00  1.0929e+01
9.0682e+00  1.0958e+01
9.0740e+00  1.0963e+01
9.0799e+00  1.1019e+01
9.0858e+00  1.0937e+01
9.0916e+00  1.0955e+01
9.0975e+00  1.0996e+01
9.1033e+00  1.1034e+01
9.1092e+00  1.1014e+01
9.1151e+00  1.1010e+01
9.1209e+00  1.1036e+01
9.1268e+00  1.1033e+01
9.1326e+00  1.1047e+01
9.1385e+00  1.1107e+01
9.1444e+00  1.1091e+01
9.1502e+00  1.1122e+01
9.1561e+00  1.1163e+01
9.1619e+00  1.1154e+01
9.1678e+00  1.1192e+01
9.1736e+00  1.1270e+01
9.1795e+00  1.1293e+01
9.1854e+00  1.1348e+01
9.1912e+00  1.1428e+01
9.1971e+00  1.1558e+01
9.2029e+00  1.1727e+01
9.2088e+00  1.2140e+01
9.2146e+00  1.2755e+01
9.2205e+00  1.4126e+01
9.2263e+00  1.6660e+01
9.2322e+00  2.1796e+01
9.2381e+00  3.0226e+01
9.2439e+00  3.8304e+01
9.2498e+00  4.7309e+01
9.2556e+00  4.9545e+01
9.2615e+00  4.7673e+01
9.2673e+00  4.2607e+01
9.2732e+00  3.5727e+01
9.2790e+00  3.1046e+01
9.2849e+00  2.6269e+01
9.2907e+00  2.1449e+01
9.2966e+00  1.8389e+01
9.3024e+00  1.5751e+01
9.3083e+00  1.4321e+01
9.3141e+00  1.3240e+01
9.3200e+00  1.2647e+01
9.3258e+00  1.2105e+01
9.3317e+00  1.1755e+01
9.3376e+00  1.1546e+01
9.3434e+00  1.1436e+01
9.3493e+00  1.1361e+01
9.3551e+00  1.1257e+01
9.3610e+00  1.1231e+01
9.3668e+00  1.1155e+01
9.3727e+00  1.1125e+01
9.3785e+00  1.1126e+01
9.3844e+00  1.1156e+01
9.3902e+00  1.1072e+01
9.3961e+00  1.1068e+01
9.4019e+00  1.1102e+01
9.4078e+00  1.1042e+01
9.4136e+00  1.1047e+01
9.4194e+00  1.1042e+01
9.4253e+00  1.1062e+01
9.4311e+00  1.1036e+01
9.4370e+00  1.1020e+01
9.4428e+00  1.1015e+01
9.4487e+00  1.1089e+01
9.4545e+00  1.1005e+01
9.4604e+00  1.1036e+01
9.4662e+00  1.1018e+01
9.4721e+00  1.1049e+01
9.4779e+00  1.1049e+01
9.4838e+00  1.1015e+01
9.4896e+00  1.0991e+01
9.4955e+00  1.0994e+01
9.5013e+00  1.1078e+01
9.5072e+00  1.1048e+01
9.5130e+00  1.1043e+01
9.5188e+00  1.1026e+01
9.5247e+00  1.1036e+01
9.5305e+00  1.1027e+01
9.5364e+00  1.1033e+01
9.5422e+00  1.1052e+01
9.5481e+00  1.1045e+01
9.5539e+00  1.1054e+01
9.5598e+00  1.1023e+01
9.5656e+00  1.1087e+01
9.5714e+00  1.1039e+01
9.5773e+00  1.1056e+01
9.5831e+00  1.1048e+01
9.5890e+00  1.1080e+01
9.5948e+00  1.1103e+01
9.6007e+00  1.1119e+01
9.6065e+00  1.1131e+01
9.6123e+00  1.1178e+01
9.6182e+00  1.1176e+01
9.6240e+00  1.1193e+01
9.6299e+00  1.1166e+01
9.6357e+00  1.1158e+01
9.6416e+00  1.1182e+01
9.6474e+00  1.1212e+01
9.6532e+00  1.1210e+01
9.6591e+00  1.1235e+01
9.6649e+00  1.1281e+01
9.6708e+00  1.1338e+01
9.6766e+00  1.1326e+01
9.6824e+00  1.1332e+01
9.6883e+00  1.1414e+01
9.6941e+00  1.1423e+01
9.7000e+00  1.1478e+01
9.7058e+00  1.1487e+01
9.7116e+00  1.1518e+01
9.7175e+00  1.1636e+01
9.7233e+00  1.1774e+01
9.7291e+00  1.1883e+01
9.7350e+00  1.2016e+01
9.7408e+00  1.2082e+01
9.7467e+00  1.2289e+01
9.7525e+00  1.2534e+01
9.7583e+00  1.2871e+01
9.7642e+00  1.3480e+01
9.7700e+00  1.4427e+01
9.7758e+00  1.6346e+01
9.7817e+00  1.9943e+01
9.7875e+00  2.7211e+01
9.7933e+00  4.1541e+01
9.7992e+00  6.3869e+01
9.8050e+00  8.8693e+01
9.8109e+00  1.0929e+02
9.8167e+00  1.1867e+02
9.8225e+00  1.1461e+02
9.8284e+00  1.0491e+02
9.8342e+00  9.2012e+01
9.8400e+00  7.6577e+01
9.8459e+00  6.1121e+01
9.8517e+00  4.7705e+01
9.8575e+00  3.7570e+01
9.8634e+00  3.0540e+01
9.8692e+00  2.3546e+01
9.8750e+00  1.9489e+01
9.8809e+00  1.6635e+01
9.8867e+00  1.4878e+01
9.8925e+00  1.3804e+01
9.8984e+00  1.2999e+01
9.9042e+00  1.2527e+01
9.9100e+00  1.2286e+01
9.9159e+00  1.2106e+01
9.9217e+00  1.1927e+01
9.9275e+00  1.1833e+01
9.9333e+00  1.1673e+01
9.9392e+00  1.1572e+01
9.9450e+00  1.1510e+01
9.9508e+00  1.1502e+01
9.9567e+00  1.1447e+01
9.9625e+00  1.1389e+01
9.9683e+00  1.1349e+01
9.9742e+00  1.1319e+01
9.9800e+00  1.1269e+01
9.9858e+00  1.1235e+01
9.9916e+00  1.1244e+01
9.9975e+00  1.1222e+01
1.0003e+01  1.1214e+01
1.0009e+01  1.1175e+01
1.0015e+01  1.1195e+01
1.0021e+01  1.1159e+01
1.0027e+01  1.1145e+01
1.0032e+01  1.1180e+01
1.0038e+01  1.1162e+01
1.0044e+01  1.1109e+01
1.0050e+01  1.1141e+01
1.0056e+01  1.1096e+01
1.0062e+01  1.1074e+01
1.0067e+01  1.1124e+01
1.0073e+01  1.1104e+01
1.0079e+01  1.1118e+01
1.0085e+01  1.1081e+01
1.0091e+01  1.1105e+01
1.0097e+01  1.1107e+01
1.0102e+01  1.1124e+01
1.0108e+01  1.1097e+01
1.0114e+01  1.1112e+01
1.0120e+01  1.1089e+01
1.0126e+01  1.1134e+01
1.0131e+01  1.1098e+01
1.0137e+01  1.1126e+01
1.0143e+01  1.1091e+01
1.0149e+01  1.1082e+01
1.0155e+01  1.1088e+01
1.0161e+01  1.1098e+01
1.0166e+01  1.1095e+01
1.0172e+01  1.1133e+01
1.0178e+01  1.1139e+01
1.0184e+01  1.1139e+01
1.0190e+01  1.1166e+01
1.0196e+01  1.1146e+01
1.0201e+01  1.1167e+01
1.0207e+01  1.1175e+01
1.0213e+01  1.1215e+01
1.0219e+01  1.1262e+01
1.0225e+01  1.1263e+01
1.0230e+01  1.1305e+01
1.0236e+01  1.1307e+01
1.0242e+01  1.1339e+01
1.0248e+01  1.1341e+01
1.0254e+01  1.1407e+01
1.0260e+01  1.1436e+01
1.0265e+01  1.1527e+01
1.0271e+01  1.1585e+01
1.0277e+01  1.1832e+01
1.0283e+01  1.1939e+01
1.0289e+01  1.2161e+01
1.0294e+01  1.2452e+01
1.0300e+01  1.3039e+01
1.0306e+01  1.4052e+01
1.0312e+01  1.6128e+01
1.0318e+01  2.0420e+01
1.0324e+01  2.8397e+01
1.0329e+01  4.1746e+01
1.0335e+01  5.8617e+01
1.0341e+01  7.6240e+01
1.0347e+01  8.6825e+01
1.0353e+01  8.9342e+01
1.0358e+01  8.5757e+01
1.0364e+01  7.5410e+01
1.0370e+01  6.4366e+01
1.0376e+01  5.3016e+01
1.0382e+01  4.1347e+01
1.0388e+01  3.2629e+01
1.0393e+01  2.5290e+01
1.0399e+01  2.0928e+01
1.0405e+01  1.7690e+01
1.0411e+01  1.5501e+01
1.0417e+01  1.4195e+01
1.0422e+01  1.3197e+01
1.0428e+01  1.2514e+01
1.0434e+01  1.2167e+01
1.0440e+01  1.1883e+01
1.0446e+01  1.1709e+01
1.0451e+01  1.1598e+01
1.0457e+01  1.1531e+01
1.0463e+01  1.1448e+01
1.0469e+01  1.1385e+01
1.0475e+01  1.1316e+01
1.0481e+01  1.1307e+01
1.0486e+01  1.1300e+01
1.0492e+01  1.1257e+01
1.0498e+01  1.1220e+01
1.0504e+01  1.1242e+01
1.0510e+01  1.1176e+01
1.0515e+01  1.1188e+01
1.0521e+01  1.1146e+01
1.0527e+01  1.1140e+01
1.0533e+01  1.1117e+01
1.0539e+01  1.1082e+01
1.0544e+01  1.1076e+01
1.0550e+01  1.1080e+01
1.0556e+01  1.1101e+01
1.0562e+01  1.1043e+01
1.0568e+01  1.1023e+01
1.0573e+01  1.1088e+01
1.0579e+01  1.1061e+01
1.0585e+01  1.1004e+01
1.0591e+01  1.1034e+01
1.0597e+01  1.1004e+01
1.0602e+01  1.1007e+01
1.0608e+01  1.1002e+01
1.0614e+01  1.1053e+01
1.0620e+01  1.1053e+01
1.0626e+01  1.1028e+01
1.0632e+01  1.1025e+01
1.0637e+01  1.1038e+01
1.0643e+01  1.1002e+01
1.0649e+01  1.1004e+01
1.0655e+01  1.1027e+01
1.0661e+01  1.1036e+01
1.0666e+01  1.1038e+01
1.0672e+01  1.1007e+01
1.0678e+01  1.0996e+01
1.0684e+01  1.1018e+01
1.0690e+01  1.1053e+01
1.0695e+01  1.1035e+01
1.0701e+01  1.1041e+01
1.0707e+01  1.1080e+01
1.0713e+01  1.1080e+01
1.0719e+01  1.1051e+01
1.0724e+01  1.1085e+01
1.0730e+01  1.1111e+01
1.0736e+01  1.1147e+01
1.0742e+01  1.1193e+01
1.0748e+01  1.1194e+01
1.0753e+01  1.1226e+01
1.0759e+01  1.1192e+01
1.0765e+01  1.1261e+01
1.0771e+01  1.1281e+01
1.0777e+01  1.1369e+01
1.0782e+01  1.1404e+01
1.0788e+01  1.1512e+01
1.0794e+01  1.1622e+01
1.0800e+01  1.1906e+01
1.0806e+01  1.2285e+01
1.0811e+01  1.2811e+01
1.0817e+01  1.4137e+01
1.0823e+01  1.6586e+01
1.0829e+01  2.1064e+01
1.0835e+01  2.8905e+01
1.0840e+01  3.8183e+01
1.0846e+01  4.7677e+01
1.0852e+01  5.4185e+01
1.0858e+01  5.8744e+01
1.0864e+01  5.7158e+01
1.0869e+01  5.2739e+01
1.0875e+01  4.6386e+01
1.0881e+01  3.9024e+01
1.0887e+01  3.1826e+01
1.0893e+01  2.5757e+01
1.0898e+01  2.1790e+01
1.0904e+01  1.8347e+01
1.0910e+01  1.5804e+01
1.0916e+01  1.4215e+01
1.0921e+01  1.3278e+01
1.0927e+01  1.2433e+01
1.0933e+01  1.2047e+01
1.0939e+01  1.1719e+01
1.0945e+01  1.1562e+01
1.0950e+01  1.1416e+01
1.0956e+01  1.1388e+01
1.0962e+01  1.1230e+01
1.0968e+01  1.1267e+01
1.0974e+01  1.1198e+01
1.0979e+01  1.1158e+01
1.0985e+01  1.1168e+01
1.0991e+01  1.1145e+01
1.0997e+01  1.1110e+01
1.1003e+01  1.1068e+01
1.1008e+01  1.1087e+01
1.1014e+01  1.1065e+01
1.1020e+01  1.1027e+01
1.1026e+01  1.0996e+01
1.1032e+01  1.1043e+01
1.1037e+01  1.1001e+01
1.1043e+01  1.1019e+01
1.1049e+01  1.0942e+01
1.1055e+01  1.0990e+01
1.1060e+01  1.0946e+01
1.1066e+01  1.0960e+01
1.1072e+01  1.0932e+01
1.1078e+01  1.0957e+01
1.1084e+01  1.0962e+01
1.1089e+01  1.0873e+01
1.1095e+01  1.0909e+01
1.1101e+01  1.0925e+01
1.1107e+01  1.0926e+01
1.1113e+01  1.0862e+01
1.1118e+01  1.0922e+01
1.1124e+01  1.0917e+01
1.1130e+01  1.0908e+01
1.1136e+01  1.0769e+01
1.1142e+01  1.0940e+01
1.1147e+01  1.0914e+01
1.1153e+01  1.0906e+01
1.1159e+01  1.0777e+01
1.1165e+01  1.0916e+01
1.1170e+01  1.0914e+01
1.1176e+01  1.0900e+01
1.1182e+01  1.0930e+01
1.1188e+01  1.0893e+01
1.1194e+01  1.0895e+01
1.1199e+01  1.0933e+01
1.1205e+01  1.0881e+01
1.1211e+01  1.0936e+01
1.1217e+01  1.0915e+01
1.1222e+01  1.0943e+01
1.1228e+01  1.0918e+01
1.1234e+01  1.0912e+01
1.1240e+01  1.0926e+01
1.1246e+01  1.0949e+01
1.1251e+01  1.0921e+01
1.1257e+01  1.0920e+01
1.1263e+01  1.0926e+01
1.1269e+01  1.0938e+01
1.1275e+01  1.1016e+01
1.1280e+01  1.1010e+01
1.1286e+01  1.1033e+01
1.1292e+01  1.1168e+01
1.1298e+01  1.1288e+01
1.1303e+01  1.1579e+01
1.1309e+01  1.2017e+01
1.1315e+01  1.2818e+01
1.1321e+01  1.4039e+01
1.1327e+01  1.5379e+01
1.1332e+01  1.6798e+01
1.1338e+01  1.7930e+01
1.1344e+01  1.8013e+01
1.1350e+01  1.7964e+01
1.1355e+01  1.6805e+01
1.1361e+01  1.5891e+01
1.1367e+01  1.4906e+01
1.1373e+01  1.3739e+01
1.1379e+01  1.2967e+01
1.1384e+01  1.2283e+01
1.1390e+01  1.1787e+01
1.1396e+01  1.1486e+01
1.1402e+01  1.1313e+01
1.1407e+01  1.1173e+01
1.1413e+01  1.1103e+01
1.1419e+01  1.0994e+01
1.1425e+01  1.0987e+01
1.1430e+01  1.0977e+01
1.1436e+01  1.0967e+01
1.1442e+01  1.0929e+01
1.1448e+01  1.0798e+01
1.1454e+01  1.0767e+01
1.1459e+01  1.0920e+01
1.1465e+01  1.0930e+01
1.1471e+01  1.0918e+01
1.1477e+01  1.0791e+01
1.1482e+01  1.0805e+01
1.1488e+01  1.0781e+01
1.1494e+01  1.0782e+01
1.1500e+01  1.0878e+01
1.1506e+01  1.0780e+01
1.1511e+01  1.0778e+01
1.1517e+01  1.0773e+01
1.1523e+01  1.0740e+01
1.1529e+01  1.0770e+01
1.1534e+01  1.0764e+01
1.1540e+01  1.0742e+01
1.1546e+01  1.0785e+01
1.1552e+01  1.0768e+01
1.1557e+01  1.0919e+01
1.1563e+01  1.0895e+01
1.1569e+01  1.0892e+01
1.1575e+01  1.0767e+01
1.1581e+01  1.0766e+01
1.1586e+01  1.0767e+01
1.1592e+01  1.0775e+01
1.1598e+01  1.0812e+01
1.1604e+01  1.0766e+01
1.1609e+01  1.0782e+01
1.1615e+01  1.0868e+01
1.1621e+01  1.0803e+01
1.1627e+01  1.0928e+01
1.1632e+01  1.0762e+01
1.1638e+01  1.0936e+01
1.1644e+01  1.0854e+01
1.1650e+01  1.0894e+01
1.1655e+01  1.0945e+01
1.1661e+01  1.0986e+01
1.1667e+01  1.0935e+01
1.1673e+01  1.0994e+01
1.1679e+01  1.0923e+01
1.1684e+01  1.0998e+01
1.1690e+01  1.0980e+01
1.1696e+01  1.1033e+01
1.1702e+01  1.1097e+01
1.1707e+01  1.1022e+01
1.1713e+01  1.1064e+01
1.1719e+01  1.1114e+01
1.1725e+01  1.1092e+01
1.1730e+01  1.1173e+01
1.1736e+01  1.1173e+01
1.1742e+01  1.1328e+01
1.1748e+01  1.1431e+01
1.1753e+01  1.1646e+01
1.1759e+01  1.2105e+01
1.1765e+01  1.2894e+01
1.1771e+01  1.4380e+01
1.1776e+01  1.7129e+01
1.1782e+01  2.1276e+01
1.1788e+01  2.6334e+01
1.1794e+01  3.1210e+01
1.1800e+01  3.6139e+01
1.1805e+01  3.8181e+01
1.1811e+01  3.8818e+01
1.1817e+01  3.7281e+01
1.1823e+01  3.3735e+01
1.1828e+01  2.9085e+01
1.1834e+01  2.5102e+01
1.1840e+01  2.1561e+01
1.1846e+01  1.8356e+01
1.1851e+01  1.6149e+01
1.1857e+01  1.4573e+01
1.1863e+01  1.3368e+01
1.1869e+01  1.2538e+01
1.1874e+01  1.2049e+01
1.1880e+01  1.1720e+01
1.1886e+01  1.1551e+01
1.1892e+01  1.1308e+01
1.1897e+01  1.1255e+01
1.1903e+01  1.1165e+01
1.1909e+01  1.1099e+01
1.1915e+01  1.1075e+01
1.1920e+01  1.1084e+01
1.1926e+01  1.1060e+01
1.1932e+01  1.1039e+01
1.1938e+01  1.0997e+01
1.1943e+01  1.1031e+01
1.1949e+01  1.1004e+01
1.1955e+01  1.1005e+01
1.1961e+01  1.0947e+01
1.1966e+01  1.0977e+01
1.1972e+01  1.0970e+01
1.1978e+01  1.0947e+01
1.1984e+01  1.0941e+01
1.1989e+01  1.0969e+01
1.1995e+01  1.0845e+01
1.2001e+01  1.0969e+01
1.2007e+01  1.1000e+01
1.2012e+01  1.0955e+01
1.2018e+01  1.0969e+01
1.2024e+01  1.0943e+01
1.2030e+01  1.0948e+01
1.2035e+01  1.0992e+01
1.2041e+01  1.0808e+01
1.2047e+01  1.0832e+01
1.2053e+01  1.0846e+01
1.2058e+01  1.0973e+01
1.2064e+01  1.0973e+01
1.2070e+01  1.0973e+01
1.2076e+01  1.0981e+01
1.2081e+01  1.1045e+01
1.2087e+01  1.1010e+01
1.2093e+01  1.1027e+01
1.2099e+01  1.1105e+01
1.2104e+01  1.1010e+01
1.2110e+01  1.1072e+01
1.2116e+01  1.1084e+01
1.2122e+01  1.1162e+01
1.2127e+01  1.1131e+01
1.2133e+01  1.1169e+01
1.2139e+01  1.1221e+01
1.2145e+01  1.1234e+01
1.2150e+01  1.1259e+01
1.2156e+01  1.1295e+01
1.2162e+01  1.1367e+01
1.2168e+01  1.1431e+01
1.2173e+01  1.1513e+01
1.2179e+01  1.1655e+01
1.2185e+01  1.1788e+01
1.2191e+01  1.2020e+01
1.2196e+01  1.2307e+01
1.2202e+01  1.2851e+01
1.2208e+01  1.3904e+01
1.2214e+01  1.5861e+01
1.2219e+01  1.9377e+01
1.2225e+01  2.5101e+01
1.2231e+01  3.3563e+01
1.2236e+01  4.2938e+01
1.2242e+01  5.3318e+01
1.2248e+01  6.0490e+01
1.2254e+01  6.5206e+01
1.2259e+01  6.5421e+01
1.2265e+01  6.1601e+01
1.2271e+01  5.5349e+01
1.2277e+01  4.7439e+01
1.2282e+01  3.9061e+01
1.2288e+01  3.1974e+01
1.2294e+01  2.6325e+01
1.2300e+01  2.1400e+01
1.2305e+01  1.8252e+01
1.2311e+01  1.5970e+01
1.2317e+01  1.4580e+01
1.2323e+01  1.3454e+01
1.2328e+01  1.2822e+01
1.2334e+01  1.2280e+01
1.2340e+01  1.1899e+01
1.2345e+01  1.1800e+01
1.2351e+01  1.1543e+01
1.2357e+01  1.1461e+01
1.2363e+01  1.1355e+01
1.2368e+01  1.1268e+01
1.2374e+01  1.1234e+01
1.2380e+01  1.1263e+01
1.2386e+01  1.1188e+01
1.2391e+01  1.1139e+01
1.2397e+01  1.1117e+01
1.2403e+01  1.1125e+01
1.2409e+01  1.1083e+01
1.2414e+01  1.1059e+01
1.2420e+01  1.1074e+01
1.2426e+01  1.1062e+01
1.2431e+01  1.1014e+01
1.2437e+01  1.1058e+01
1.2443e+01  1.0982e+01
1.2449e+01  1.1038e+01
1.2454e+01  1.0838e+01
1.2460e+01  1.0865e+01
1.2466e+01  1.0997e+01
1.2472e+01  1.0833e+01
1.2477e+01  1.0864e+01
1.2483e+01  1.0838e+01
1.2489e+01  1.0857e+01
1.2495e+01  1.0819e+01
1.2500e+01  1.0780e+01
1.2506e+01  1.0827e+01
1.2512e+01  1.0868e+01
1.2517e+01  1.0831e+01
1.2523e+01  1.0957e+01
1.2529e+01  1.0797e+01
1.2535e+01  1.0805e+01
1.2540e+01  1.0790e+01
1.2546e+01  1.0778e+01
1.2552e+01  1.0816e+01
1.2557e+01  1.0822e+01
1.2563e+01  1.0785e+01
1.2569e+01  1.0795e+01
1.2575e+01  1.0768e+01
1.2580e+01  1.0788e+01
1.2586e+01  1.0813e+01
1.2592e+01  1.0736e+01
1.2598e+01  1.0773e+01
1.2603e+01  1.0741e+01
1.2609e+01  1.0799e+01
1.2615e+01  1.0816e+01
1.2620e+01  1.0824e+01
1.2626e+01  1.0815e+01
1.2632e+01  1.0787e+01
1.2638e+01  1.0747e+01
1.2643e+01  1.0807e+01
1.2649e+01  1.0799e+01
1.2655e+01  1.0753e+01
1.2660e+01  1.0786e+01
1.2666e+01  1.0793e+01
1.2672e+01  1.0790e+01
1.2678e+01  1.0745e+01
1.2683e+01  1.0783e+01
1.2689e+01  1.0799e+01
1.2695e+01  1.0772e+01
1.2700e+01  1.0819e+01
1.2706e+01  1.0799e+01
1.2712e+01  1.0758e+01
1.2718e+01  1.0754e+01
1.2723e+01  1.0756e+01
1.2729e+01  1.0746e+01
1.2735e+01  1.0798e+01
1.2740e+01  1.0750e+01
1.2746e+01  1.0760e+01
1.2752e+01  1.0721e+01
1.2758e+01  1.0785e+01
1.2763e+01  1.0730e+01
1.2769e+01  1.0752e+01
1.2775e+01  1.0767e+01
1.2780e+01  1.0810e+01
1.2786e+01  1.0770e+01
1.2792e+01  1.0772e+01
1.2798e+01  1.0725e+01
1.2803e+01  1.0749e+01
1.2809e+01  1.0782e+01
1.2815e+01  1.0748e+01
1.2820e+01  1.0778e+01
1.2826e+01  1.0736e+01
1.2832e+01  1.0721e+01
1.2838e+01  1.0749e+01
1.2843e+01  1.0763e+01
1.2849e+01  1.0784e+01
1.2855e+01  1.0805e+01
1.2860e+01  1.0786e+01
1.2866e+01  1.0799e+01
1.2872e+01  1.0812e+01
1.2877e+01  1.0740e+01
1.2883e+01  1.0754e+01
1.2889e+01  1.0788e+01
1.2895e+01  1.0757e+01
1.2900e+01  1.0808e+01
1.2906e+01  1.0783e+01
1.2912e+01  1.0817e+01
1.2917e+01  1.0769e+01
1.2923e+01  1.0860e+01
1.2929e+01  1.0780e+01
1.2935e+01  1.0764e+01
1.2940e+01  1.0754e+01
1.2946e+01  1.0778e+01
1.2952e+01  1.0771e+01
1.2957e+01  1.0824e+01
1.2963e+01  1.0776e+01
1.2969e+01  1.0818e+01
1.2974e+01  1.0835e+01
1.2980e+01  1.0800e+01
1.2986e+01  1.0801e+01
1.2992e+01  1.0832e+01
1.2997e+01  1.0898e+01
1.3003e+01  1.0812e+01
1.3009e+01  1.0853e+01
1.3014e+01  1.0861e+01
1.3020e+01  1.0862e+01
1.3026e+01  1.0842e+01
1.3031e+01  1.0838e+01
1.3037e+01  1.0898e+01
1.3043e+01  1.1031e+01
1.3048e+01  1.1088e+01
1.3054e+01  1.1209e+01
1.3060e+01  1.1459e+01
1.3066e+01  1.1867e+01
1.3071e+01  1.2441e+01
1.3077e+01  1.3403e+01
1.3083e+01  1.4607e+01
1.3088e+01  1.5950e+01
1.3094e+01  1.7173e+01
1.3100e+01  1.8181e+01
1.3105e+01  1.8525e+01
1.3111e+01  1.8167e+01
1.3117e+01  1.8139e+01
1.3122e+01  1.7160e+01
1.3128e+01  1.5922e+01
1.3134e+01  1.4915e+01
1.3139e+01  1.3861e+01
1.3145e+01  1.3303e+01
1.3151e+01  1.2468e+01
1.3157e+01  1.1971e+01
1.3162e+01  1.1549e+01
1.3168e+01  1.1379e+01
1.3174e+01  1.1207e+01
1.3179e+01  1.1093e+01
1.3185e+01  1.1019e+01
1.3191e+01  1.0933e+01
1.3196e+01  1.0941e+01
1.3202e+01  1.0909e+01
1.3208e+01  1.0918e+01
1.3213e+01  1.0833e+01
1.3219e+01  1.0839e+01
1.3225e+01  1.0878e+01
1.3230e+01  1.0810e+01
1.3236e+01  1.0871e+01
1.3242e+01  1.0806e+01
1.3247e+01  1.0815e+01
1.3253e+01  1.0902e+01
1.3259e+01  1.0823e+01
1.3264e+01  1.0924e+01
1.3270e+01  1.0880e+01
1.3276e+01  1.0867e+01
1.3282e+01  1.0857e+01
1.3287e+01  1.0875e+01
1.3293e+01  1.0818e+01
1.3299e+01  1.0862e+01
1.3304e+01  1.0825e+01
1.3310e+01  1.0880e+01
1.3316e+01  1.0907e+01
1.3321e+01  1.0905e+01
1.3327e+01  1.0838e+01
1.3333e+01  1.0936e+01
1.3338e+01  1.0901e+01
1.3344e+01  1.0911e+01
1.3350e+01  1.0963e+01
1.3355e+01  1.0932e+01
1.3361e+01  1.1066e+01
1.3367e+01  1.1107e+01
1.3372e+01  1.1054e+01
1.3378e+01  1.1073e+01
1.3384e+01  1.1092e+01
1.3389e+01  1.1116e+01
1.3395e+01  1.1150e+01
1.3401e+01  1.1155e+01
1.3406e+01  1.1238e+01
1.3412e+01  1.1245e+01
1.3418e+01  1.1278e+01
1.3423e+01  1.1372e+01
1.3429e+01  1.1438e+01
1.3435e+01  1.1510e+01
1.3440e+01  1.1591e+01
1.3446e+01  1.1776e+01
1.3452e+01  1.2132e+01
1.3457e+01  1.2665e+01
1.3463e+01  1.3677e+01
1.3469e+01  1.5432e+01
1.3474e+01  1.8819e+01
1.3480e+01  2.3267e+01
1.3486e+01  2.8741e+01
1.3491e+01  3.5789e+01
1.3497e+01  4.1794e+01
1.3503e+01  4.6919e+01
1.3508e+01  5.0667e+01
1.3514e+01  5.0801e+01
1.3520e+01  4.8670e+01
1.3525e+01  4.5365e+01
1.3531e+01  3.9323e+01
1.3536e+01  3.4381e+01
1.3542e+01  2.8636e+01
1.3548e+01  2.4290e+01
1.3553e+01  2.0617e+01
1.3559e+01  1.7898e+01
1.3565e+01  1.5456e+01
1.3570e+01  1.4193e+01
1.3576e+01  1.3290e+01
1.3582e+01  1.2618e+01
1.3587e+01  1.2099e+01
1.3593e+01  1.1808e+01
1.3599e+01  1.1605e+01
1.3604e+01  1.1528e+01
1.3610e+01  1.1399e+01
1.3616e+01  1.1328e+01
1.3621e+01  1.1307e+01
1.3627e+01  1.1236e+01
1.3633e+01  1.1182e+01
1.3638e+01  1.1157e+01
1.3644e+01  1.1119e+01
1.3649e+01  1.1127e+01
1.3655e+01  1.1141e+01
1.3661e+01  1.1114e+01
1.3666e+01  1.1103e+01
1.3672e+01  1.1010e+01
1.3678e+01  1.1045e+01
1.3683e+01  1.1005e+01
1.3689e+01  1.0963e+01
1.3695e+01  1.0948e+01
1.3700e+01  1.0946e+01
1.3706e+01  1.0931e+01
1.3712e+01  1.0929e+01
1.3717e+01  1.0933e+01
1.3723e+01  1.0971e+01
1.3728e+01  1.0911e+01
1.3734e+01  1.0930e+01
1.3740e+01  1.0961e+01
1.3745e+01  1.0923e+01
1.3751e+01  1.0940e+01
1.3757e+01  1.0930e+01
1.3762e+01  1.1095e+01
1.3768e+01  1.1056e+01
1.3774e+01  1.0988e+01
1.3779e+01  1.1063e+01
1.3785e+01  1.1100e+01
1.3790e+01  1.1109e+01
1.3796e+01  1.1175e+01
1.3802e+01  1.1125e+01
1.3807e+01  1.1162e+01
1.3813e+01  1.1233e+01
1.3819e+01  1.1234e+01
1.3824e+01  1.1326e+01
1.3830e+01  1.1381e+01
1.3836e+01  1.1561e+01
1.3841e+01  1.1678e+01
1.3847e+01  1.1979e+01
1.3852e+01  1.2622e+01
1.3858e+01  1.3623e+01
1.3864e+01  1.5545e+01
1.3869e+01  1.8325e+01
1.3875e+01  2.2400e+01
1.3881e+01  2.7852e+01
1.3886e+01  3.4117e+01
1.3892e+01  3.7467e+01
1.3897e+01  4.1507e+01
1.3903e+01  4.3102e+01
1.3909e+01  4.2623e+01
1.3914e+01  4.1476e+01
1.3920e+01  3.7017e+01
1.3926e+01  3.3343e+01
1.3931e+01  2.8925e+01
1.3937e+01  2.4980e+01
1.3942e+01  2.1687e+01
1.3948e+01  1.8565e+01
1.3954e+01  1.6561e+01
1.3959e+01  1.4989e+01
1.3965e+01  1.3757e+01
1.3971e+01  1.2998e+01
1.3976e+01  1.2362e+01
1.3982e+01  1.1895e+01
1.3987e+01  1.1677e+01
1.3993e+01  1.1475e+01
1.3999e+01  1.1348e+01
1.4004e+01  1.1280e+01
1.4010e+01  1.1138e+01
1.4015e+01  1.1126e+01
1.4021e+01  1.1114e+01
1.4027e+01  1.1030e+01
1.4032e+01  1.0958e+01
1.4038e+01  1.0935e+01
1.4044e+01  1.0955e+01
1.4049e+01  1.0966e+01
1.4055e+01  1.0908e+01
1.4060e+01  1.0927e+01
1.4066e+01  1.0897e+01
1.4072e+01  1.0830e+01
1.4077e+01  1.0944e+01
1.4083e+01  1.0851e+01
1.4088e+01  1.0858e+01
1.4094e+01  1.0879e+01
1.4100e+01  1.0857e+01
1.4105e+01  1.0795e+01
1.4111e+01  1.0873e+01
1.4116e+01  1.0815e+01
1.4122e+01  1.0750e+01
1.4128e+01  1.0747e+01
1.4133e+01  1.0786e+01
1.4139e+01  1.0792e+01
1.4144e+01  1.0846e+01
1.4150e+01  1.0883e+01
1.4156e+01  1.0885e+01
1.4161e+01  1.0799e+01
1.4167e+01  1.0819e+01
1.4172e+01  1.0867e+01
1.4178e+01  1.0927e+01
1.4184e+01  1.0900e+01
1.4189e+01  1.0851e+01
1.4195e+01  1.0868e+01
1.4200e+01  1.0862e+01
1.4206e+01  1.0972e+01
1.4212e+01  1.0920e+01
1.4217e+01  1.1026e+01
1.4223e+01  1.1112e+01
1.4228e+01  1.1238e+01
1.4234e+01  1.1505e+01
1.4240e+01  1.1878e+01
1.4245e+01  1.2743e+01
1.4251e+01  1.3785e+01
1.4256e+01  1.5311e+01
1.4262e+01  1.6601e+01
1.4268e+01  1.8332e+01
1.4273e+01  1.9684e+01
1.4279e+01  2.0619e+01
1.4284e+01  2.1582e+01
1.4290e+01  2.1496e+01
1.4296e+01  2.1078e+01
1.4301e+01  2.0259e+01
1.4307e+01  1.8681e+01
1.4312e+01  1.7393e+01
1.4318e+01  1.5812e+01
1.4323e+01  1.4987e+01
1.4329e+01  1.3991e+01
1.4335e+01  1.3275e+01
1.4340e+01  1.2660e+01
1.4346e+01  1.2136e+01
1.4351e+01  1.1750e+01
1.4357e+01  1.1470e+01
1.4363e+01  1.1279e+01
1.4368e+01  1.1204e+01
1.4374e+01  1.1096e+01
1.4379e+01  1.0999e+01
1.4385e+01  1.0872e+01
1.4390e+01  1.0874e+01
1.4396e+01  1.0855e+01
1.4402e+01  1.0798e+01
1.4407e+01  1.0835e+01
1.4413e+01  1.0782e+01
1.4418e+01  1.0817e+01
1.4424e+01  1.0732e+01
1.4429e+01  1.0782e+01
1.4435e+01  1.0873e+01
1.4441e+01  1.0837e+01
1.4446e+01  1.0839e+01
1.4452e+01  1.0767e+01
1.4457e+01  1.0818e+01
1.4463e+01  1.0725e+01
1.4469e+01  1.0871e+01
1.4474e+01  1.0749e+01
1.4480e+01  1.0813e+01
1.4485e+01  1.0794e+01
1.4491e+01  1.0749e+01
1.4496e+01  1.0826e+01
1.4502e+01  1.0674e+01
1.4507e+01  1.0830e+01
1.4513e+01  1.0773e+01
1.4519e+01  1.0745e+01
1.4524e+01  1.0756e+01
1.4530e+01  1.0735e+01
1.4535e+01  1.0826e+01
1.4541e+01  1.0807e+01
1.4546e+01  1.0837e+01
1.4552e+01  1.0869e+01
1.4558e+01  1.0793e+01
1.4563e+01  1.0804e+01
1.4569e+01  1.0841e+01
1.4574e+01  1.0841e+01
1.4580e+01  1.0989e+01
1.4585e+01  1.0985e+01
1.4591e+01  1.1022e+01
1.4597e+01  1.1191e+01
1.4602e+01  1.1445e+01
1.4608e+01  1.1695e+01
1.4613e+01  1.2304e+01
1.4619e+01  1.3156e+01
1.4624e+01  1.4989e+01
1.4630e+01  1.6917e+01
1.4635e+01  1.9654e+01
1.4641e+01  2.2174e+01
1.4647e+01  2.4462e+01
1.4652e+01  2.6261e+01
1.4658e+01  2.6323e+01
1.4663e+01  2.5484e+01
1.4669e+01  2.4636e+01
1.4674e+01  2.3026e+01
1.4680e+01  2.1599e+01
1.4685e+01  2.0247e+01
1.4691e+01  1.8349e+01
1.4697e+01  1.6937e+01
1.4702e+01  1.5178e+01
1.4708e+01  1.4237e+01
1.4713e+01  1.3265e+01
1.4719e+01  1.2588e+01
1.4724e+01  1.2146e+01
1.4730e+01  1.1733e+01
1.4735e+01  1.1479e+01
1.4741e+01  1.1337e+01
1.4746e+01  1.1047e+01
1.4752e+01  1.0970e+01
1.4758e+01  1.0974e+01
1.4763e+01  1.0942e+01
1.4769e+01  1.0870e+01
1.4774e+01  1.0808e+01
1.4780e+01  1.0852e+01
1.4785e+01  1.0793e+01
1.4791e+01  1.0772e+01
1.4796e+01  1.0797e+01
1.4802e+01  1.0777e+01
1.4807e+01  1.0826e+01
1.4813e+01  1.0754e+01
1.4818e+01  1.0747e+01
1.4824e+01  1.0721e+01
1.4830e+01  1.0850e+01
1.4835e+01  1.0841e+01
1.4841e+01  1.0781e+01
1.4846e+01  1.0791e+01
1.4852e+01  1.0830e+01
1.4857e+01  1.0768e+01
1.4863e+01  1.0715e+01
1.4868e+01  1.0741e+01
1.4874e+01  1.0809e+01
1.4879e+01  1.0829e+01
1.4885e+01  1.0803e+01
1.4890e+01  1.0830e+01
1.4896e+01  1.0806e+01
1.4901e+01  1.0820e+01
1.4907e+01  1.0906e+01
1.4913e+01  1.0875e+01
1.4918e+01  1.0976e+01
1.4924e+01  1.0877e+01
1.4929e+01  1.0878e+01
1.4935e+01  1.0999e+01
1.4940e+01  1.1149e+01
1.4946e+01  1.1286e+01
1.4951e+01  1.1246e+01
1.4957e+01  1.1448e+01
1.4962e+01  1.1832e+01
1.4968e+01  1.2315e+01
1.4973e+01  1.3146e+01
1.4979e+01  1.4668e+01
1.4984e+01  1.7129e+01
1.4990e+01  2.0614e+01
1.4995e+01  2.4345e+01
1.5001e+01  2.7718e+01
1.5006e+01  3.1923e+01
1.5012e+01  3.4398e+01
1.5017e+01  3.6347e+01
1.5023e+01  3.5717e+01
1.5028e+01  3.5817e+01
1.5034e+01  3.3608e+01
1.5040e+01  3.2298e+01
1.5045e+01  2.9324e+01
1.5051e+01  2.7511e+01
1.5056e+01  2.3867e+01
1.5062e+01  2.1899e+01
1.5067e+01  1.9307e+01
1.5073e+01  1.7241e+01
1.5078e+01  1.5606e+01
1.5084e+01  1.4321e+01
1.5089e+01  1.3423e+01
1.5095e+01  1.2699e+01
1.5100e+01  1.2371e+01
1.5106e+01  1.1723e+01
1.5111e+01  1.1632e+01
1.5117e+01  1.1368e+01
1.5122e+01  1.1173e+01
1.5128e+01  1.1174e+01
1.5133e+01  1.0899e+01
1.5139e+01  1.0950e+01
1.5144e+01  1.0922e+01
1.5150e+01  1.0818e+01
1.5155e+01  1.0931e+01
1.5161e+01  1.0812e+01
1.5166e+01  1.0596e+01
1.5172e+01  1.0699e+01
1.5177e+01  1.0608e+01
1.5183e+01  1.0693e+01
1.5188e+01  1.0826e+01
1.5194e+01  1.0692e+01
1.5199e+01  1.0830e+01
1.5205e+01  1.0632e+01
1.5210e+01  1.0611e+01
1.5216e+01  1.0687e+01
1.5221e+01  1.0666e+01
1.5227e+01  1.0713e+01
1.5232e+01  1.0687e+01
1.5238e+01  1.0687e+01
1.5243e+01  1.0706e+01
1.5249e+01  1.0643e+01
1.5254e+01  1.0643e+01
1.5260e+01  1.0703e+01
1.5265e+01  1.0696e+01
1.5271e+01  1.0744e+01
1.5276e+01  1.0647e+01
1.5282e+01  1.0672e+01
1.5287e+01  1.0689e+01
1.5293e+01  1.0810e+01
1.5298e+01  1.0794e+01
1.5304e+01  1.0788e+01
1.5309e+01  1.0794e+01
1.5315e+01  1.0912e+01
1.5320e+01  1.1061e+01
1.5326e+01  1.1581e+01
1.5331e+01  1.2101e+01
1.5337e+01  1.3016e+01
1.5342e+01  1.4205e+01
1.5348e+01  1.5443e+01
1.5353e+01  1.6966e+01
1.5358e+01  1.8460e+01
1.5364e+01  1.9375e+01
1.5369e+01  2.0512e+01
1.5375e+01  2.1282e+01
1.5380e+01  2.1579e+01
1.5386e+01  2.1397e+01
1.5391e+01  2.0922e+01
1.5397e+01  1.9909e+01
1.5402e+01  1.8288e+01
1.5408e+01  1.7486e+01
1.5413e+01  1.6132e+01
1.5419e+01  1.5141e+01
1.5424e+01  1.4151e+01
1.5430e+01  1.3439e+01
1.5435e+01  1.2937e+01
1.5441e+01  1.2218e+01
1.5446e+01  1.1955e+01
1.5452e+01  1.1561e+01
1.5457e+01  1.1327e+01
1.5463e+01  1.1003e+01
1.5468e+01  1.0903e+01
1.5473e+01  1.0748e+01
1.5479e+01  1.0657e+01
1.5484e+01  1.0627e+01
1.5490e+01  1.0652e+01
1.5495e+01  1.0690e+01
1.5501e+01  1.0571e+01
1.5506e+01  1.0531e+01
1.5512e+01  1.0319e+01
1.5517e+01  1.0350e+01
1.5523e+01  1.0438e+01
1.5528e+01  1.0366e+01
1.5534e+01  1.0629e+01
1.5539e+01  1.0405e+01
1.5545e+01  1.0398e+01
1.5550e+01  1.0528e+01
1.5555e+01  1.0504e+01
1.5561e+01  1.0393e+01
1.5566e+01  1.0368e+01
1.5572e+01  1.0412e+01
1.5577e+01  1.0493e+01
1.5583e+01  1.0366e+01
1.5588e+01  1.0335e+01
1.5594e+01  1.0450e+01
1.5599e+01  1.0421e+01
1.5605e+01  1.0240e+01
1.5610e+01  1.0404e+01
1.5616e+01  1.0453e+01
1.5621e+01  1.0455e+01
1.5626e+01  1.0220e+01
1.5632e+01  1.0381e+01
1.5637e+01  1.0222e+01
1.5643e+01  1.0477e+01
1.5648e+01  1.0651e+01
1.5654e+01  1.0404e+01
1.5659e+01  1.0528e+01
1.5665e+01  1.0393e+01
1.5670e+01  1.0327e+01
1.5675e+01  1.0484e+01
1.5681e+01  1.0367e+01
1.5686e+01  1.0350e+01
1.5692e+01  1.0441e+01
1.5697e+01  1.0399e+01
1.5703e+01  1.0296e+01
1.5708e+01  1.0294e+01
1.5714e+01  1.0365e+01
1.5719e+01  1.0245e+01
1.5725e+01  1.0472e+01
1.5730e+01  1.0458e+01
1.5735e+01  1.0423e+01
1.5741e+01  1.0415e+01
1.5746e+01  1.0279e+01
1.5752e+01  1.0491e+01
1.5757e+01  1.0497e+01
1.5763e+01  1.0405e+01
1.5768e+01  1.0570e+01
1.5773e+01  1.0390e+01
1.5779e+01  1.0156e+01
1.5784e+01  1.0510e+01
1.5790e+01  1.0279e+01
1.5795e+01  1.0227e+01
1.5801e+01  1.0524e+01
1.5806e+01  1.0251e+01
1.5812e+01  1.0396e+01
1.5817e+01  1.0222e+01
1.5822e+01  1.0365e+01
1.5828e+01  1.0122e+01
1.5833e+01  1.0042e+01
1.5839e+01  1.0204e+01
1.5844e+01  1.0439e+01
1.5850e+01  1.0352e+01
1.5855e+01  1.0456e+01
1.5860e+01  1.0496e+01
1.5866e+01  1.0243e+01
1.5871e+01  1.0257e+01
1.5877e+01  1.0266e+01
1.5882e+01  1.0264e+01
1.5888e+01  1.0027e+01
1.5893e+01  1.0290e+01
1.5898e+01  1.0231e+01
1.5904e+01  1.0585e+01
1.5909e+01  1.0168e+01
1.5915e+01  1.0467e+01
1.5920e+01  1.0298e+01
1.5926e+01  1.0271e+01
1.5931e+01  1.0638e+01
1.5936e+01  1.0227e+01
1.5942e+01  1.0096e+01
1.5947e+01  1.0387e+01
1.5953e+01  1.0379e+01
1.5958e+01  1.0312e+01
1.5963e+01  1.0234e+01
1.5969e+01  1.0491e+01
1.5974e+01  1.0613e+01
1.5980e+01  1.0365e+01
1.5985e+01  1.0365e+01
1.5991e+01  1.0558e+01
1.5996e+01  1.0428e+01
1.6001e+01  1.0827e+01
1.6007e+01  9.8690e+00
1.6012e+01  1.0437e+01
1.6018e+01  1.0632e+01
1.6023e+01  1.0385e+01
1.6028e+01  1.1142e+01
1.6034e+01  1.1384e+01
1.6039e+01  1.0695e+01
1.6045e+01  1.2034e+01
1.6050e+01  1.2444e+01
1.6056e+01  1.2335e+01
1.6061e+01  1.3457e+01
1.6066e+01  1.4051e+01
1.6072e+01  1.3910e+01
1.6077e+01  1.4753e+01
1.6083e+01  1.6865e+01
1.6088e+01  1.5792e+01
1.6093e+01  1.9066e+01
1.6099e+01  1.6842e+01
1.6104e+01  1.8160e+01
1.6110e+01  1.4831e+01
1.6115e+01  1.6193e+01
1.6120e+01  1.5890e+01
1.6126e+01  1.4302e+01
1.6131e+01  1.1301e+01
1.6137e+01  1.1654e+01
1.6142e+01  1.2714e+01
1.6147e+01  8.4761e+00
1.6153e+01  0.0000e+00
1.6158e+01  0.0000e+00
1.6164e+01  0.0000e+00
1.6169e+01  0.0000e+00
1.6174e+01  0.0000e+00
1.6180e+01  0.0000e+00
1.6185e+01  0.0000e+00
1.6191e+01  0.0000e+00
1.6196e+01  0.0000e+00
1.6201e+01  0.0000e+00
1.6207e+01  0.0000e+00
1.6212e+01  0.0000e+00
1.6218e+01  0.0000e+00
1.6223e+01  0.0000e+00
1.6228e+01  0.0000e+00
1.6234e+01  0.0000e+00
1.6239e+01  0.0000e+00
1.6244e+01  0.0000e+00
1.6250e+01  0.0000e+00
1.6255e+01  0.0000e+00
1.6261e+01  0.0000e+00
1.6266e+01  0.0000e+00
1.6271e+01  0.0000e+00
1.6277e+01  0.0000e+00
1.6282e+01  0.0000e+00
1.6288e+01  0.0000e+00
1.6293e+01  0.0000e+00
1.6298e+01  0.0000e+00
1.6304e+01  0.0000e+00
1.6309e+01  0.0000e+00
1.6314e+01  0.0000e+00
1.6320e+01  0.0000e+00
1.6341e+01  0.0000e+00
