    0.1507330463E-03   -0.1922832467E+06    0.2669214332E+02
    0.1584612949E-03   -0.1829001080E+06    0.2669213664E+02
    0.1665857792E-03   -0.1739745682E+06    0.2669212292E+02
    0.1751268148E-03   -0.1654843505E+06    0.2669210175E+02
    0.1841057586E-03   -0.1574081863E+06    0.2669207267E+02
    0.1935450626E-03   -0.1497259163E+06    0.2669203515E+02
    0.2034683302E-03   -0.1424182984E+06    0.2669198859E+02
    0.2139003746E-03   -0.1354670901E+06    0.2669193233E+02
    0.2248672813E-03   -0.1288548817E+06    0.2669186562E+02
    0.2363964733E-03   -0.1225651650E+06    0.2669178762E+02
    0.2485167797E-03   -0.1165821888E+06    0.2669169740E+02
    0.2612585075E-03   -0.1108910147E+06    0.2669159393E+02
    0.2746535176E-03   -0.1054773914E+06    0.2669147605E+02
    0.2887353046E-03   -0.1003278006E+06    0.2669134249E+02
    0.3035390802E-03   -0.9542934873E+05    0.2669119182E+02
    0.3191018616E-03   -0.9076980305E+05    0.2669102248E+02
    0.3354625639E-03   -0.8633749755E+05    0.2669083274E+02
    0.3526620974E-03   -0.8212136259E+05    0.2669062067E+02
    0.3707434697E-03   -0.7811084347E+05    0.2669038417E+02
    0.3897518939E-03   -0.7429592329E+05    0.2669012088E+02
    0.4097349008E-03   -0.7066705224E+05    0.2668982823E+02
    0.4307424584E-03   -0.6721516582E+05    0.2668950337E+02
    0.4528270965E-03   -0.6393162392E+05    0.2668914316E+02
    0.4760440382E-03   -0.6080822412E+05    0.2668874415E+02
    0.5004513380E-03   -0.5783714890E+05    0.2668830252E+02
    0.5261100268E-03   -0.5501097571E+05    0.2668781406E+02
    0.5530842647E-03   -0.5232263174E+05    0.2668727417E+02
    0.5814415013E-03   -0.4976540035E+05    0.2668667775E+02
    0.6112526445E-03   -0.4733288209E+05    0.2668601920E+02
    0.6425922378E-03   -0.4501899894E+05    0.2668529236E+02
    0.6755386463E-03   -0.4281796107E+05    0.2668449044E+02
    0.7101742534E-03   -0.4072426848E+05    0.2668360601E+02
    0.7465856660E-03   -0.3873268258E+05    0.2668263086E+02
    0.7848639316E-03   -0.3683822632E+05    0.2668155598E+02
    0.8251047659E-03   -0.3503616012E+05    0.2668037148E+02
    0.8674087919E-03   -0.3332198024E+05    0.2667906649E+02
    0.9118817916E-03   -0.3169139839E+05    0.2667762905E+02
    0.9586349708E-03   -0.3014033900E+05    0.2667604606E+02
    0.1007785237E-02   -0.2866492232E+05    0.2667430311E+02
    0.1059455491E-02   -0.2726146034E+05    0.2667238439E+02
    0.1113774935E-02   -0.2592644271E+05    0.2667027257E+02
    0.1170879397E-02   -0.2465653207E+05    0.2666794863E+02
    0.1230911668E-02   -0.2344855250E+05    0.2666539170E+02
    0.1294021859E-02   -0.2229948396E+05    0.2666257891E+02
    0.1360367778E-02   -0.2120645297E+05    0.2665948521E+02
    0.1430115326E-02   -0.2016672660E+05    0.2665608313E+02
    0.1503438906E-02   -0.1917770513E+05    0.2665234261E+02
    0.1580521867E-02   -0.1823691551E+05    0.2664823073E+02
    0.1661556956E-02   -0.1734200559E+05    0.2664371146E+02
    0.1746746803E-02   -0.1649073740E+05    0.2663874539E+02
    0.1836304427E-02   -0.1568098291E+05    0.2663328943E+02
    0.1930453768E-02   -0.1491071698E+05    0.2662729650E+02
    0.2029430249E-02   -0.1417801422E+05    0.2662071514E+02
    0.2133481363E-02   -0.1348104199E+05    0.2661348918E+02
    0.2242867292E-02   -0.1281805840E+05    0.2660555732E+02
    0.2357861557E-02   -0.1218740507E+05    0.2659685270E+02
    0.2478751704E-02   -0.1158750602E+05    0.2658730245E+02
    0.2605840021E-02   -0.1101686050E+05    0.2657682716E+02
    0.2739444296E-02   -0.1047404275E+05    0.2656534041E+02
    0.2879898609E-02   -0.9957694717E+04    0.2655274816E+02
    0.3027554168E-02   -0.9466526492E+04    0.2653894820E+02
    0.3182780189E-02   -0.8999309089E+04    0.2652382947E+02
    0.3345964819E-02   -0.8554875599E+04    0.2650727145E+02
    0.3517516104E-02   -0.8132113891E+04    0.2648914343E+02
    0.3697863011E-02   -0.7729968272E+04    0.2646930379E+02
    0.3887456502E-02   -0.7347432329E+04    0.2644759924E+02
    0.4086770659E-02   -0.6983551073E+04    0.2642386400E+02
    0.4296303871E-02   -0.6637413793E+04    0.2639791902E+02
    0.4516580081E-02   -0.6308156567E+04    0.2636957111E+02
    0.4748150094E-02   -0.5994955269E+04    0.2633861209E+02
    0.4991592955E-02   -0.5697028445E+04    0.2630481790E+02
    0.5247517398E-02   -0.5413630353E+04    0.2626794774E+02
    0.5516563369E-02   -0.5144054117E+04    0.2622774316E+02
    0.5799403621E-02   -0.4887624916E+04    0.2618392726E+02
    0.6096745403E-02   -0.4643703419E+04    0.2613620380E+02
    0.6409332224E-02   -0.4411679009E+04    0.2608425642E+02
    0.6737945714E-02   -0.4190973444E+04    0.2602774796E+02
    0.7083407578E-02   -0.3981034204E+04    0.2596631972E+02
    0.7446581651E-02   -0.3781338372E+04    0.2589959102E+02
    0.7828376056E-02   -0.3591386029E+04    0.2582715866E+02
    0.8229745479E-02   -0.3410704300E+04    0.2574859676E+02
    0.8651693553E-02   -0.3238840860E+04    0.2566345659E+02
    0.9095275367E-02   -0.3075368160E+04    0.2557126678E+02
    0.9561600107E-02   -0.2919876961E+04    0.2547153364E+02
    0.1005183383E-01   -0.2771980716E+04    0.2536374192E+02
    0.1056720237E-01   -0.2631309164E+04    0.2524735576E+02
    0.1110899442E-01   -0.2497512887E+04    0.2512182015E+02
    0.1167856474E-01   -0.2370256909E+04    0.2498656274E+02
    0.1227733756E-01   -0.2249225391E+04    0.2484099616E+02
    0.1290681012E-01   -0.2134115262E+04    0.2468452078E+02
    0.1356855642E-01   -0.2024641087E+04    0.2451652817E+02
    0.1426423119E-01   -0.1920528649E+04    0.2433640507E+02
    0.1499557396E-01   -0.1821519997E+04    0.2414353797E+02
    0.1576441348E-01   -0.1727366988E+04    0.2393731848E+02
    0.1657267224E-01   -0.1637836529E+04    0.2371714927E+02
    0.1742237132E-01   -0.1552704034E+04    0.2348245083E+02
    0.1831563540E-01   -0.1471758859E+04    0.2323266883E+02
    0.1925469810E-01   -0.1394797663E+04    0.2296728227E+02
    0.2024190758E-01   -0.1321630086E+04    0.2268581217E+02
    0.2127973238E-01   -0.1252071944E+04    0.2238783096E+02
    0.2237076759E-01   -0.1185951172E+04    0.2207297229E+02
    0.2351774137E-01   -0.1123100825E+04    0.2174094128E+02
    0.2472352175E-01   -0.1063365347E+04    0.2139152496E+02
    0.2599112382E-01   -0.1006593304E+04    0.2102460292E+02
    0.2732371724E-01   -0.9526440179E+03    0.2064015763E+02
    0.2872463418E-01   -0.9013799925E+03    0.2023828460E+02
    0.3019737766E-01   -0.8526739800E+03    0.1981920171E+02
    0.3174563032E-01   -0.8064010136E+03    0.1938325784E+02
    0.3337326359E-01   -0.7624459818E+03    0.1893093999E+02
    0.3508434741E-01   -0.7206951892E+03    0.1846287915E+02
    0.3688316037E-01   -0.6810445432E+03    0.1797985393E+02
    0.3877420044E-01   -0.6433905218E+03    0.1748279236E+02
    0.4076219620E-01   -0.6076390874E+03    0.1697277073E+02
    0.4285211869E-01   -0.5736959420E+03    0.1645101020E+02
    0.4504919380E-01   -0.5414763039E+03    0.1591886973E+02
    0.4735891536E-01   -0.5108942886E+03    0.1537783678E+02
    0.4978705887E-01   -0.4818737003E+03    0.1482951369E+02
    0.5233969597E-01   -0.4543363642E+03    0.1427560230E+02
    0.5502320956E-01   -0.4282140852E+03    0.1371788405E+02
    0.5784430984E-01   -0.4034357337E+03    0.1315819920E+02
    0.6081005103E-01   -0.3799405241E+03    0.1259842168E+02
    0.6392784901E-01   -0.3576636626E+03    0.1204043470E+02
    0.6720549992E-01   -0.3365510506E+03    0.1148610242E+02
    0.7065119958E-01   -0.3165433768E+03    0.1093724464E+02
    0.7427356405E-01   -0.2975923252E+03    0.1039560815E+02
    0.7808165111E-01   -0.2796431265E+03    0.9862843821E+01
    0.8208498297E-01   -0.2626522484E+03    0.9340480908E+01
    0.8629357004E-01   -0.2465686625E+03    0.8829910005E+01
    0.9071793599E-01   -0.2313528972E+03    0.8332363300E+01
    0.9536914403E-01   -0.2169573739E+03    0.7848906291E+01
    0.1002588246E+00   -0.2033464430E+03    0.7380426106E+01
    0.1053992045E+00   -0.1904761848E+03    0.6927633609E+01
    0.1108031372E+00   -0.1783149193E+03    0.6491060357E+01
    0.1164841356E+00   -0.1668227157E+03    0.6071071118E+01
    0.1224564049E+00   -0.1559718659E+03    0.5667868375E+01
    0.1287348790E+00   -0.1457263677E+03    0.5281513487E+01
    0.1353352574E+00   -0.1360621382E+03    0.4911936126E+01
    0.1422740444E+00   -0.1269465844E+03    0.4558961122E+01
    0.1495685907E+00   -0.1183585219E+03    0.4222319550E+01
    0.1572371363E+00   -0.1102679352E+03    0.3901677575E+01
    0.1652988567E+00   -0.1026557836E+03    0.3596645997E+01
    0.1737739103E+00   -0.9549382075E+02    0.3306807807E+01
    0.1826834892E+00   -0.8876451554E+02    0.3031724054E+01
    0.1920498720E+00   -0.8244078622E+02    0.2770957357E+01
    0.2018964795E+00   -0.7650638538E+02    0.2524073433E+01
    0.2122479333E+00   -0.7093518024E+02    0.2290658798E+01
    0.2231301176E+00   -0.6571234089E+02    0.2070318822E+01
    0.2345702434E+00   -0.6081285816E+02    0.1862688224E+01
    0.2465969169E+00   -0.5622388035E+02    0.1667427787E+01
    0.2592402112E+00   -0.5192198521E+02    0.1484226471E+01
    0.2725317411E+00   -0.4789696461E+02    0.1312799594E+01
    0.2865047422E+00   -0.4412743336E+02    0.1152881180E+01
    0.3011941545E+00   -0.4060617786E+02    0.1004227080E+01
    0.3166367090E+00   -0.3731378513E+02    0.8665959185E+00
    0.3328710202E+00   -0.3424526554E+02    0.7397604518E+00
    0.3499376824E+00   -0.3138217121E+02    0.6234759907E+00
    0.3678793710E+00   -0.2872005039E+02    0.5175036161E+00
    0.3867409497E+00   -0.2624057728E+02    0.4215652143E+00
    0.4065695822E+00   -0.2393886333E+02    0.3353808140E+00
    0.4274148504E+00   -0.2179762989E+02    0.2586115447E+00
    0.4493288784E+00   -0.1981254154E+02    0.1909130020E+00
    0.4723664626E+00   -0.1796907764E+02    0.1318677211E+00
    0.4965852091E+00   -0.1626423603E+02    0.8105351543E-01
    0.5220456772E+00   -0.1468651253E+02    0.3797008914E-01
    0.5488115314E+00   -0.1323390251E+02    0.2120356253E-02
    0.5769497003E+00   -0.1189693790E+02   -0.2706595106E-01
    0.6065305440E+00   -0.1067364365E+02   -0.5014333792E-01
    0.6376280300E+00   -0.9555429993E+01   -0.6772485999E-01
    0.6703199182E+00   -0.8539754448E+01   -0.8039066998E-01
    0.7046879553E+00   -0.7618200836E+01   -0.8875942043E-01
    0.7408180794E+00   -0.6787408409E+01   -0.9340067341E-01
    0.7788006345E+00   -0.6038924274E+01   -0.9490040962E-01
    0.8187305969E+00   -0.5368834553E+01   -0.9378125506E-01
    0.8607078123E+00   -0.4768816051E+01   -0.9056354548E-01
    0.9048372455E+00   -0.4234752712E+01   -0.8569654473E-01
    0.9512292431E+00   -0.3758733091E+01   -0.7961327961E-01
    0.9999998093E+00   -0.3336927948E+01   -0.7267320332E-01
    0.1051270896E+01   -0.2962167559E+01   -0.6521259304E-01
    0.1105170707E+01   -0.2631178675E+01   -0.5749834863E-01
    0.1161834021E+01   -0.2337692318E+01   -0.4977220147E-01
    0.1221402525E+01   -0.2079227743E+01   -0.4221398170E-01
    0.1284025172E+01   -0.1850510178E+01   -0.3498116540E-01
    0.1349858550E+01   -0.1649745760E+01   -0.2818001764E-01
    0.1419067278E+01   -0.1472609100E+01   -0.2189884231E-01
    0.1491824413E+01   -0.1317955134E+01   -0.1618531393E-01
    0.1568311886E+01   -0.1182321904E+01   -0.1107492587E-01
    0.1648720956E+01   -0.1064900873E+01   -0.6573271304E-02
    0.1733252687E+01   -0.9630075073E+00   -0.2678276267E-02
    0.1822118453E+01   -0.8760240650E+00    0.6333933575E-03
    0.1915540464E+01   -0.7994353747E+00    0.3388777838E-02
    0.2013752323E+01   -0.7312922156E+00    0.5628712959E-02
    0.2116999613E+01   -0.6727404273E+00    0.7396091398E-02
    0.2225540504E+01   -0.6228395826E+00    0.8742499578E-02
    0.2339646406E+01   -0.5768435276E+00    0.9720631366E-02
    0.2459602642E+01   -0.5356322121E+00    0.1038786027E-01
    0.2585709166E+01   -0.4513240433E+00    0.1080347604E-01
    0.2718281310E+01   -0.4513240433E+00    0.1102805619E-01
    0.2857650573E+01   -0.4513240433E+00    0.1107233155E-01
    0.3004165451E+01   -0.4513240433E+00    0.1096739203E-01
    0.3158192307E+01   -0.4513240433E+00    0.1073922508E-01
    0.3320116289E+01   -0.4513240433E+00    0.1040913172E-01
    0.3490342292E+01   -0.4513240433E+00    0.9994029101E-02
