 # r       w_scrn(r)      v_ch(r)
    0.1507330463E-03    0.2669214332E+02    0.2916165288E+02
    0.1584612949E-03    0.2669213664E+02    0.2916164619E+02
    0.1665857792E-03    0.2669212292E+02    0.2916163247E+02
    0.1751268148E-03    0.2669210175E+02    0.2916161130E+02
    0.1841057586E-03    0.2669207267E+02    0.2916158222E+02
    0.1935450626E-03    0.2669203515E+02    0.2916154470E+02
    0.2034683302E-03    0.2669198859E+02    0.2916149814E+02
    0.2139003746E-03    0.2669193233E+02    0.2916144187E+02
    0.2248672813E-03    0.2669186562E+02    0.2916137516E+02
    0.2363964733E-03    0.2669178762E+02    0.2916129715E+02
    0.2485167797E-03    0.2669169740E+02    0.2916120693E+02
    0.2612585075E-03    0.2669159393E+02    0.2916110345E+02
    0.2746535176E-03    0.2669147605E+02    0.2916098556E+02
    0.2887353046E-03    0.2669134249E+02    0.2916085199E+02
    0.3035390802E-03    0.2669119182E+02    0.2916070131E+02
    0.3191018616E-03    0.2669102248E+02    0.2916053196E+02
    0.3354625639E-03    0.2669083274E+02    0.2916034220E+02
    0.3526620974E-03    0.2669062067E+02    0.2916013012E+02
    0.3707434697E-03    0.2669038417E+02    0.2915989360E+02
    0.3897518939E-03    0.2669012088E+02    0.2915963029E+02
    0.4097349008E-03    0.2668982823E+02    0.2915933762E+02
    0.4307424584E-03    0.2668950337E+02    0.2915901274E+02
    0.4528270965E-03    0.2668914316E+02    0.2915865251E+02
    0.4760440382E-03    0.2668874415E+02    0.2915825347E+02
    0.5004513380E-03    0.2668830252E+02    0.2915781180E+02
    0.5261100268E-03    0.2668781406E+02    0.2915732331E+02
    0.5530842647E-03    0.2668727417E+02    0.2915678338E+02
    0.5814415013E-03    0.2668667775E+02    0.2915618692E+02
    0.6112526445E-03    0.2668601920E+02    0.2915552832E+02
    0.6425922378E-03    0.2668529236E+02    0.2915480143E+02
    0.6755386463E-03    0.2668449044E+02    0.2915399946E+02
    0.7101742534E-03    0.2668360601E+02    0.2915311496E+02
    0.7465856660E-03    0.2668263086E+02    0.2915213974E+02
    0.7848639316E-03    0.2668155598E+02    0.2915106479E+02
    0.8251047659E-03    0.2668037148E+02    0.2914988020E+02
    0.8674087919E-03    0.2667906649E+02    0.2914857512E+02
    0.9118817916E-03    0.2667762905E+02    0.2914713758E+02
    0.9586349708E-03    0.2667604606E+02    0.2914555447E+02
    0.1007785237E-02    0.2667430311E+02    0.2914381139E+02
    0.1059455491E-02    0.2667238439E+02    0.2914189254E+02
    0.1113774935E-02    0.2667027257E+02    0.2913978058E+02
    0.1170879397E-02    0.2666794863E+02    0.2913745647E+02
    0.1230911668E-02    0.2666539170E+02    0.2913489935E+02
    0.1294021859E-02    0.2666257891E+02    0.2913208637E+02
    0.1360367778E-02    0.2665948521E+02    0.2912899245E+02
    0.1430115326E-02    0.2665608313E+02    0.2912559013E+02
    0.1503438906E-02    0.2665234261E+02    0.2912184934E+02
    0.1580521867E-02    0.2664823073E+02    0.2911773717E+02
    0.1661556956E-02    0.2664371146E+02    0.2911321757E+02
    0.1746746803E-02    0.2663874539E+02    0.2910825115E+02
    0.1836304427E-02    0.2663328943E+02    0.2910279481E+02
    0.1930453768E-02    0.2662729650E+02    0.2909680145E+02
    0.2029430249E-02    0.2662071514E+02    0.2909021962E+02
    0.2133481363E-02    0.2661348918E+02    0.2908299315E+02
    0.2242867292E-02    0.2660555732E+02    0.2907506072E+02
    0.2357861557E-02    0.2659685270E+02    0.2906635549E+02
    0.2478751704E-02    0.2658730245E+02    0.2905680456E+02
    0.2605840021E-02    0.2657682716E+02    0.2904632853E+02
    0.2739444296E-02    0.2656534041E+02    0.2903484097E+02
    0.2879898609E-02    0.2655274816E+02    0.2902224783E+02
    0.3027554168E-02    0.2653894820E+02    0.2900844688E+02
    0.3182780189E-02    0.2652382947E+02    0.2899332708E+02
    0.3345964819E-02    0.2650727145E+02    0.2897676789E+02
    0.3517516104E-02    0.2648914343E+02    0.2895863859E+02
    0.3697863011E-02    0.2646930379E+02    0.2893879755E+02
    0.3887456502E-02    0.2644759924E+02    0.2891709146E+02
    0.4086770659E-02    0.2642386400E+02    0.2889335454E+02
    0.4296303871E-02    0.2639791902E+02    0.2886740773E+02
    0.4516580081E-02    0.2636957111E+02    0.2883905782E+02
    0.4748150094E-02    0.2633861209E+02    0.2880809661E+02
    0.4991592955E-02    0.2630481790E+02    0.2877430004E+02
    0.5247517398E-02    0.2626794774E+02    0.2873742728E+02
    0.5516563369E-02    0.2622774316E+02    0.2869721987E+02
    0.5799403621E-02    0.2618392726E+02    0.2865340089E+02
    0.6096745403E-02    0.2613620380E+02    0.2860567407E+02
    0.6409332224E-02    0.2608425642E+02    0.2855372305E+02
    0.6737945714E-02    0.2602774796E+02    0.2849721061E+02
    0.7083407578E-02    0.2596631972E+02    0.2843577808E+02
    0.7446581651E-02    0.2589959102E+02    0.2836904470E+02
    0.7828376056E-02    0.2582715866E+02    0.2829660728E+02
    0.8229745479E-02    0.2574859676E+02    0.2821803989E+02
    0.8651693553E-02    0.2566345659E+02    0.2813289380E+02
    0.9095275367E-02    0.2557126678E+02    0.2804069757E+02
    0.9561600107E-02    0.2547153364E+02    0.2794095752E+02
    0.1005183383E-01    0.2536374192E+02    0.2783315832E+02
    0.1056720237E-01    0.2524735576E+02    0.2771676412E+02
    0.1110899442E-01    0.2512182015E+02    0.2759121986E+02
    0.1167856474E-01    0.2498656274E+02    0.2745595316E+02
    0.1227733756E-01    0.2484099616E+02    0.2731037660E+02
    0.1290681012E-01    0.2468452078E+02    0.2715389053E+02
    0.1356855642E-01    0.2451652817E+02    0.2698588649E+02
    0.1426423119E-01    0.2433640507E+02    0.2680575118E+02
    0.1499557396E-01    0.2414353797E+02    0.2661287106E+02
    0.1576441348E-01    0.2393731848E+02    0.2640663770E+02
    0.1657267224E-01    0.2371714927E+02    0.2618645377E+02
    0.1742237132E-01    0.2348245083E+02    0.2595173971E+02
    0.1831563540E-01    0.2323266883E+02    0.2570194118E+02
    0.1925469810E-01    0.2296728227E+02    0.2543653716E+02
    0.2024190758E-01    0.2268581217E+02    0.2515504867E+02
    0.2127973238E-01    0.2238783096E+02    0.2485704811E+02
    0.2237076759E-01    0.2207297229E+02    0.2454216914E+02
    0.2351774137E-01    0.2174094128E+02    0.2421011687E+02
    0.2472352175E-01    0.2139152496E+02    0.2386067836E+02
    0.2599112382E-01    0.2102460292E+02    0.2349373318E+02
    0.2732371724E-01    0.2064015763E+02    0.2310926383E+02
    0.2872463418E-01    0.2023828460E+02    0.2270736581E+02
    0.3019737766E-01    0.1981920171E+02    0.2228825703E+02
    0.3174563032E-01    0.1938325784E+02    0.2185228633E+02
    0.3337326359E-01    0.1893093999E+02    0.2139994075E+02
    0.3508434741E-01    0.1846287915E+02    0.2093185118E+02
    0.3688316037E-01    0.1797985393E+02    0.2044879623E+02
    0.3877420044E-01    0.1748279236E+02    0.1995170374E+02
    0.4076219620E-01    0.1697277073E+02    0.1944164991E+02
    0.4285211869E-01    0.1645101020E+02    0.1891985556E+02
    0.4504919380E-01    0.1591886973E+02    0.1838767941E+02
    0.4735891536E-01    0.1537783678E+02    0.1784660826E+02
    0.4978705887E-01    0.1482951369E+02    0.1729824398E+02
    0.5233969597E-01    0.1427560230E+02    0.1674428731E+02
    0.5502320956E-01    0.1371788405E+02    0.1618651877E+02
    0.5784430984E-01    0.1315819920E+02    0.1562677680E+02
    0.6081005103E-01    0.1259842168E+02    0.1506693372E+02
    0.6392784901E-01    0.1204043470E+02    0.1450886988E+02
    0.6720549992E-01    0.1148610242E+02    0.1395444673E+02
    0.7065119958E-01    0.1093724464E+02    0.1340547964E+02
    0.7427356405E-01    0.1039560815E+02    0.1286371106E+02
    0.7808165111E-01    0.9862843821E+01    0.1233078509E+02
    0.8208498297E-01    0.9340480908E+01    0.1180822423E+02
    0.8629357004E-01    0.8829910005E+01    0.1129740896E+02
    0.9071793599E-01    0.8332363300E+01    0.1079956115E+02
    0.9536914403E-01    0.7848906291E+01    0.1031573146E+02
    0.1002588246E+00    0.7380426106E+01    0.9846791546E+01
    0.1053992045E+00    0.6927633609E+01    0.9393430846E+01
    0.1108031372E+00    0.6491060357E+01    0.8956158212E+01
    0.1164841356E+00    0.6071071118E+01    0.8535307947E+01
    0.1224564049E+00    0.5667868375E+01    0.8131049874E+01
    0.1287348790E+00    0.5281513487E+01    0.7743402756E+01
    0.1353352574E+00    0.4911936126E+01    0.7372250319E+01
    0.1422740444E+00    0.4558961122E+01    0.7017359035E+01
    0.1495685907E+00    0.4222319550E+01    0.6678396787E+01
    0.1572371363E+00    0.3901677575E+01    0.6354951598E+01
    0.1652988567E+00    0.3596645997E+01    0.6046549687E+01
    0.1737739103E+00    0.3306807807E+01    0.5752672237E+01
    0.1826834892E+00    0.3031724054E+01    0.5472770424E+01
    0.1920498720E+00    0.2770957357E+01    0.5206278419E+01
    0.2018964795E+00    0.2524073433E+01    0.4952624233E+01
    0.2122479333E+00    0.2290658798E+01    0.4711238432E+01
    0.2231301176E+00    0.2070318822E+01    0.4481560836E+01
    0.2345702434E+00    0.1862688224E+01    0.4263045438E+01
    0.2465969169E+00    0.1667427787E+01    0.4055163787E+01
    0.2592402112E+00    0.1484226471E+01    0.3857407139E+01
    0.2725317411E+00    0.1312799594E+01    0.3669287618E+01
    0.2865047422E+00    0.1152881180E+01    0.3490338669E+01
    0.3011941545E+00    0.1004227080E+01    0.3320114987E+01
    0.3166367090E+00    0.8665959185E+00    0.3158192100E+01
    0.3328710202E+00    0.7397604518E+00    0.3004165734E+01
    0.3499376824E+00    0.6234759907E+00    0.2857651060E+01
    0.3678793710E+00    0.5175036161E+00    0.2718281867E+01
    0.3867409497E+00    0.4215652143E+00    0.2585709736E+01
    0.4065695822E+00    0.3353808140E+00    0.2459603201E+01
    0.4274148504E+00    0.2586115447E+00    0.2339646943E+01
    0.4493288784E+00    0.1909130020E+00    0.2225541018E+01
    0.4723664626E+00    0.1318677211E+00    0.2117000102E+01
    0.4965852091E+00    0.8105351543E-01    0.2013752789E+01
    0.5220456772E+00    0.3797008914E-01    0.1915540907E+01
    0.5488115314E+00    0.2120356253E-02    0.1822118875E+01
    0.5769497003E+00   -0.2706595106E-01    0.1733253088E+01
    0.6065305440E+00   -0.5014333792E-01    0.1648721338E+01
    0.6376280300E+00   -0.6772485999E-01    0.1568312249E+01
    0.6703199182E+00   -0.8039066998E-01    0.1491824759E+01
    0.7046879553E+00   -0.8875942043E-01    0.1419067607E+01
    0.7408180794E+00   -0.9340067341E-01    0.1349858863E+01
    0.7788006345E+00   -0.9490040962E-01    0.1284025469E+01
    0.8187305969E+00   -0.9378125506E-01    0.1221402808E+01
    0.8607078123E+00   -0.9056354548E-01    0.1161834290E+01
    0.9048372455E+00   -0.8569654473E-01    0.1105170963E+01
    0.9512292431E+00   -0.7961327961E-01    0.1051271139E+01
    0.9999998093E+00   -0.7267320332E-01    0.1000000041E+01
    0.1051270896E+01   -0.6521259304E-01    0.9512294635E+00
    0.1105170707E+01   -0.5749834863E-01    0.9048374551E+00
    0.1161834021E+01   -0.4977220147E-01    0.8607080117E+00
    0.1221402525E+01   -0.4221398170E-01    0.8187307866E+00
    0.1284025172E+01   -0.3498116540E-01    0.7788008150E+00
    0.1349858550E+01   -0.2818001764E-01    0.7408182510E+00
    0.1419067278E+01   -0.2189884231E-01    0.7046881186E+00
    0.1491824413E+01   -0.1618531393E-01    0.6703200735E+00
    0.1568311886E+01   -0.1107492587E-01    0.6376281777E+00
    0.1648720956E+01   -0.6573271304E-02    0.6065306846E+00
    0.1733252687E+01   -0.2678276267E-02    0.5769498340E+00
    0.1822118453E+01    0.6333933575E-03    0.5488116586E+00
    0.1915540464E+01    0.3388777838E-02    0.5220457981E+00
    0.2013752323E+01    0.5628712959E-02    0.4965853241E+00
    0.2116999613E+01    0.7396091398E-02    0.4723665721E+00
    0.2225540504E+01    0.8742499578E-02    0.4493289825E+00
    0.2339646406E+01    0.9720631366E-02    0.4274149495E+00
    0.2459602642E+01    0.1038786027E-01    0.4065696764E+00
    0.2585709166E+01    0.1080347604E-01    0.3867410393E+00
    0.2718281310E+01    0.1102805619E-01    0.3678794562E+00
    0.2857650573E+01    0.1107233155E-01    0.3499377634E+00
    0.3004165451E+01    0.1096739203E-01    0.3328710973E+00
    0.3158192307E+01    0.1073922508E-01    0.3166367823E+00
    0.3320116289E+01    0.1040913172E-01    0.3011942242E+00
    0.3490342292E+01    0.9994029101E-02    0.2865048086E+00
