# xx                                                               FEFF 9.9.1
# POT  SCF 100  4.6000   0, screened core-hole, AFOLP (folp(0)= 1.150)
# Abs   Z=29 Rmt= 1.286 Rnm= 1.355 K  shell
# Pot 1 Z=29 Rmt= 1.334 Rnm= 1.433
# Pot 2 Z=16 Rmt= 1.380 Rnm= 1.493
# Gam_ch=1.729E+00 H-L exch Vi= 0.000E+00 Vr= 0.000E+00
# Mu=-6.557E+00eV kf=1.876E+00 Vint=-1.228E+01eV Rs_int= 1.933
#  -----------------------------------------------------------------------
#   0.95032E+00  0.23938E+01  0.63941E+00 -0.2409625E+00  0.3302774E+03 method to calculate xsect
#   1.7291900E+00  89  11
#       em              xsnorm            xsec  
 -0.103669110E+02  0.86459E+00  0.35650E-04 -0.76262E-05  0.49379E-04
 -0.964301404E+01  0.86459E+00  0.54569E-04  0.55813E-05  0.64743E-04
 -0.899531676E+01  0.86459E+00  0.73574E-04  0.15096E-04  0.80050E-04
 -0.842381915E+01  0.86459E+00  0.91238E-04  0.21527E-04  0.94316E-04
 -0.792852123E+01  0.86459E+00  0.10677E-03  0.25585E-04  0.10695E-03
 -0.750942299E+01  0.86459E+00  0.11981E-03  0.27939E-04  0.11766E-03
 -0.716652442E+01  0.86459E+00  0.13029E-03  0.29157E-04  0.12635E-03
 -0.689982554E+01  0.86459E+00  0.13826E-03  0.29685E-04  0.13301E-03
 -0.670932634E+01  0.86459E+00  0.14383E-03  0.29846E-04  0.13770E-03
 -0.659502682E+01  0.86459E+00  0.14712E-03  0.29860E-04  0.14049E-03
 -0.655692698E+01  0.86459E+00  0.14821E-03  0.29851E-04  0.14141E-03
 -0.645692698E+01  0.86459E+00  0.15104E-03  0.29796E-04  0.14382E-03
 -0.635692698E+01  0.86459E+00  0.15384E-03  0.29696E-04  0.14621E-03
 -0.631880298E+01  0.86459E+00  0.15490E-03  0.29647E-04  0.14711E-03
 -0.621402842E+01  0.86459E+00  0.15778E-03  0.29478E-04  0.14958E-03
 -0.609020394E+01  0.86459E+00  0.16113E-03  0.29220E-04  0.15247E-03
 -0.594732953E+01  0.86459E+00  0.16493E-03  0.28844E-04  0.15575E-03
 -0.578540521E+01  0.86459E+00  0.16913E-03  0.28321E-04  0.15941E-03
 -0.560443097E+01  0.86459E+00  0.17371E-03  0.27622E-04  0.16341E-03
 -0.540440681E+01  0.86459E+00  0.17860E-03  0.26715E-04  0.16773E-03
 -0.518533273E+01  0.86459E+00  0.18377E-03  0.25570E-04  0.17233E-03
 -0.494720873E+01  0.86459E+00  0.18916E-03  0.24162E-04  0.17716E-03
 -0.469003480E+01  0.86459E+00  0.19470E-03  0.22466E-04  0.18218E-03
 -0.441381096E+01  0.86459E+00  0.20033E-03  0.20462E-04  0.18735E-03
 -0.411853720E+01  0.86459E+00  0.20598E-03  0.18137E-04  0.19259E-03
 -0.380421352E+01  0.86459E+00  0.21158E-03  0.15484E-04  0.19787E-03
 -0.347083992E+01  0.86459E+00  0.21708E-03  0.12503E-04  0.20313E-03
 -0.311841639E+01  0.86459E+00  0.22240E-03  0.92011E-05  0.20830E-03
 -0.274694295E+01  0.86459E+00  0.22749E-03  0.55936E-05  0.21333E-03
 -0.235641959E+01  0.86459E+00  0.23230E-03  0.17023E-05  0.21819E-03
 -0.194684630E+01  0.86459E+00  0.23678E-03 -0.24444E-05  0.22281E-03
 -0.151822310E+01  0.86459E+00  0.24090E-03 -0.68126E-05  0.22716E-03
 -0.107054998E+01  0.86459E+00  0.24462E-03 -0.11364E-04  0.23120E-03
 -0.603826932E+00  0.86459E+00  0.24795E-03 -0.16056E-04  0.23492E-03
 -0.118053968E+00  0.86459E+00  0.25086E-03 -0.20846E-04  0.23829E-03
  0.386768916E+00  0.86459E+00  0.25335E-03 -0.25691E-04  0.24130E-03
  0.910641720E+00  0.86459E+00  0.25543E-03 -0.30546E-04  0.24394E-03
  0.145356444E+01  0.86459E+00  0.25711E-03 -0.35371E-04  0.24622E-03
  0.201553709E+01  0.86459E+00  0.25842E-03 -0.40126E-04  0.24815E-03
  0.259655965E+01  0.86459E+00  0.25937E-03 -0.44777E-04  0.24974E-03
  0.319663214E+01  0.86459E+00  0.26000E-03 -0.49293E-04  0.25100E-03
  0.381575454E+01  0.86459E+00  0.26032E-03 -0.53645E-04  0.25196E-03
  0.445392687E+01  0.86459E+00  0.26037E-03 -0.57811E-04  0.25264E-03
  0.511114911E+01  0.86459E+00  0.26019E-03 -0.61774E-04  0.25306E-03
  0.578742128E+01  0.86459E+00  0.25979E-03 -0.65518E-04  0.25326E-03
  0.648274336E+01  0.86459E+00  0.25921E-03 -0.69033E-04  0.25325E-03
  0.719711537E+01  0.86459E+00  0.25847E-03 -0.72313E-04  0.25305E-03
  0.793053730E+01  0.86459E+00  0.25761E-03 -0.75353E-04  0.25271E-03
  0.868300914E+01  0.86459E+00  0.25665E-03 -0.78154E-04  0.25223E-03
  0.945453091E+01  0.86459E+00  0.25561E-03 -0.80717E-04  0.25164E-03
  0.102451026E+02  0.86459E+00  0.25450E-03 -0.83046E-04  0.25097E-03
  0.110547242E+02  0.86459E+00  0.25336E-03 -0.85146E-04  0.25022E-03
  0.118833957E+02  0.86459E+00  0.25219E-03 -0.87024E-04  0.24942E-03
  0.127311172E+02  0.86459E+00  0.25102E-03 -0.88690E-04  0.24859E-03
  0.135978885E+02  0.86459E+00  0.24985E-03 -0.90151E-04  0.24774E-03
  0.144837098E+02  0.86459E+00  0.24870E-03 -0.91418E-04  0.24688E-03
  0.153885810E+02  0.86459E+00  0.24758E-03 -0.92500E-04  0.24602E-03
  0.163125022E+02  0.86459E+00  0.24650E-03 -0.93409E-04  0.24518E-03
  0.172554732E+02  0.86459E+00  0.24546E-03 -0.94156E-04  0.24436E-03
  0.182174942E+02  0.86459E+00  0.24447E-03 -0.94750E-04  0.24357E-03
  0.191985651E+02  0.86459E+00  0.24354E-03 -0.95203E-04  0.24282E-03
  0.201986859E+02  0.86459E+00  0.24267E-03 -0.95525E-04  0.24211E-03
  0.212178566E+02  0.86459E+00  0.24186E-03 -0.95727E-04  0.24145E-03
  0.222560773E+02  0.86459E+00  0.24113E-03 -0.95818E-04  0.24085E-03
  0.233133478E+02  0.86459E+00  0.24046E-03 -0.95810E-04  0.24030E-03
  0.243896683E+02  0.86459E+00  0.23987E-03 -0.95711E-04  0.23981E-03
  0.254850387E+02  0.86459E+00  0.23935E-03 -0.95531E-04  0.23938E-03
  0.265994590E+02  0.86459E+00  0.23890E-03 -0.95280E-04  0.23901E-03
  0.277329293E+02  0.86459E+00  0.23853E-03 -0.94965E-04  0.23870E-03
  0.288854495E+02  0.86459E+00  0.23823E-03 -0.94596E-04  0.23846E-03
  0.300570196E+02  0.86459E+00  0.23800E-03 -0.94180E-04  0.23828E-03
  0.312476396E+02  0.86459E+00  0.23784E-03 -0.93726E-04  0.23816E-03
  0.324573095E+02  0.86459E+00  0.23776E-03 -0.93241E-04  0.23810E-03
  0.336860293E+02  0.86459E+00  0.23774E-03 -0.92731E-04  0.23811E-03
  0.349337991E+02  0.86459E+00  0.23778E-03 -0.92204E-04  0.23817E-03
  0.362006188E+02  0.86459E+00  0.23789E-03 -0.91666E-04  0.23829E-03
  0.374864884E+02  0.86459E+00  0.23805E-03 -0.91124E-04  0.23847E-03
  0.387914079E+02  0.86459E+00  0.23828E-03 -0.90584E-04  0.23869E-03
  0.401153774E+02  0.86459E+00  0.23855E-03 -0.90050E-04  0.23897E-03
  0.414583968E+02  0.86459E+00  0.23888E-03 -0.89528E-04  0.23929E-03
  0.428204661E+02  0.86459E+00  0.23925E-03 -0.89023E-04  0.23966E-03
  0.442015853E+02  0.86459E+00  0.23967E-03 -0.88539E-04  0.24006E-03
  0.456017544E+02  0.86459E+00  0.24012E-03 -0.88080E-04  0.24051E-03
  0.470209734E+02  0.86459E+00  0.24061E-03 -0.87650E-04  0.24098E-03
  0.484592424E+02  0.86459E+00  0.24112E-03 -0.87252E-04  0.24148E-03
  0.499165613E+02  0.86459E+00  0.24167E-03 -0.86889E-04  0.24201E-03
  0.513929301E+02  0.86459E+00  0.24223E-03 -0.86565E-04  0.24256E-03
  0.528883489E+02  0.86459E+00  0.24281E-03 -0.86280E-04  0.24312E-03
  0.544028175E+02  0.86459E+00  0.24340E-03 -0.86037E-04  0.24369E-03
 -0.655692698E+01  0.50000E-02  0.14485E-03  0.52471E-04  0.14253E-03
 -0.655692698E+01  0.10000E-01  0.14485E-03  0.52328E-04  0.14252E-03
 -0.655692698E+01  0.12710E-01  0.14485E-03  0.52250E-04  0.14251E-03
 -0.655692698E+01  0.18961E-01  0.14485E-03  0.52072E-04  0.14250E-03
 -0.655692698E+01  0.28287E-01  0.14485E-03  0.51807E-04  0.14248E-03
 -0.655692698E+01  0.42199E-01  0.14485E-03  0.51411E-04  0.14244E-03
 -0.655692698E+01  0.62953E-01  0.14486E-03  0.50824E-04  0.14239E-03
 -0.655692698E+01  0.93915E-01  0.14489E-03  0.49951E-04  0.14233E-03
 -0.655692698E+01  0.14011E+00  0.14493E-03  0.48660E-04  0.14223E-03
 -0.655692698E+01  0.20901E+00  0.14504E-03  0.46755E-04  0.14209E-03
 -0.655692698E+01  0.31181E+00  0.14528E-03  0.43961E-04  0.14192E-03
 -0.655692698E+01  0.46517E+00  0.14582E-03  0.39894E-04  0.14171E-03
 -0.655692698E+01  0.69395E+00  0.14701E-03  0.34048E-04  0.14150E-03
 -0.655692698E+01  0.10352E+01  0.14967E-03  0.25787E-04  0.14139E-03
 -0.655692698E+01  0.15444E+01  0.15565E-03  0.14403E-04  0.14160E-03
 -0.655692698E+01  0.23040E+01  0.16924E-03 -0.74542E-06  0.14256E-03
 -0.655692698E+01  0.34371E+01  0.20091E-03 -0.19973E-04  0.14493E-03
 -0.655692698E+01  0.51276E+01  0.27911E-03 -0.42961E-04  0.14965E-03
 -0.655692698E+01  0.76495E+01  0.47425E-03 -0.68525E-04  0.15783E-03
 -0.655692698E+01  0.11412E+02  0.53836E-03 -0.94473E-04  0.17061E-03
 -0.655692698E+01  0.17024E+02  0.32382E-03 -0.11802E-03  0.18927E-03
