# # Once                                                         FEFF 9.9.1  
# # POT  SCF 100  5.0000   0, core-hole, AFOLP (folp(0)= 1.150)
# # Abs   Z=28 Rmt= 1.329 Rnm= 1.367 K  shell
# # Pot 1 Z=28 Rmt= 1.346 Rnm= 1.388
# # Gam_ch=1.576E+00 H-L exch Vi= 0.000E+00 Vr= 0.000E+00
# # Mu=-1.810E+01eV kf=2.027E+00 Vint=-2.626E+01eV Rs_int= 1.789
# # PATH  Rmax= 5.000,  Keep_limit= 0.00, Heap_limit 0.00  Pwcrit= 2.50%
#  S02=1.000  Temp=   0.00  Debye_temp=   0.00  Global_sig2= 0.00000
#  Energy zero shift, vr, vi    0.00000E+00   0.00000E+00
#  Curved wave amplitude ratio filter   4.000%
#     file         sig2 tot  cw amp ratio   deg  nlegs   reff  inp sig2
#           1       0.00000    100.00     12.00     2   2.4974
#           2       0.00000     23.33      6.00     2   3.5319
#           3       0.00000     13.45     48.00     3   3.7461
#           4       0.00000      9.61     48.00     3   4.2634
#           5       0.00000     57.08     24.00     2   4.3257
#           6       0.00000     12.35     48.00     3   4.6603
#           7       0.00000     25.79     96.00     3   4.6603
#           8       0.00000     19.67     12.00     2   4.9949
#           9       0.00000      9.86     12.00     3   4.9949
#          10       0.00000     45.82     24.00     3   4.9949
#          11       0.00000      8.86     12.00     4   4.9949
#          12       0.00000      4.39     12.00     4   4.9949
#          14       0.00000     37.19     12.00     4   4.9949
#    13/  15 paths used
#  xsedge+50, used to normalize mu           2.6834E-04
#  -----------------------------------------------------------------------
#  omega    e    k    mu    mu0     chi     @#
    8342.105    -18.104   0.000  1.09068E-01  3.17122E-01 -3.81397E-01
    8342.115    -18.095   0.050  1.15788E-01  3.21802E-01 -3.76812E-01
    8342.143    -18.066   0.100  1.22552E-01  3.26482E-01 -3.72168E-01
    8342.191    -18.018   0.150  1.42458E-01  3.40496E-01 -3.59034E-01
    8342.258    -17.952   0.200  1.62665E-01  3.54511E-01 -3.45530E-01
    8342.343    -17.866   0.250  1.93853E-01  3.76586E-01 -3.25599E-01
    8342.448    -17.761   0.300  2.25462E-01  3.98661E-01 -3.05348E-01
    8342.572    -17.637   0.350  2.62494E-01  4.24993E-01 -2.82401E-01
    8342.715    -17.495   0.400  2.99560E-01  4.51325E-01 -2.60042E-01
    8342.877    -17.333   0.450  3.35113E-01  4.77370E-01 -2.39559E-01
    8343.058    -17.152   0.500  3.69807E-01  5.03414E-01 -2.21190E-01
    8343.258    -16.952   0.550  3.98631E-01  5.27022E-01 -2.08414E-01
    8343.477    -16.733   0.600  4.25588E-01  5.50629E-01 -1.99098E-01
    8343.715    -16.494   0.650  4.45512E-01  5.71920E-01 -1.97049E-01
    8343.972    -16.237   0.700  4.62935E-01  5.93212E-01 -1.98903E-01
    8344.248    -15.961   0.750  4.74063E-01  6.12938E-01 -2.07410E-01
    8344.544    -15.666   0.800  4.82788E-01  6.32664E-01 -2.19067E-01
    8344.858    -15.351   0.850  4.87032E-01  6.51403E-01 -2.34979E-01
    8345.191    -15.018   0.900  4.89806E-01  6.70141E-01 -2.52265E-01
    8345.544    -14.666   0.950  4.90484E-01  6.88150E-01 -2.70569E-01
    8345.915    -14.294   1.000  4.91221E-01  7.06159E-01 -2.88027E-01
    8346.306    -13.904   1.050  4.92413E-01  7.23472E-01 -3.03269E-01
    8346.715    -13.494   1.100  4.95388E-01  7.40785E-01 -3.15605E-01
    8347.144    -13.065   1.150  5.00983E-01  7.57298E-01 -3.23323E-01
    8347.592    -12.618   1.200  5.09873E-01  7.73810E-01 -3.26673E-01
    8348.058    -12.151   1.250  5.22860E-01  7.89367E-01 -3.24055E-01
    8348.544    -11.665   1.300  5.40279E-01  8.04924E-01 -3.16230E-01
    8349.049    -11.160   1.350  5.62614E-01  8.19365E-01 -3.01951E-01
    8349.573    -10.637   1.400  5.90229E-01  8.33806E-01 -2.82003E-01
    8350.116    -10.094   1.450  6.23007E-01  8.46975E-01 -2.55692E-01
    8350.678     -9.532   1.500  6.61507E-01  8.60143E-01 -2.23661E-01
    8351.259     -8.951   1.550  7.04747E-01  8.71925E-01 -1.85973E-01
    8351.859     -8.351   1.600  7.53116E-01  8.83708E-01 -1.43545E-01
    8352.478     -7.731   1.650  8.04661E-01  8.94066E-01 -9.72673E-02
    8353.116     -7.093   1.700  8.58605E-01  9.04425E-01 -4.93438E-02
    8353.773     -6.436   1.750  9.12390E-01  9.13352E-01 -1.02730E-03
    8354.450     -5.760   1.800  9.63745E-01  9.22278E-01  4.39002E-02
    8355.145     -5.064   1.850  1.00999E+00  9.29813E-01  8.42866E-02
    8355.859     -4.350   1.900  1.04870E+00  9.37349E-01  1.16254E-01
    8356.593     -3.617   1.950  1.07758E+00  9.43500E-01  1.39201E-01
    8357.345     -2.864   2.000  1.09559E+00  9.49651E-01  1.50678E-01
    8358.117     -2.093   2.050  1.10273E+00  9.54220E-01  1.52734E-01
    8358.907     -1.302   2.100  1.10011E+00  9.58789E-01  1.44790E-01
    8359.717     -0.492   2.150  1.09071E+00  9.63358E-01  1.29981E-01
    8360.545      0.336   2.200  1.07812E+00  9.67927E-01  1.12037E-01
    8361.393      1.184   2.250  1.06254E+00  9.70668E-01  9.32166E-02
    8362.260      2.051   2.300  1.05087E+00  9.73410E-01  7.84255E-02
    8363.146      2.937   2.350  1.04458E+00  9.76151E-01  6.91431E-02
    8364.051      3.841   2.400  1.04290E+00  9.78893E-01  6.45347E-02
    8364.975      4.765   2.450  1.04170E+00  9.80386E-01  6.17637E-02
    8365.918      5.708   2.500  1.03836E+00  9.81879E-01  5.68389E-02
    8366.880      6.670   2.550  1.03012E+00  9.83372E-01  4.69961E-02
    8367.861      7.651   2.600  1.01608E+00  9.84866E-01  3.13532E-02
    8368.861      8.652   2.650  1.00473E+00  9.85595E-01  1.92152E-02
    8369.880      9.671   2.700  9.91433E-01  9.86325E-01  5.12725E-03
    8370.918     10.709   2.750  9.77408E-01  9.87055E-01 -9.68032E-03
    8371.975     11.766   2.800  9.64349E-01  9.87784E-01 -2.35089E-02
    8373.052     12.842   2.850  9.50556E-01  9.88143E-01 -3.77017E-02
    8374.147     13.938   2.900  9.40624E-01  9.88502E-01 -4.80200E-02
    8375.262     15.052   2.950  9.35972E-01  9.88861E-01 -5.30413E-02
    8376.395     16.186   3.000  9.37401E-01  9.89219E-01 -5.19645E-02
    8377.548     17.338   3.050  9.41197E-01  9.89475E-01 -4.84106E-02
    8378.719     18.510   3.100  9.52002E-01  9.89731E-01 -3.78305E-02
    8379.910     19.700   3.150  9.68483E-01  9.89987E-01 -2.15603E-02
    8381.119     20.910   3.200  9.88417E-01  9.90242E-01 -1.83006E-03
    8382.348     22.139   3.250  1.00917E+00  9.90571E-01  1.86430E-02
    8383.596     23.387   3.300  1.03079E+00  9.90900E-01  3.99769E-02
    8384.863     24.653   3.350  1.04994E+00  9.91228E-01  5.88315E-02
    8386.149     25.939   3.400  1.06365E+00  9.91557E-01  7.22227E-02
    8387.453     27.244   3.450  1.07291E+00  9.92028E-01  8.09919E-02
    8388.777     28.568   3.500  1.07421E+00  9.92498E-01  8.17968E-02
    8390.120     29.911   3.550  1.06714E+00  9.92969E-01  7.42140E-02
    8391.483     31.273   3.600  1.05274E+00  9.93440E-01  5.93177E-02
    8392.864     32.654   3.650  1.03447E+00  9.94048E-01  4.04127E-02
    8394.264     34.055   3.700  1.01211E+00  9.94656E-01  1.74345E-02
    8395.683     35.474   3.750  9.88424E-01  9.95264E-01 -6.83100E-03
    8397.121     36.912   3.800  9.66277E-01  9.95872E-01 -2.95382E-02
    8398.579     38.369   3.850  9.47047E-01  9.96571E-01 -4.93973E-02
    8400.055     39.846   3.900  9.32458E-01  9.97269E-01 -6.46047E-02
    8401.550     41.341   3.950  9.23319E-01  9.97968E-01 -7.43638E-02
    8403.065     42.856   4.000  9.19474E-01  9.98666E-01 -7.88406E-02
    8404.598     44.389   4.050  9.19685E-01  9.99372E-01 -7.92832E-02
    8406.151     45.942   4.100  9.23283E-01  1.00008E+00 -7.63578E-02
    8407.723     47.513   4.150  9.28786E-01  1.00078E+00 -7.15433E-02
    8409.313     49.104   4.200  9.34803E-01  1.00149E+00 -6.62241E-02
    8410.923     50.714   4.250  9.41052E-01  1.00210E+00 -6.05899E-02
    8412.552     52.342   4.300  9.46861E-01  1.00271E+00 -5.53980E-02
    8414.200     53.990   4.350  9.52283E-01  1.00331E+00 -5.05958E-02
    8415.866     55.657   4.400  9.57867E-01  1.00392E+00 -4.56379E-02
    8417.552     57.343   4.450  9.65072E-01  1.00436E+00 -3.89197E-02
    8419.257     59.048   4.500  9.73950E-01  1.00480E+00 -3.05504E-02
    8420.981     60.772   4.550  9.85130E-01  1.00524E+00 -1.99068E-02
    8422.724     62.515   4.600  9.98980E-01  1.00568E+00 -6.62730E-03
    8424.487     64.277   4.650  1.01515E+00  1.00587E+00  9.18047E-03
    8426.268     66.058   4.700  1.03302E+00  1.00606E+00  2.66802E-02
    8428.068     67.859   4.750  1.05193E+00  1.00625E+00  4.51968E-02
    8429.887     69.678   4.800  1.07096E+00  1.00645E+00  6.38354E-02
    8431.726     71.516   4.850  1.08823E+00  1.00636E+00  8.10147E-02
    8433.583     73.374   4.900  1.10357E+00  1.00628E+00  9.62955E-02
    8435.459     75.250   4.950  1.11600E+00  1.00619E+00  1.08709E-01
    8437.355     77.145   5.000  1.12453E+00  1.00611E+00  1.17257E-01
    8439.269     79.060   5.050  1.12776E+00  1.00575E+00  1.20872E-01
    8441.203     80.994   5.100  1.12540E+00  1.00539E+00  1.18942E-01
    8443.155     82.946   5.150  1.11663E+00  1.00504E+00  1.10661E-01
    8445.127     84.918   5.200  1.10096E+00  1.00468E+00  9.55270E-02
    8447.118     86.909   5.250  1.07807E+00  1.00408E+00  7.34577E-02
    8449.128     88.918   5.300  1.04886E+00  1.00349E+00  4.50822E-02
    8451.156     90.947   5.350  1.01477E+00  1.00289E+00  1.18079E-02
    8453.204     92.995   5.400  9.78032E-01  1.00230E+00 -2.41405E-02
    8455.271     95.062   5.450  9.41298E-01  1.00154E+00 -5.99819E-02
    8457.357     97.148   5.500  9.08052E-01  1.00078E+00 -9.24093E-02
    8459.462     99.253   5.550  8.81373E-01  1.00002E+00 -1.18341E-01
    8461.586    101.377   5.600  8.63676E-01  9.99257E-01 -1.35350E-01
    8463.729    103.520   5.650  8.56400E-01  9.98399E-01 -1.41890E-01
    8465.892    105.682   5.700  8.59450E-01  9.97542E-01 -1.38114E-01
    8468.073    107.863   5.750  8.71243E-01  9.96685E-01 -1.25580E-01
    8470.273    110.064   5.800  8.88994E-01  9.95828E-01 -1.07051E-01
    8472.492    112.283   5.850  9.09509E-01  9.94942E-01 -8.56875E-02
    8474.731    114.521   5.900  9.28978E-01  9.94057E-01 -6.53344E-02
    8476.988    116.779   5.950  9.44716E-01  9.93172E-01 -4.86921E-02
    8479.265    119.055   6.000  9.55450E-01  9.92287E-01 -3.70516E-02
    8481.560    121.351   6.050  9.61791E-01  9.91505E-01 -2.99109E-02
    8483.875    123.665   6.100  9.65762E-01  9.90722E-01 -2.51471E-02
    8486.208    125.999   6.150  9.70852E-01  9.89940E-01 -1.92459E-02
    8488.561    128.352   6.200  9.80918E-01  9.89158E-01 -8.31432E-03
    8490.933    130.723   6.250  9.99179E-01  9.88375E-01  1.09107E-02
    8493.323    133.114   6.300  1.02725E+00  9.87593E-01  4.00889E-02
    8495.733    135.524   6.350  1.06447E+00  9.86810E-01  7.85569E-02
    8498.162    137.953   6.400  1.10756E+00  9.86028E-01  1.23043E-01
    8500.610    140.401   6.450  1.15098E+00  9.85245E-01  1.67925E-01
    8503.077    142.868   6.500  1.18763E+00  9.84463E-01  2.06024E-01
    8505.563    145.354   6.550  1.20957E+00  9.83878E-01  2.29005E-01
    8508.068    147.859   6.600  1.21068E+00  9.83293E-01  2.30857E-01
    8510.592    150.383   6.650  1.18744E+00  9.82708E-01  2.07985E-01
    8513.135    152.926   6.700  1.13994E+00  9.82123E-01  1.60423E-01
    8515.698    155.488   6.750  1.07217E+00  9.81538E-01  9.21810E-02
    8518.279    158.070   6.800  9.91624E-01  9.80953E-01  1.08600E-02
    8520.879    160.670   6.850  9.08271E-01  9.80368E-01 -7.34166E-02
    8523.498    163.289   6.900  8.32963E-01  9.79783E-01 -1.49597E-01
    8526.137    165.928   6.950  7.75635E-01  9.79198E-01 -2.07536E-01
    8528.794    168.585   7.000  7.43599E-01  9.78613E-01 -2.39743E-01
    8531.471    171.262   7.050  7.40887E-01  9.78055E-01 -2.42082E-01
    8534.166    173.957   7.100  7.65759E-01  9.77497E-01 -2.16251E-01
    8536.881    176.672   7.150  8.12469E-01  9.76939E-01 -1.68073E-01
    8539.615    179.405   7.200  8.72030E-01  9.76381E-01 -1.06699E-01
    8542.367    182.158   7.250  9.33870E-01  9.75823E-01 -4.29224E-02
    8545.139    184.930   7.300  9.87761E-01  9.75265E-01  1.27915E-02
    8547.930    187.721   7.350  1.02565E+00  9.74707E-01  5.21823E-02
    8550.740    190.531   7.400  1.04306E+00  9.74149E-01  7.06283E-02
    8553.569    193.360   7.450  1.03977E+00  9.73591E-01  6.78629E-02
    8556.417    196.208   7.500  1.01966E+00  9.73033E-01  4.78477E-02
    8559.284    199.075   7.550  9.89661E-01  9.72237E-01  1.78939E-02
    8562.170    201.961   7.600  9.58970E-01  9.71440E-01 -1.28165E-02
    8565.075    204.866   7.650  9.36170E-01  9.70643E-01 -3.54598E-02
    8567.999    207.790   7.700  9.27837E-01  9.69847E-01 -4.32484E-02
    8570.942    210.733   7.750  9.37238E-01  9.69050E-01 -3.27773E-02
    8573.905    213.695   7.800  9.63728E-01  9.68253E-01 -4.66659E-03
    8576.886    216.677   7.850  1.00293E+00  9.67457E-01  3.66097E-02
    8579.886    219.677   7.900  1.04765E+00  9.66660E-01  8.36563E-02
    8582.906    222.696   7.950  1.08934E+00  9.65863E-01  1.27646E-01
    8585.944    225.735   8.000  1.11978E+00  9.65067E-01  1.60062E-01
    8589.002    228.792   8.050  1.13210E+00  9.64077E-01  1.74031E-01
    8592.078    231.869   8.100  1.12364E+00  9.63087E-01  1.66471E-01
    8595.174    234.965   8.150  1.09492E+00  9.62097E-01  1.37870E-01
    8598.288    238.079   8.200  1.04989E+00  9.61107E-01  9.22609E-02
    8601.422    241.213   8.250  9.95057E-01  9.60117E-01  3.63474E-02
    8604.575    244.366   8.300  9.38172E-01  9.59127E-01 -2.18231E-02
    8607.747    247.538   8.350  8.86804E-01  9.58137E-01 -7.43698E-02
    8610.938    250.728   8.400  8.47005E-01  9.57147E-01 -1.14957E-01
    8614.148    253.938   8.450  8.22383E-01  9.56157E-01 -1.39776E-01
    8617.377    257.167   8.500  8.13710E-01  9.55168E-01 -1.47966E-01
    8620.625    260.415   8.550  8.19129E-01  9.54091E-01 -1.41334E-01
    8623.892    263.682   8.600  8.34714E-01  9.53015E-01 -1.24028E-01
    8627.178    266.968   8.650  8.55737E-01  9.51938E-01 -1.00975E-01
    8630.483    270.274   8.700  8.77682E-01  9.50862E-01 -7.68994E-02
    8633.807    273.598   8.750  8.97160E-01  9.49786E-01 -5.53645E-02
    8637.150    276.941   8.800  9.12451E-01  9.48709E-01 -3.81886E-02
    8640.513    280.303   8.850  9.23609E-01  9.47633E-01 -2.53325E-02
    8643.894    283.685   8.900  9.32114E-01  9.46556E-01 -1.52463E-02
    8647.294    287.085   8.950  9.40220E-01  9.45480E-01 -5.55919E-03
    8650.714    290.505   9.000  9.50144E-01  9.44403E-01  6.07432E-03
    8654.152    293.943   9.050  9.63483E-01  9.43382E-01  2.12936E-02
    8657.610    297.401   9.100  9.80322E-01  9.42360E-01  4.02563E-02
    8661.087    300.877   9.150  9.99306E-01  9.41338E-01  6.15386E-02
    8664.582    304.373   9.200  1.01789E+00  9.40317E-01  8.24375E-02
    8668.097    307.888   9.250  1.03289E+00  9.39295E-01  9.95740E-02
    8671.631    311.421   9.300  1.04125E+00  9.38273E-01  1.09682E-01
    8675.183    314.974   9.350  1.04078E+00  9.37252E-01  1.10389E-01
    8678.755    318.546   9.400  1.03067E+00  9.36230E-01  1.00812E-01
    8682.346    322.137   9.450  1.01177E+00  9.35208E-01  8.18155E-02
    8685.956    325.747   9.500  9.86425E-01  9.34187E-01  5.58831E-02
    8689.585    329.376   9.550  9.57896E-01  9.33242E-01  2.64021E-02
    8693.233    333.024   9.600  9.30131E-01  9.32297E-01 -2.32211E-03
    8696.900    336.691   9.650  9.06593E-01  9.31352E-01 -2.65684E-02
    8700.587    340.377   9.700  8.89631E-01  9.30407E-01 -4.38015E-02
    8704.292    344.083   9.750  8.80068E-01  9.29462E-01 -5.31131E-02
    8708.016    347.807   9.800  8.77161E-01  9.28518E-01 -5.52797E-02
    8711.759    351.550   9.850  8.78907E-01  9.27573E-01 -5.24376E-02
    8715.522    355.312   9.900  8.82626E-01  9.26628E-01 -4.74617E-02
    8719.303    359.094   9.950  8.85674E-01  9.25683E-01 -4.31990E-02
    8723.104    362.894  10.000  8.86121E-01  9.24738E-01 -4.17398E-02
    8726.923    366.714  10.050  8.83125E-01  9.23677E-01 -4.38822E-02
    8730.762    370.552  10.100  8.77148E-01  9.22617E-01 -4.92585E-02
    8734.619    374.410  10.150  8.70046E-01  9.21556E-01 -5.58676E-02
    8738.496    378.287  10.200  8.64565E-01  9.20496E-01 -6.07319E-02
    8742.392    382.182  10.250  8.63638E-01  9.19435E-01 -6.06572E-02
    8746.306    386.097  10.300  8.69596E-01  9.18375E-01 -5.30889E-02
    8750.240    390.031  10.350  8.83486E-01  9.17314E-01 -3.68594E-02
    8754.193    393.984  10.400  9.04662E-01  9.16253E-01 -1.26451E-02
    8758.165    397.956  10.450  9.30747E-01  9.15193E-01  1.69881E-02
    8762.156    401.947  10.500  9.58011E-01  9.14132E-01  4.79778E-02
    8766.166    405.957  10.550  9.82062E-01  9.13072E-01  7.55239E-02
    8770.195    409.986  10.600  9.98741E-01  9.12011E-01  9.50538E-02
    8774.243    414.034  10.650  1.00499E+00  9.10950E-01  1.03186E-01
    8778.310    418.101  10.700  9.99534E-01  9.09890E-01  9.84781E-02
    8782.396    422.187  10.750  9.83189E-01  9.08829E-01  8.17828E-02
    8786.502    426.292  10.800  9.58749E-01  9.07769E-01  5.61353E-02
    8790.626    430.417  10.850  9.30451E-01  9.06708E-01  2.61739E-02
    8794.769    434.560  10.900  9.03128E-01  9.05648E-01 -2.78061E-03
    8798.932    438.723  10.950  8.81240E-01  9.04587E-01 -2.57983E-02
    8803.113    442.904  11.000  8.67969E-01  9.03526E-01 -3.93367E-02
    8807.314    447.104  11.050  8.64173E-01  9.02330E-01 -4.22685E-02
    8811.533    451.324  11.100  8.69520E-01  9.01133E-01 -3.50662E-02
    8815.772    455.563  11.150  8.81386E-01  8.99937E-01 -2.06047E-02
    8820.030    459.820  11.200  8.95778E-01  8.98740E-01 -3.29493E-03
    8824.306    464.097  11.250  9.08204E-01  8.97544E-01  1.18721E-02
    8828.602    468.393  11.300  9.14653E-01  8.96347E-01  2.04137E-02
    8832.917    472.708  11.350  9.12476E-01  8.95151E-01  1.93465E-02
    8837.251    477.041  11.400  9.00992E-01  8.93954E-01  7.86952E-03
    8841.604    481.394  11.450  8.81675E-01  8.92757E-01 -1.24078E-02
    8845.976    485.766  11.500  8.57895E-01  8.91561E-01 -3.77446E-02
    8850.367    490.157  11.550  8.34245E-01  8.90364E-01 -6.30014E-02
    8854.777    494.567  11.600  8.15620E-01  8.89168E-01 -8.26785E-02
    8859.206    498.996  11.650  8.06202E-01  8.87971E-01 -9.20453E-02
    8863.654    503.445  11.700  8.08588E-01  8.86775E-01 -8.81305E-02
    8868.121    507.912  11.750  8.23234E-01  8.85578E-01 -7.03682E-02
    8872.607    512.398  11.800  8.48311E-01  8.84382E-01 -4.07678E-02
    8877.113    516.903  11.850  8.80028E-01  8.83185E-01 -3.57334E-03
    8881.637    521.428  11.900  9.13328E-01  8.81988E-01  3.55170E-02
    8886.180    525.971  11.950  9.42839E-01  8.80792E-01  7.04134E-02
    8890.743    530.534  12.000  9.63866E-01  8.79595E-01  9.57635E-02
    8895.324    535.115  12.050  9.73665E-01  8.78424E-01  1.08374E-01
    8899.925    539.716  12.100  9.70693E-01  8.77253E-01  1.06467E-01
    8904.545    544.335  12.150  9.55902E-01  8.76082E-01  9.10699E-02
    8909.183    548.974  12.200  9.32181E-01  8.74911E-01  6.54292E-02
    8913.841    553.632  12.250  9.03743E-01  8.73740E-01  3.43246E-02
    8918.518    558.308  12.300  8.75288E-01  8.72568E-01  3.11509E-03
    8923.213    563.004  12.350  8.51100E-01  8.71397E-01 -2.32831E-02
    8927.928    567.719  12.400  8.34285E-01  8.70226E-01 -4.12831E-02
    8932.662    572.453  12.450  8.26272E-01  8.69055E-01 -4.92079E-02
    8937.415    577.206  12.500  8.26674E-01  8.67884E-01 -4.74626E-02
    8942.187    581.978  12.550  8.33519E-01  8.66713E-01 -3.82822E-02
    8946.978    586.769  12.600  8.43783E-01  8.65541E-01 -2.51280E-02
    8951.788    591.579  12.650  8.54104E-01  8.64370E-01 -1.18721E-02
    8956.617    596.408  12.700  8.61516E-01  8.63199E-01 -1.94863E-03
    8961.466    601.256  12.750  8.64055E-01  8.62028E-01  2.35044E-03
    8966.333    606.124  12.800  8.61112E-01  8.60857E-01  2.96392E-04
    8971.219    611.010  12.850  8.53482E-01  8.59686E-01 -7.21304E-03
    8976.125    615.915  12.900  8.43104E-01  8.58515E-01 -1.79436E-02
    8981.049    620.840  12.950  8.32566E-01  8.57343E-01 -2.88890E-02
    8985.992    625.783  13.000  8.24501E-01  8.56172E-01 -3.69773E-02
    8990.955    630.746  13.050  8.20849E-01  8.54907E-01 -3.98223E-02
    8995.937    635.727  13.100  8.22891E-01  8.53643E-01 -3.60092E-02
    9000.937    640.728  13.150  8.30519E-01  8.52378E-01 -2.56341E-02
    9005.957    645.748  13.200  8.42451E-01  8.51113E-01 -1.01727E-02
    9010.995    650.786  13.250  8.56527E-01  8.49848E-01  7.85660E-03
    9016.053    655.844  13.300  8.70180E-01  8.48583E-01  2.54396E-02
    9021.130    660.921  13.350  8.80968E-01  8.47318E-01  3.96971E-02
    9026.226    666.017  13.400  8.87071E-01  8.46053E-01  4.84608E-02
    9031.341    671.132  13.450  8.87616E-01  8.44788E-01  5.06754E-02
    9036.475    676.266  13.500  8.82803E-01  8.43523E-01  4.65466E-02
    9041.628    681.419  13.550  8.73788E-01  8.42259E-01  3.74182E-02
    9046.800    686.591  13.600  8.62378E-01  8.40994E-01  2.54162E-02
    9051.991    691.782  13.650  8.50609E-01  8.39729E-01  1.29512E-02
    9057.201    696.992  13.700  8.40304E-01  8.38464E-01  2.19363E-03
    9062.430    702.221  13.750  8.32708E-01  8.37199E-01 -5.36238E-03
    9067.679    707.469  13.800  8.28279E-01  8.35934E-01 -9.15391E-03
    9072.946    712.737  13.850  8.26671E-01  8.34669E-01 -9.57863E-03
    9078.232    718.023  13.900  8.26898E-01  8.33404E-01 -7.80378E-03
    9083.538    723.328  13.950  8.27635E-01  8.32139E-01 -5.41079E-03
    9088.862    728.653  14.000  8.27578E-01  8.30875E-01 -3.96540E-03
    9094.206    733.996  14.050  8.25712E-01  8.29577E-01 -4.65628E-03
    9099.568    739.359  14.100  8.21681E-01  8.28279E-01 -7.96289E-03
    9104.950    744.740  14.150  8.15782E-01  8.26981E-01 -1.35370E-02
    9110.350    750.141  14.200  8.08916E-01  8.25684E-01 -2.02982E-02
    9115.770    755.561  14.250  8.02364E-01  8.24386E-01 -2.67018E-02
    9121.209    761.000  14.300  7.97466E-01  8.23088E-01 -3.11161E-02
    9126.667    766.457  14.350  7.95302E-01  8.21790E-01 -3.22187E-02
    9132.143    771.934  14.400  7.96427E-01  8.20492E-01 -2.93180E-02
    9137.639    777.430  14.450  8.00734E-01  8.19195E-01 -2.25254E-02
    9143.154    782.945  14.500  8.07472E-01  8.17897E-01 -1.27408E-02
    9148.688    788.479  14.550  8.15408E-01  8.16599E-01 -1.45850E-03
    9154.241    794.032  14.600  8.23099E-01  8.15301E-01  9.56046E-03
    9159.813    799.604  14.650  8.29206E-01  8.14004E-01  1.86687E-02
    9165.405    805.195  14.700  8.32771E-01  8.12706E-01  2.46786E-02
    9171.015    810.806  14.750  8.33402E-01  8.11408E-01  2.70942E-02
    9176.644    816.435  14.800  8.31325E-01  8.10110E-01  2.61773E-02
    9182.292    822.083  14.850  8.27290E-01  8.08813E-01  2.28362E-02
    9187.960    827.750  14.900  8.22353E-01  8.07515E-01  1.83679E-02
    9193.646    833.437  14.950  8.17603E-01  8.06217E-01  1.41174E-02
    9199.352    839.142  15.000  8.13887E-01  8.04919E-01  1.11367E-02
    9205.076    844.867  15.050  8.11573E-01  8.03604E-01  9.91249E-03
    9210.820    850.610  15.100  8.10544E-01  8.02289E-01  1.02851E-02
    9216.582    856.373  15.150  8.10202E-01  8.00974E-01  1.15168E-02
    9222.364    862.155  15.200  8.09624E-01  7.99658E-01  1.24573E-02
    9228.165    867.955  15.250  8.07811E-01  7.98343E-01  1.18551E-02
    9233.984    873.775  15.300  8.03971E-01  7.97028E-01  8.70781E-03
    9239.823    879.614  15.350  7.97756E-01  7.95713E-01  2.56728E-03
    9245.681    885.472  15.400  7.89410E-01  7.94397E-01 -6.27632E-03
    9251.558    891.349  15.450  7.79769E-01  7.93082E-01 -1.67802E-02
    9257.454    897.245  15.500  7.70133E-01  7.91767E-01 -2.73147E-02
    9263.369    903.160  15.550  7.62003E-01  7.90452E-01 -3.59786E-02
    9269.303    909.094  15.600  7.56774E-01  7.89137E-01 -4.09966E-02
    9275.256    915.047  15.650  7.55420E-01  7.87821E-01 -4.11136E-02
    9281.228    921.019  15.700  7.58264E-01  7.86506E-01 -3.58958E-02
    9287.219    927.010  15.750  7.64871E-01  7.85191E-01 -2.58699E-02
    9293.230    933.020  15.800  7.74102E-01  7.83876E-01 -1.24638E-02
    9299.259    939.050  15.850  7.84316E-01  7.82560E-01  2.24320E-03
    9305.307    945.098  15.900  7.93680E-01  7.81245E-01  1.59123E-02
    9311.375    951.165  15.950  8.00524E-01  7.79930E-01  2.63976E-02
    9317.461    957.252  16.000  8.03667E-01  7.78615E-01  3.21654E-02
    9323.567    963.357  16.050  8.02629E-01  7.77253E-01  3.26384E-02
    9329.691    969.482  16.100  7.97773E-01  7.75892E-01  2.81933E-02
    9335.835    975.625  16.150  7.90115E-01  7.74531E-01  2.01147E-02
    9341.997    981.788  16.200  7.81149E-01  7.73170E-01  1.03177E-02
    9348.179    987.970  16.250  7.72538E-01  7.71808E-01  9.44969E-04
    9354.380    994.171  16.300  7.65764E-01  7.70447E-01 -6.07621E-03
    9360.600   1000.390  16.350  7.61835E-01  7.69086E-01 -9.42581E-03
    9366.838   1006.629  16.400  7.61082E-01  7.67724E-01 -8.64985E-03
    9373.096   1012.887  16.450  7.63118E-01  7.66363E-01 -4.23394E-03
    9379.373   1019.164  16.500  7.66931E-01  7.65002E-01  2.52140E-03
    9385.669   1025.460  16.550  7.71122E-01  7.63641E-01  9.79504E-03
    9391.984   1031.775  16.600  7.74208E-01  7.62279E-01  1.56450E-02
    9398.318   1038.109  16.650  7.74944E-01  7.60918E-01  1.84287E-02
    9404.672   1044.462  16.700  7.72590E-01  7.59557E-01  1.71546E-02
    9411.044   1050.835  16.750  7.67064E-01  7.58196E-01  1.16941E-02
    9417.435   1057.226  16.800  7.58961E-01  7.56834E-01  2.80990E-03
    9423.845   1063.636  16.850  7.49428E-01  7.55473E-01 -8.00013E-03
    9430.275   1070.065  16.900  7.39924E-01  7.54112E-01 -1.88099E-02
    9436.723   1076.514  16.950  7.31929E-01  7.52750E-01 -2.76547E-02
    9443.191   1082.981  17.000  7.26647E-01  7.51389E-01 -3.29223E-02
    9449.677   1089.468  17.050  7.24781E-01  7.50042E-01 -3.36722E-02
    9456.183   1095.973  17.100  7.26402E-01  7.48694E-01 -2.97688E-02
    9462.707   1102.498  17.150  7.30943E-01  7.47347E-01 -2.19452E-02
    9469.251   1109.042  17.200  7.37342E-01  7.46000E-01 -1.16030E-02
    9475.814   1115.604  17.250  7.44268E-01  7.44652E-01 -5.15412E-04
    9482.395   1122.186  17.300  7.50391E-01  7.43305E-01  9.53065E-03
    9488.996   1128.787  17.350  7.54630E-01  7.41958E-01  1.70758E-02
    9495.616   1135.407  17.400  7.56348E-01  7.40610E-01  2.12445E-02
    9502.255   1142.046  17.450  7.55433E-01  7.39263E-01  2.18682E-02
    9508.913   1148.704  17.500  7.52276E-01  7.37915E-01  1.94566E-02
    9515.590   1155.381  17.550  7.47644E-01  7.36568E-01  1.50330E-02
    9522.286   1162.077  17.600  7.42483E-01  7.35221E-01  9.87520E-03
    9529.001   1168.792  17.650  7.37708E-01  7.33873E-01  5.22338E-03
    9535.735   1175.526  17.700  7.34005E-01  7.32526E-01  2.01808E-03
    9542.488   1182.279  17.750  7.31707E-01  7.31179E-01  7.22970E-04
    9549.261   1189.051  17.800  7.30754E-01  7.29831E-01  1.26469E-03
    9556.052   1195.843  17.850  7.30739E-01  7.28484E-01  3.09545E-03
    9562.862   1202.653  17.900  7.31033E-01  7.27136E-01  5.35700E-03
    9569.692   1209.482  17.950  7.30947E-01  7.25789E-01  7.10384E-03
    9576.540   1216.331  18.000  7.29901E-01  7.24442E-01  7.53306E-03
    9583.408   1223.198  18.050  7.27527E-01  7.23067E-01  6.16520E-03
    9590.294   1230.085  18.100  7.23801E-01  7.21693E-01  2.91988E-03
    9597.200   1236.990  18.150  7.19017E-01  7.20319E-01 -1.80616E-03
    9604.124   1243.915  18.200  7.13720E-01  7.18944E-01 -7.26454E-03
    9611.068   1250.859  18.250  7.08580E-01  7.17570E-01 -1.25245E-02
    9618.031   1257.821  18.300  7.04250E-01  7.16196E-01 -1.66748E-02
    9625.013   1264.803  18.350  7.01228E-01  7.14821E-01 -1.90109E-02
    9632.013   1271.804  18.400  6.99767E-01  7.13447E-01 -1.91690E-02
    9639.033   1278.824  18.450  6.99837E-01  7.12072E-01 -1.71788E-02
    9646.072   1285.863  18.500  7.01150E-01  7.10698E-01 -1.34311E-02
    9653.130   1292.921  18.550  7.03242E-01  7.09324E-01 -8.57134E-03
    9660.207   1299.998  18.600  7.05576E-01  7.07949E-01 -3.35113E-03
    9667.303   1307.094  18.650  7.07655E-01  7.06575E-01  1.52825E-03
    9674.419   1314.209  18.700  7.09111E-01  7.05201E-01  5.54304E-03
    9681.553   1321.343  18.750  7.09754E-01  7.03826E-01  8.41954E-03
    9688.706   1328.497  18.800  7.09577E-01  7.02452E-01  1.01408E-02
    9695.878   1335.669  18.850  7.08716E-01  7.01078E-01  1.08930E-02
    9703.070   1342.860  18.900  7.07382E-01  6.99703E-01  1.09713E-02
    9710.280   1350.071  18.950  7.05784E-01  6.98329E-01  1.06734E-02
    9717.509   1357.300  19.000  7.04072E-01  6.96955E-01  1.02096E-02
    9724.758   1364.549  19.050  7.02309E-01  6.95588E-01  9.66060E-03
    9732.025   1371.816  19.100  7.00447E-01  6.94222E-01  8.96631E-03
    9739.312   1379.103  19.150  6.98374E-01  6.92855E-01  7.96360E-03
    9746.618   1386.408  19.200  6.95962E-01  6.91489E-01  6.46806E-03
    9753.942   1393.733  19.250  6.93134E-01  6.90122E-01  4.36308E-03
    9761.286   1401.077  19.300  6.89907E-01  6.88756E-01  1.67182E-03
    9768.649   1408.440  19.350  6.86420E-01  6.87389E-01 -1.41018E-03
    9776.031   1415.822  19.400  6.82913E-01  6.86023E-01 -4.53315E-03
    9783.432   1423.222  19.450  6.79685E-01  6.84656E-01 -7.25987E-03
    9790.852   1430.642  19.500  6.77027E-01  6.83290E-01 -9.16498E-03
    9798.291   1438.081  19.550  6.75143E-01  6.81923E-01 -9.94198E-03
    9805.749   1445.539  19.600  6.74099E-01  6.80557E-01 -9.48915E-03
    9813.226   1453.016  19.650  6.73790E-01  6.79190E-01 -7.95057E-03
    9820.722   1460.513  19.700  6.73961E-01  6.77824E-01 -5.69849E-03
    9828.237   1468.028  19.750  6.74254E-01  6.76457E-01 -3.25786E-03
    9835.771   1475.562  19.800  6.74288E-01  6.75091E-01 -1.18871E-03
    9843.325   1483.115  19.850  6.73756E-01  6.73724E-01  4.69468E-05
    9850.897   1490.688  19.900  6.72493E-01  6.72358E-01  2.01492E-04
    9858.488   1498.279  19.950  6.70530E-01  6.70991E-01 -6.87861E-04
    9866.099   1505.890  20.000  6.68089E-01  6.69625E-01 -2.29421E-03
