natx =      424
    x       y        z       iph  
      0.00000      0.00000      0.00000   0      0.00000
      0.23451     -0.22737      1.76454   2      1.79452
     -0.24114     -0.19046     -1.81439   1      1.84023
      1.08718      1.14704     -1.88347   3      2.45869
     -0.05819      2.44762     -0.43787   2      2.48716
      1.10554     -1.52796     -1.74531   3      2.56963
      2.61681     -0.15354     -0.43787   2      2.65763
     -1.58782      1.14704     -1.88347   3      2.71741
     -2.73319     -0.15354     -0.43787   2      2.77230
     -1.56946     -1.52796     -1.74531   3      2.80071
     -2.49868     -0.38092      1.32668   3      2.85457
     -0.05819     -2.90238     -0.43787   2      2.93580
      0.17632      2.67500      1.32668   3      2.99112
      0.17632     -2.67500      1.32668   3      2.99112
      2.85132     -0.38092      1.32668   3      3.16784
     -0.92922      1.14704      3.07199   3      3.40827
      2.67500      2.29408      0.00000   3      3.52398
     -2.67500      2.29408      0.00000   3      3.52398
     -0.91086     -1.52796      3.21015   3      3.67007
     -0.48227     -0.38092     -3.62879   3      3.68046
      1.74578      1.14704      3.07199   3      3.71491
     -2.25754     -0.19046      3.14107   1      3.87287
      2.25092     -0.22737     -3.19092   2      3.91156
      2.43386      2.48454     -1.81439   1      3.92284
     -2.44049      2.52146      1.76454   2      3.92776
      1.76414     -1.52796      3.21015   3      3.96887
      0.41746      2.48454      3.14107   1      4.02660
      2.67500     -3.05592      0.00000   3      4.06131
     -2.67500     -3.05592      0.00000   3      4.06131
     -0.42408      2.52146     -3.19092   2      4.08896
     -2.44049     -2.82855      1.76454   2      4.13162
      2.43386     -2.86546     -1.81439   1      4.17451
      2.90951      2.52146      1.76454   2      4.23516
     -2.91614      2.48454     -1.81439   1      4.23896
      0.41746     -2.86546      3.14107   1      4.27217
     -0.42408     -2.82855     -3.19092   2      4.28515
      1.10554      3.82204     -1.74531   3      4.34469
      3.76218      1.14704     -1.88347   3      4.36087
      3.09246     -0.19046      3.14107   1      4.41201
      2.90951     -2.82855      1.76454   2      4.42488
      3.78054     -1.52796     -1.74531   3      4.43546
     -3.09908     -0.22737     -3.19092   2      4.45398
     -2.91614     -2.86546     -1.81439   1      4.47289
     -1.56946      3.82204     -1.74531   3      4.48523
      0.60040     -0.15354      4.51760   2      4.55991
      1.08718     -4.20296     -1.88347   3      4.73226
     -4.26282      1.14704     -1.88347   3      4.79946
     -4.24446     -1.52796     -1.74531   3      4.83696
     -1.58782     -4.20296     -1.88347   3      4.87170
     -3.60423      1.14704      3.07199   3      4.87271
      2.19273      2.67500     -3.62879   3      5.01316
      2.19273     -2.67500     -3.62879   3      5.01316
     -3.58586     -1.52796      3.21015   3      5.04957
     -0.91086      3.82204      3.21015   3      5.07373
     -0.92922     -4.20296      3.07199   3      5.28824
      1.76414      3.82204      3.21015   3      5.29389
      5.35000      0.00000      0.00000   3      5.35000
     -5.35000      0.00000      0.00000   3      5.35000
      0.00000      5.35000      0.00000   3      5.35000
      0.00000     -5.35000      0.00000   3      5.35000
     -2.01641      0.00000      4.95546   3      5.35000
      2.01641      0.00000     -4.95546   3      5.35000
     -5.11549     -0.22737      1.76454   2      5.41604
      0.23451      5.12263      1.76454   2      5.42309
      5.10886     -0.19046     -1.81439   1      5.42483
     -0.71679     -0.15354     -5.39333   2      5.44292
     -0.24114      5.15954     -1.81439   1      5.47458
      1.74578     -4.20296      3.07199   3      5.49088
      0.65859      2.29408      4.95546   3      5.50029
     -0.65859      2.29408     -4.95546   3      5.50029
     -3.15727      2.67500     -3.62879   3      5.50383
     -3.15727     -2.67500     -3.62879   3      5.50383
      4.42077      1.14704      3.07199   3      5.50419
     -2.07460      2.44762      4.51760   2      5.54108
      3.78054      3.82204     -1.74531   3      5.65213
      4.43914     -1.52796      3.21015   3      5.68732
     -2.49868      4.96908      1.32668   3      5.71797
     -2.07460     -2.90238      4.51760   2      5.75642
      2.61681      5.19646     -0.43787   2      5.83460
     -0.24114     -5.54046     -1.81439   1      5.83497
      5.29181      2.44762     -0.43787   2      5.84686
      0.23451     -5.57737      1.76454   2      5.85455
      0.65859     -3.05592      4.95546   3      5.85910
     -0.65859     -3.05592     -4.95546   3      5.85910
      5.58451     -0.22737      1.76454   2      5.86106
      2.85132      4.96908      1.32668   3      5.88063
     -5.59114     -0.19046     -1.81439   1      5.88125
     -2.73319      5.19646     -0.43787   2      5.88772
      3.76218     -4.20296     -1.88347   3      5.94696
     -5.40819      2.44762     -0.43787   2      5.95241
      3.33359      0.00000      4.95546   3      5.97239
     -3.33359      0.00000     -4.95546   3      5.97239
     -4.24446      3.82204     -1.74531   3      5.97240
     -5.17368      2.67500      1.32668   3      5.97350
     -5.17368     -2.67500      1.32668   3      5.97350
      5.29181     -2.90238     -0.43787   2      6.05134
      4.86773     -0.38092     -3.62879   3      6.08342
      3.27540      2.44762      4.51760   2      6.09326
      2.61681     -5.50354     -0.43787   2      6.10970
     -3.58586      3.82204      3.21015   3      6.14585
     -5.40819     -2.90238     -0.43787   2      6.15338
     -2.73319     -5.50354     -0.43787   2      6.16044
     -0.48227      4.96908     -3.62879   3      6.17191
      1.95821      2.44762     -5.39333   2      6.23806
     -4.26282     -4.20296     -1.88347   3      6.27566
      5.52632      2.67500      1.32668   3      6.28139
      5.52632     -2.67500      1.32668   3      6.28139
      3.27540     -2.90238      4.51760   2      6.28973
     -3.60423     -4.20296      3.07199   3      6.33186
      0.83491     -0.38092      6.28214   3      6.34881
     -4.93254      2.48454      3.14107   1      6.35368
      4.92592      2.52146     -3.19092   2      6.38783
     -2.49868     -5.73092      1.32668   3      6.39116
      1.95821     -2.90238     -5.39333   2      6.43011
      2.25092      5.12263     -3.19092   2      6.44127
     -2.25754      5.15954      3.14107   1      6.44854
     -4.93254     -2.86546      3.14107   1      6.51208
      4.92592     -2.82855     -3.19092   2      6.51516
      2.85132     -5.73092      1.32668   3      6.53709
     -4.74960     -0.15354      4.51760   2      6.55675
      4.43914      3.82204      3.21015   3      6.67974
     -2.25754     -5.54046      3.14107   1      6.75718
     -3.09908      5.12263     -3.19092   2      6.78436
      3.09246      5.15954      3.14107   1      6.78605
     -0.48227     -5.73092     -3.62879   3      6.80030
      6.43718      1.14704     -1.88347   3      6.80445
      2.25092     -5.57737     -3.19092   2      6.80850
     -3.39179      2.44762     -5.39333   2      6.82518
      4.42077     -4.20296      3.07199   3      6.82973
      1.08718      6.49704     -1.88347   3      6.85135
      6.45554     -1.52796     -1.74531   3      6.85965
     -5.83227     -0.38092     -3.62879   3      6.87958
      0.44695     -1.52796     -6.70078   3      6.88729
      0.60040      5.19646      4.51760   2      6.91175
      0.42859      1.14704     -6.83893   3      6.94769
     -1.58782      6.49704     -1.88347   3      6.94839
     -1.78190     -0.22737      6.72000   2      6.95595
     -3.39179     -2.90238     -5.39333   2      7.00114
      1.77527     -0.19046     -6.76985   1      7.00134
      5.76746      2.48454      3.14107   1      7.02160
     -5.77408      2.52146     -3.19092   2      7.06256
     -1.84009      2.67500      6.28214   3      7.07155
     -1.84009     -2.67500      6.28214   3      7.07155
      3.09246     -5.54046      3.14107   1      7.07999
     -6.27923      1.14704      3.07199   3      7.08389
      4.63321     -0.15354     -5.39333   2      7.11184
     -3.09908     -5.57737     -3.19092   2      7.13396
      0.60040     -5.50354      4.51760   2      7.14550
      5.76746     -2.86546      3.14107   1      7.16524
     -5.77408     -2.82855     -3.19092   2      7.17793
      1.10554     -6.87796     -1.74531   3      7.18155
      4.69141      2.29408     -4.95546   3      7.19922
     -4.69141      2.29408      4.95546   3      7.19922
     -6.26086     -1.52796      3.21015   3      7.19987
     -2.22805     -1.52796     -6.70078   3      7.22491
      0.89311      2.52146      6.72000   2      7.23283
     -0.92922      6.49704      3.07199   3      7.24652
     -0.89973      2.48454     -6.76985   1      7.26728
     -1.56946     -6.87796     -1.74531   3      7.26744
     -6.93782      1.14704     -1.88347   3      7.27987
     -2.24641      1.14704     -6.83893   3      7.28924
     -6.91946     -1.52796     -1.74531   3      7.29792
      0.89311     -2.82855      6.72000   2      7.34553
      1.74578      6.49704      3.07199   3      7.39570
     -0.89973     -2.86546     -6.76985   1      7.40617
     -5.11549      5.12263      1.76454   2      7.45138
      5.95040     -0.15354      4.51760   2      7.47258
      4.69141     -3.05592     -4.95546   3      7.47693
     -4.69141     -3.05592      4.95546   3      7.47693
      5.10886      5.15954     -1.81439   1      7.48421
     -0.71679      5.19646     -5.39333   2      7.52362
      3.12195     -1.52796     -6.70078   3      7.54862
      5.35000      5.35000      0.00000   3      7.56604
      5.35000     -5.35000      0.00000   3      7.56604
     -5.35000      5.35000      0.00000   3      7.56604
     -5.35000     -5.35000      0.00000   3      7.56604
     -2.01641      5.35000      4.95546   3      7.56604
     -2.01641     -5.35000      4.95546   3      7.56604
      2.01641      5.35000     -4.95546   3      7.56604
      2.01641     -5.35000     -4.95546   3      7.56604
      3.10359      1.14704     -6.83893   3      7.59730
      3.56811     -0.22737      6.72000   2      7.61193
     -0.91086     -6.87796      3.21015   3      7.64467
     -3.57473     -0.19046     -6.76985   1      7.65806
      3.50991      2.67500      6.28214   3      7.67726
      3.50991     -2.67500      6.28214   3      7.67726
      6.45554      3.82204     -1.74531   3      7.70248
      0.44695      3.82204     -6.70078   3      7.72711
     -0.71679     -5.50354     -5.39333   2      7.73891
      3.76218      6.49704     -1.88347   3      7.74035
     -4.51509     -0.38092      6.28214   3      7.74573
      5.10886     -5.54046     -1.81439   1      7.75172
     -5.11549     -5.57737      1.76454   2      7.77103
      5.58451      5.12263      1.76454   2      7.78085
      1.76414     -6.87796      3.21015   3      7.79253
     -0.05819      7.79763     -0.43787   2      7.81013
      7.09577      1.14704      3.07199   3      7.81683
     -5.59114      5.15954     -1.81439   1      7.82136
      4.86773      4.96908     -3.62879   3      7.84567
      6.43718     -4.20296     -1.88347   3      7.91515
      7.11414     -1.52796      3.21015   3      7.95303
     -7.84868     -0.38092      1.32668   3      7.96913
      7.96681     -0.15354     -0.43787   2      7.98031
     -4.26282      6.49704     -1.88347   3      7.99566
     -6.26086      3.82204      3.21015   3      8.00696
      3.33359      5.35000      4.95546   3      8.01823
      3.33359     -5.35000      4.95546   3      8.01823
     -3.33359     -5.35000     -4.95546   3      8.01823
     -3.33359      5.35000     -4.95546   3      8.01823
     -2.22805      3.82204     -6.70078   3      8.02948
      0.42859     -4.20296     -6.83893   3      8.03863
     -3.60423      6.49704      3.07199   3      8.03984
      3.78054     -6.87796     -1.74531   3      8.04021
      0.83491      4.96908      6.28214   3      8.05320
     -5.59114     -5.54046     -1.81439   1      8.07772
      5.58451     -5.57737      1.76454   2      8.08749
     -6.91946      3.82204     -1.74531   3      8.09524
     -8.08319     -0.15354     -0.43787   2      8.09650
      2.67500      7.64408      0.00000   3      8.09862
     -2.67500      7.64408      0.00000   3      8.09862
     -0.27063      1.14704      8.02745   3      8.11350
     -6.06679     -0.15354     -5.39333   2      8.11896
     -6.00859      2.29408     -4.95546   3      8.11927
      6.00859      2.29408      4.95546   3      8.11927
      0.17632      8.02500      1.32668   3      8.13583
      0.17632     -8.02500      1.32668   3      8.13583
     -6.27923     -4.20296      3.07199   3      8.15663
      1.07605     -0.19046      8.09653   1      8.16994
     -1.08267     -0.22737     -8.14638   2      8.22116
     -7.60754     -0.19046      3.14107   1      8.23270
      7.60092     -0.22737     -3.19092   2      8.24667
     -0.05819     -8.25238     -0.43787   2      8.26419
     -4.24446     -6.87796     -1.74531   3      8.26849
     -0.25227     -1.52796      8.16561   3      8.31117
      8.20132     -0.38092      1.32668   3      8.31666
      3.12195      3.82204     -6.70078   3      8.32196
     -6.93782     -4.20296     -1.88347   3      8.32740
     -2.24641     -4.20296     -6.83893   3      8.33560
      8.02500      2.29408      0.00000   3      8.34646
     -8.02500      2.29408      0.00000   3      8.34646
      4.86773     -5.73092     -3.62879   3      8.34903
     -4.74960      5.19646      4.51760   2      8.36484
     -6.00859     -3.05592     -4.95546   3      8.36651
      6.00859     -3.05592      4.95546   3      8.36651
      7.78386      2.48454     -1.81439   1      8.36980
     -7.79049      2.52146      1.76454   2      8.37634
     -3.58586     -6.87796      3.21015   3      8.39463
      2.43386      7.83454     -1.81439   1      8.40213
     -2.44049      7.87146      1.76454   2      8.42789
      4.42077      6.49704      3.07199   3      8.43753
     -4.90305     -1.52796     -6.70078   3      8.44245
     -4.45690      2.52146      6.72000   2      8.44867
      0.41746      7.83454      3.14107   1      8.45107
      2.40437      1.14704      8.02745   3      8.45794
     -7.79049     -2.82855      1.76454   2      8.47384
      4.45027      2.48454     -6.76985   1      8.47401
     -5.83227      4.96908     -3.62879   3      8.47793
      7.78386     -2.86546     -1.81439   1      8.49067
     -4.92141      1.14704     -6.83893   3      8.50335
     -0.42408      7.87146     -3.19092   2      8.50421
      0.83491     -5.73092      6.28214   3      8.54434
     -4.45690     -2.82855      6.72000   2      8.54535
     -2.91614      7.83454     -1.81439   1      8.55429
     -4.74960     -5.50354      4.51760   2      8.55899
      2.90951      7.87146      1.76454   2      8.57547
      8.02500     -3.05592      0.00000   3      8.58716
     -8.02500     -3.05592      0.00000   3      8.58716
      4.45027     -2.86546     -6.76985   1      8.59341
      3.10359     -4.20296     -6.83893   3      8.60629
     -1.59895      2.48454      8.09653   1      8.61878
     -2.94563      1.14704      8.02745   3      8.62742
     -1.78190      5.12263      6.72000   2      8.63567
      2.42273     -1.52796      8.16561   3      8.65341
      1.59233      2.52146     -8.14638   2      8.67507
      7.11414      3.82204      3.21015   3      8.69045
      1.77527      5.15954     -6.76985   1      8.69502
     -2.44049     -8.17854      1.76454   2      8.71540
      1.53413     -0.38092     -8.58425   3      8.72857
     -1.59895     -2.86546      8.09653   1      8.73621
      2.43386     -8.21546     -1.81439   1      8.75840
      1.59233     -2.82855     -8.14638   2      8.76925
      7.54273      2.67500     -3.62879   3      8.78729
      7.54273     -2.67500     -3.62879   3      8.78729
     -0.42408     -8.17854     -3.19092   2      8.78922
      4.43914     -6.87796      3.21015   3      8.79303
      7.09577     -4.20296      3.07199   3      8.80068
      0.41746     -8.21546      3.14107   1      8.80536
      4.63321      5.19646     -5.39333   2      8.80669
     -2.92727     -1.52796      8.16561   3      8.80799
      8.25951      2.52146      1.76454   2      8.81424
     -8.26614      2.48454     -1.81439   1      8.82009
      2.67500     -8.40592      0.00000   3      8.82129
     -2.67500     -8.40592      0.00000   3      8.82129
      6.18491     -0.38092      6.28214   3      8.82403
      2.90951     -8.17854      1.76454   2      8.85819
     -7.36641      0.00000      4.95546   3      8.87809
      7.36641      0.00000     -4.95546   3      8.87809
     -2.91614     -8.21546     -1.81439   1      8.90447
      8.25951     -2.82855      1.76454   2      8.90695
     -1.78190     -5.57737      6.72000   2      8.91295
      1.77527     -5.54046     -6.76985   1      8.92632
     -8.26614     -2.86546     -1.81439   1      8.93487
     -5.83227     -5.73092     -3.62879   3      8.94578
      5.79695     -1.52796     -6.70078   3      8.99109
      4.63321     -5.50354     -5.39333   2      8.99131
      8.44246     -0.19046      3.14107   1      9.00986
     -0.25227      3.82204      8.16561   3      9.01936
      5.77859      1.14704     -6.83893   3      9.02656
     -7.42460      2.44762      4.51760   2      9.02908
     -8.44908     -0.22737     -3.19092   2      9.03441
     -1.14087      2.67500     -8.58425   3      9.06347
     -1.14087     -2.67500     -8.58425   3      9.06347
     -0.27063     -4.20296      8.02745   3      9.06521
      2.19273      8.02500     -3.62879   3      9.07616
      2.19273     -8.02500     -3.62879   3      9.07616
      5.95040      5.19646      4.51760   2      9.10050
      0.65859      7.64408      4.95546   3      9.13358
     -0.65859      7.64408     -4.95546   3      9.13358
     -4.90305      3.82204     -6.70078   3      9.14047
     -4.27395     -0.19046      8.09653   1      9.15733
     -7.42460     -2.90238      4.51760   2      9.16281
      3.56811      5.12263      6.72000   2      9.17230
     -4.51509      4.96908      6.28214   3      9.19473
      4.26733     -0.22737     -8.14638   2      9.19920
     -3.57473      5.15954     -6.76985   1      9.23204
     -2.07460      7.79763      4.51760   2      9.24746
      3.75105      2.48454      8.09653   1      9.26267
      5.95040     -5.50354      4.51760   2      9.27928
     -3.75767      2.52146     -8.14638   2      9.31887
      2.42273      3.82204      8.16561   3      9.33567
      6.43718      6.49704     -1.88347   3      9.33790
     -3.15727      8.02500     -3.62879   3      9.35613
     -3.15727     -8.02500     -3.62879   3      9.35613
      3.75105     -2.86546      8.09653   1      9.37204
      2.40437     -4.20296      8.02745   3      9.37475
      9.11218      1.14704     -1.88347   3      9.37523
     -7.84868      4.96908      1.32668   3      9.38369
      1.10554      9.17204     -1.74531   3      9.40184
     -3.81587     -0.38092     -8.58425   3      9.40188
     -3.75767     -2.82855     -8.14638   2      9.40661
      7.30821      2.44762     -5.39333   2      9.40685
     -4.92141     -4.20296     -6.83893   3      9.41574
      9.13054     -1.52796     -1.74531   3      9.42060
      3.56811     -5.57737      6.72000   2      9.43382
      5.29181      7.79763     -0.43787   2      9.43387
      0.42859      6.49704     -6.83893   3      9.44279
     -3.57473     -5.54046     -6.76985   1      9.45020
     -1.56946      9.17204     -1.74531   3      9.46761
     -2.92727      3.82204      8.16561   3      9.47914
     -5.40819      7.79763     -0.43787   2      9.49964
      6.24310      2.52146      6.72000   2      9.51276
      7.96681      5.19646     -0.43787   2      9.52181
     -2.94563     -4.20296      8.02745   3      9.52794
      7.30821     -2.90238     -5.39333   2      9.53529
     -8.95422      1.14704      3.07199   3      9.53577
     -6.24973      2.48454     -6.76985   1      9.54269
     -6.27923      6.49704      3.07199   3      9.54344
      5.07937      1.14704      8.02745   3      9.56847
     -1.41601     -0.15354      9.47306   2      9.57954
      3.27540      7.79763      4.51760   2      9.58853
      6.45554     -6.87796     -1.74531   3      9.59304
      6.24310     -2.82855      6.72000   2      9.59872
      0.44695     -6.87796     -6.70078   3      9.61283
     -8.93586     -1.52796      3.21015   3      9.61714
     -8.08319      5.19646     -0.43787   2      9.61940
     -4.51509     -5.73092      6.28214   3      9.62781
     -8.50727      2.67500     -3.62879   3      9.62795
     -8.50727     -2.67500     -3.62879   3      9.62795
     -2.07460     -8.25238      4.51760   2      9.63402
     -6.06679      5.19646     -5.39333   2      9.63831
     -5.17368      8.02500      1.32668   3      9.63990
     -5.17368     -8.02500      1.32668   3      9.63990
     -6.24973     -2.86546     -6.76985   1      9.64888
      5.79695      3.82204     -6.70078   3      9.64951
      1.07605      5.15954      8.09653   1      9.66088
      8.20132      4.96908      1.32668   3      9.68057
      1.95821      7.79763     -5.39333   2      9.68119
     -1.08267      5.12263     -8.14638   2      9.68385
     -6.93782      6.49704     -1.88347   3      9.68980
      7.96681     -5.50354     -0.43787   2      9.69282
     -2.24641      6.49704     -6.83893   3      9.69685
      7.60092      5.12263     -3.19092   2      9.70553
     -7.60754      5.15954      3.14107   1      9.71401
      5.09773     -1.52796      8.16561   3      9.74673
     -0.91086      9.17204      3.21015   3      9.76018
     -4.93254      7.83454      3.14107   1      9.77631
      0.65859     -8.40592      4.95546   3      9.78007
     -0.65859     -8.40592     -4.95546   3      9.78007
     -8.08319     -5.50354     -0.43787   2      9.78870
      1.08718     -9.55296     -1.88347   3      9.79737
     -7.13190     -0.22737      6.72000   2      9.80174
     -6.06679     -5.50354     -5.39333   2      9.80729
     -7.84868     -5.73092      1.32668   3      9.80843
      5.29181     -8.25238     -0.43787   2      9.81309
      4.92592      7.87146     -3.19092   2      9.81868
      7.12527     -0.19046     -6.76985   1      9.83040
      5.52632      8.02500      1.32668   3      9.83366
      5.52632     -8.02500      1.32668   3      9.83366
     -6.26086     -6.87796      3.21015   3      9.83920
     -2.22805     -6.87796     -6.70078   3      9.85753
     -9.61282      1.14704     -1.88347   3      9.86253
      1.25899      2.44762      9.47306   2      9.86483
     -1.58782     -9.55296     -1.88347   3      9.86548
     -5.62063      1.14704      8.02745   3      9.86647
      1.07605     -5.54046      8.09653   1      9.86957
     -9.59446     -1.52796     -1.74531   3      9.87088
     -5.40819     -8.25238     -0.43787   2      9.87633
      1.76414      9.17204      3.21015   3      9.87641
      5.77859     -4.20296     -6.83893   3      9.89080
     -6.91946     -6.87796     -1.74531   3      9.91117
     -7.19009      2.67500      6.28214   3      9.91556
     -7.19009     -2.67500      6.28214   3      9.91556
     -7.60754     -5.54046      3.14107   1      9.92158
      4.20913      2.67500     -8.58425   3      9.92783
      4.20913     -2.67500     -8.58425   3      9.92783
      3.10359      6.49704     -6.83893   3      9.93050
     -1.08267     -5.57737     -8.14638   2      9.93191
      7.60092     -5.57737     -3.19092   2      9.95304
      3.27540     -8.25238      4.51760   2      9.96186
      1.25899     -2.90238      9.47306   2      9.98738
      8.68359      0.00000      4.95546   3      9.99807
     -8.68359      0.00000     -4.95546   3      9.99807
     -1.31719      0.00000     -9.91092   3      9.99807
      1.31719      0.00000      9.91092   3      9.99807
