nat, nph =   424    3
    1    3    2    4
 iat     x       y        z       iph  
 -----------------------------------------------------------------------
   1      0.00000      0.00000      0.00000   0   1
   2      0.23451     -0.22737      1.76454   2   1
   3     -0.24114     -0.19046     -1.81439   1   1
   4      1.08718      1.14704     -1.88347   3   1
   5     -0.05819      2.44762     -0.43787   2   1
   6      1.10554     -1.52796     -1.74531   3   1
   7      2.61681     -0.15354     -0.43787   2   1
   8     -1.58782      1.14704     -1.88347   3   1
   9     -2.73319     -0.15354     -0.43787   2   1
  10     -1.56946     -1.52796     -1.74531   3   1
  11     -2.49868     -0.38092      1.32668   3   1
  12     -0.05819     -2.90238     -0.43787   2   1
  13      0.17632      2.67500      1.32668   3   1
  14      0.17632     -2.67500      1.32668   3   1
  15      2.85132     -0.38092      1.32668   3   1
  16     -0.92922      1.14704      3.07199   3   1
  17      2.67500      2.29408      0.00000   3   1
  18     -2.67500      2.29408      0.00000   3   1
  19     -0.91086     -1.52796      3.21015   3   1
  20     -0.48227     -0.38092     -3.62879   3   1
  21      1.74578      1.14704      3.07199   3   1
  22     -2.25754     -0.19046      3.14107   1   1
  23      2.25092     -0.22737     -3.19092   2   1
  24      2.43386      2.48454     -1.81439   1   1
  25     -2.44049      2.52146      1.76454   2   1
  26      1.76414     -1.52796      3.21015   3   1
  27      0.41746      2.48454      3.14107   1   1
  28      2.67500     -3.05592      0.00000   3   1
  29     -2.67500     -3.05592      0.00000   3   1
  30     -0.42408      2.52146     -3.19092   2   1
  31     -2.44049     -2.82855      1.76454   2   1
  32      2.43386     -2.86546     -1.81439   1   1
  33      2.90951      2.52146      1.76454   2   1
  34     -2.91614      2.48454     -1.81439   1   1
  35      0.41746     -2.86546      3.14107   1   1
  36     -0.42408     -2.82855     -3.19092   2   1
  37      1.10554      3.82204     -1.74531   3   1
  38      3.76218      1.14704     -1.88347   3   1
  39      3.09246     -0.19046      3.14107   1   1
  40      2.90951     -2.82855      1.76454   2   1
  41      3.78054     -1.52796     -1.74531   3   1
  42     -3.09908     -0.22737     -3.19092   2   1
  43     -2.91614     -2.86546     -1.81439   1   1
  44     -1.56946      3.82204     -1.74531   3   1
  45      0.60040     -0.15354      4.51760   2   1
  46      1.08718     -4.20296     -1.88347   3   1
  47     -4.26282      1.14704     -1.88347   3   1
  48     -4.24446     -1.52796     -1.74531   3   1
  49     -1.58782     -4.20296     -1.88347   3   1
  50     -3.60423      1.14704      3.07199   3   1
  51      2.19273      2.67500     -3.62879   3   1
  52      2.19273     -2.67500     -3.62879   3   1
  53     -3.58586     -1.52796      3.21015   3   1
  54     -0.91086      3.82204      3.21015   3   1
  55     -0.92922     -4.20296      3.07199   3   1
  56      1.76414      3.82204      3.21015   3   1
  57      5.35000      0.00000      0.00000   3   1
  58     -5.35000      0.00000      0.00000   3   1
  59      0.00000      5.35000      0.00000   3   1
  60      0.00000     -5.35000      0.00000   3   1
  61     -2.01641      0.00000      4.95546   3   1
  62      2.01641      0.00000     -4.95546   3   1
  63     -5.11549     -0.22737      1.76454   2   1
  64      0.23451      5.12263      1.76454   2   1
  65      5.10886     -0.19046     -1.81439   1   1
  66     -0.71679     -0.15354     -5.39333   2   1
  67     -0.24114      5.15954     -1.81439   1   1
  68      1.74578     -4.20296      3.07199   3   1
  69      0.65859      2.29408      4.95546   3   1
  70     -0.65859      2.29408     -4.95546   3   1
  71     -3.15727      2.67500     -3.62879   3   1
  72     -3.15727     -2.67500     -3.62879   3   1
  73      4.42077      1.14704      3.07199   3   1
  74     -2.07460      2.44762      4.51760   2   1
  75      3.78054      3.82204     -1.74531   3   1
  76      4.43914     -1.52796      3.21015   3   1
  77     -2.49868      4.96908      1.32668   3   1
  78     -2.07460     -2.90238      4.51760   2   1
  79      2.61681      5.19646     -0.43787   2   1
  80     -0.24114     -5.54046     -1.81439   1   1
  81      5.29181      2.44762     -0.43787   2   1
  82      0.23451     -5.57737      1.76454   2   1
  83      0.65859     -3.05592      4.95546   3   1
  84     -0.65859     -3.05592     -4.95546   3   1
  85      5.58451     -0.22737      1.76454   2   1
  86      2.85132      4.96908      1.32668   3   1
  87     -5.59114     -0.19046     -1.81439   1   1
  88     -2.73319      5.19646     -0.43787   2   1
  89      3.76218     -4.20296     -1.88347   3   1
  90     -5.40819      2.44762     -0.43787   2   1
  91      3.33359      0.00000      4.95546   3   1
  92     -3.33359      0.00000     -4.95546   3   1
  93     -4.24446      3.82204     -1.74531   3   1
  94     -5.17368      2.67500      1.32668   3   1
  95     -5.17368     -2.67500      1.32668   3   1
  96      5.29181     -2.90238     -0.43787   2   1
  97      4.86773     -0.38092     -3.62879   3   1
  98      3.27540      2.44762      4.51760   2   1
  99      2.61681     -5.50354     -0.43787   2   1
 100     -3.58586      3.82204      3.21015   3   1
 101     -5.40819     -2.90238     -0.43787   2   1
 102     -2.73319     -5.50354     -0.43787   2   1
 103     -0.48227      4.96908     -3.62879   3   1
 104      1.95821      2.44762     -5.39333   2   1
 105     -4.26282     -4.20296     -1.88347   3   1
 106      5.52632      2.67500      1.32668   3   1
 107      5.52632     -2.67500      1.32668   3   1
 108      3.27540     -2.90238      4.51760   2   1
 109     -3.60423     -4.20296      3.07199   3   1
 110      0.83491     -0.38092      6.28214   3   1
 111     -4.93254      2.48454      3.14107   1   1
 112      4.92592      2.52146     -3.19092   2   1
 113     -2.49868     -5.73092      1.32668   3   1
 114      1.95821     -2.90238     -5.39333   2   1
 115      2.25092      5.12263     -3.19092   2   1
 116     -2.25754      5.15954      3.14107   1   1
 117     -4.93254     -2.86546      3.14107   1   1
 118      4.92592     -2.82855     -3.19092   2   1
 119      2.85132     -5.73092      1.32668   3   1
 120     -4.74960     -0.15354      4.51760   2   1
 121      4.43914      3.82204      3.21015   3   1
 122     -2.25754     -5.54046      3.14107   1   1
 123     -3.09908      5.12263     -3.19092   2   1
 124      3.09246      5.15954      3.14107   1   1
 125     -0.48227     -5.73092     -3.62879   3   1
 126      6.43718      1.14704     -1.88347   3   1
 127      2.25092     -5.57737     -3.19092   2   1
 128     -3.39179      2.44762     -5.39333   2   1
 129      4.42077     -4.20296      3.07199   3   1
 130      1.08718      6.49704     -1.88347   3   1
 131      6.45554     -1.52796     -1.74531   3   1
 132     -5.83227     -0.38092     -3.62879   3   1
 133      0.44695     -1.52796     -6.70078   3   1
 134      0.60040      5.19646      4.51760   2   1
 135      0.42859      1.14704     -6.83893   3   1
 136     -1.58782      6.49704     -1.88347   3   1
 137     -1.78190     -0.22737      6.72000   2   1
 138     -3.39179     -2.90238     -5.39333   2   1
 139      1.77527     -0.19046     -6.76985   1   1
 140      5.76746      2.48454      3.14107   1   1
 141     -5.77408      2.52146     -3.19092   2   1
 142     -1.84009      2.67500      6.28214   3   1
 143     -1.84009     -2.67500      6.28214   3   1
 144      3.09246     -5.54046      3.14107   1   1
 145     -6.27923      1.14704      3.07199   3   1
 146      4.63321     -0.15354     -5.39333   2   1
 147     -3.09908     -5.57737     -3.19092   2   1
 148      0.60040     -5.50354      4.51760   2   1
 149      5.76746     -2.86546      3.14107   1   1
 150     -5.77408     -2.82855     -3.19092   2   1
 151      1.10554     -6.87796     -1.74531   3   1
 152      4.69141      2.29408     -4.95546   3   1
 153     -4.69141      2.29408      4.95546   3   1
 154     -6.26086     -1.52796      3.21015   3   1
 155     -2.22805     -1.52796     -6.70078   3   1
 156      0.89311      2.52146      6.72000   2   1
 157     -0.92922      6.49704      3.07199   3   1
 158     -0.89973      2.48454     -6.76985   1   1
 159     -1.56946     -6.87796     -1.74531   3   1
 160     -6.93782      1.14704     -1.88347   3   1
 161     -2.24641      1.14704     -6.83893   3   1
 162     -6.91946     -1.52796     -1.74531   3   1
 163      0.89311     -2.82855      6.72000   2   1
 164      1.74578      6.49704      3.07199   3   1
 165     -0.89973     -2.86546     -6.76985   1   1
 166     -5.11549      5.12263      1.76454   2   1
 167      5.95040     -0.15354      4.51760   2   1
 168      4.69141     -3.05592     -4.95546   3   1
 169     -4.69141     -3.05592      4.95546   3   1
 170      5.10886      5.15954     -1.81439   1   1
 171     -0.71679      5.19646     -5.39333   2   1
 172      3.12195     -1.52796     -6.70078   3   1
 173      5.35000      5.35000      0.00000   3   1
 174      5.35000     -5.35000      0.00000   3   1
 175     -5.35000      5.35000      0.00000   3   1
 176     -5.35000     -5.35000      0.00000   3   1
 177     -2.01641      5.35000      4.95546   3   1
 178     -2.01641     -5.35000      4.95546   3   1
 179      2.01641      5.35000     -4.95546   3   1
 180      2.01641     -5.35000     -4.95546   3   1
 181      3.10359      1.14704     -6.83893   3   1
 182      3.56811     -0.22737      6.72000   2   1
 183     -0.91086     -6.87796      3.21015   3   1
 184     -3.57473     -0.19046     -6.76985   1   1
 185      3.50991      2.67500      6.28214   3   1
 186      3.50991     -2.67500      6.28214   3   1
 187      6.45554      3.82204     -1.74531   3   1
 188      0.44695      3.82204     -6.70078   3   1
 189     -0.71679     -5.50354     -5.39333   2   1
 190      3.76218      6.49704     -1.88347   3   1
 191     -4.51509     -0.38092      6.28214   3   1
 192      5.10886     -5.54046     -1.81439   1   1
 193     -5.11549     -5.57737      1.76454   2   1
 194      5.58451      5.12263      1.76454   2   1
 195      1.76414     -6.87796      3.21015   3   1
 196     -0.05819      7.79763     -0.43787   2   1
 197      7.09577      1.14704      3.07199   3   1
 198     -5.59114      5.15954     -1.81439   1   1
 199      4.86773      4.96908     -3.62879   3   1
 200      6.43718     -4.20296     -1.88347   3   1
 201      7.11414     -1.52796      3.21015   3   1
 202     -7.84868     -0.38092      1.32668   3   1
 203      7.96681     -0.15354     -0.43787   2   1
 204     -4.26282      6.49704     -1.88347   3   1
 205     -6.26086      3.82204      3.21015   3   1
 206      3.33359      5.35000      4.95546   3   1
 207      3.33359     -5.35000      4.95546   3   1
 208     -3.33359     -5.35000     -4.95546   3   1
 209     -3.33359      5.35000     -4.95546   3   1
 210     -2.22805      3.82204     -6.70078   3   1
 211      0.42859     -4.20296     -6.83893   3   1
 212     -3.60423      6.49704      3.07199   3   1
 213      3.78054     -6.87796     -1.74531   3   1
 214      0.83491      4.96908      6.28214   3   1
 215     -5.59114     -5.54046     -1.81439   1   1
 216      5.58451     -5.57737      1.76454   2   1
 217     -6.91946      3.82204     -1.74531   3   1
 218     -8.08319     -0.15354     -0.43787   2   1
 219      2.67500      7.64408      0.00000   3   1
 220     -2.67500      7.64408      0.00000   3   1
 221     -0.27063      1.14704      8.02745   3   1
 222     -6.06679     -0.15354     -5.39333   2   1
 223     -6.00859      2.29408     -4.95546   3   1
 224      6.00859      2.29408      4.95546   3   1
 225      0.17632      8.02500      1.32668   3   1
 226      0.17632     -8.02500      1.32668   3   1
 227     -6.27923     -4.20296      3.07199   3   1
 228      1.07605     -0.19046      8.09653   1   1
 229     -1.08267     -0.22737     -8.14638   2   1
 230     -7.60754     -0.19046      3.14107   1   1
 231      7.60092     -0.22737     -3.19092   2   1
 232     -0.05819     -8.25238     -0.43787   2   1
 233     -4.24446     -6.87796     -1.74531   3   1
 234     -0.25227     -1.52796      8.16561   3   1
 235      8.20132     -0.38092      1.32668   3   1
 236      3.12195      3.82204     -6.70078   3   1
 237     -6.93782     -4.20296     -1.88347   3   1
 238     -2.24641     -4.20296     -6.83893   3   1
 239      8.02500      2.29408      0.00000   3   1
 240     -8.02500      2.29408      0.00000   3   1
 241      4.86773     -5.73092     -3.62879   3   1
 242     -4.74960      5.19646      4.51760   2   1
 243     -6.00859     -3.05592     -4.95546   3   1
 244      6.00859     -3.05592      4.95546   3   1
 245      7.78386      2.48454     -1.81439   1   1
 246     -7.79049      2.52146      1.76454   2   1
 247     -3.58586     -6.87796      3.21015   3   1
 248      2.43386      7.83454     -1.81439   1   1
 249     -2.44049      7.87146      1.76454   2   1
 250      4.42077      6.49704      3.07199   3   1
 251     -4.90305     -1.52796     -6.70078   3   1
 252     -4.45690      2.52146      6.72000   2   1
 253      0.41746      7.83454      3.14107   1   1
 254      2.40437      1.14704      8.02745   3   1
 255     -7.79049     -2.82855      1.76454   2   1
 256      4.45027      2.48454     -6.76985   1   1
 257     -5.83227      4.96908     -3.62879   3   1
 258      7.78386     -2.86546     -1.81439   1   1
 259     -4.92141      1.14704     -6.83893   3   1
 260     -0.42408      7.87146     -3.19092   2   1
 261      0.83491     -5.73092      6.28214   3   1
 262     -4.45690     -2.82855      6.72000   2   1
 263     -2.91614      7.83454     -1.81439   1   1
 264     -4.74960     -5.50354      4.51760   2   1
 265      2.90951      7.87146      1.76454   2   1
 266      8.02500     -3.05592      0.00000   3   1
 267     -8.02500     -3.05592      0.00000   3   1
 268      4.45027     -2.86546     -6.76985   1   1
 269      3.10359     -4.20296     -6.83893   3   1
 270     -1.59895      2.48454      8.09653   1   1
 271     -2.94563      1.14704      8.02745   3   1
 272     -1.78190      5.12263      6.72000   2   1
 273      2.42273     -1.52796      8.16561   3   1
 274      1.59233      2.52146     -8.14638   2   1
 275      7.11414      3.82204      3.21015   3   1
 276      1.77527      5.15954     -6.76985   1   1
 277     -2.44049     -8.17854      1.76454   2   1
 278      1.53413     -0.38092     -8.58425   3   1
 279     -1.59895     -2.86546      8.09653   1   1
 280      2.43386     -8.21546     -1.81439   1   1
 281      1.59233     -2.82855     -8.14638   2   1
 282      7.54273      2.67500     -3.62879   3   1
 283      7.54273     -2.67500     -3.62879   3   1
 284     -0.42408     -8.17854     -3.19092   2   1
 285      4.43914     -6.87796      3.21015   3   1
 286      7.09577     -4.20296      3.07199   3   1
 287      0.41746     -8.21546      3.14107   1   1
 288      4.63321      5.19646     -5.39333   2   1
 289     -2.92727     -1.52796      8.16561   3   1
 290      8.25951      2.52146      1.76454   2   1
 291     -8.26614      2.48454     -1.81439   1   1
 292      2.67500     -8.40592      0.00000   3   1
 293     -2.67500     -8.40592      0.00000   3   1
 294      6.18491     -0.38092      6.28214   3   1
 295      2.90951     -8.17854      1.76454   2   1
 296     -7.36641      0.00000      4.95546   3   1
 297      7.36641      0.00000     -4.95546   3   1
 298     -2.91614     -8.21546     -1.81439   1   1
 299      8.25951     -2.82855      1.76454   2   1
 300     -1.78190     -5.57737      6.72000   2   1
 301      1.77527     -5.54046     -6.76985   1   1
 302     -8.26614     -2.86546     -1.81439   1   1
 303     -5.83227     -5.73092     -3.62879   3   1
 304      5.79695     -1.52796     -6.70078   3   1
 305      4.63321     -5.50354     -5.39333   2   1
 306      8.44246     -0.19046      3.14107   1   1
 307     -0.25227      3.82204      8.16561   3   1
 308      5.77859      1.14704     -6.83893   3   1
 309     -7.42460      2.44762      4.51760   2   1
 310     -8.44908     -0.22737     -3.19092   2   1
 311     -1.14087      2.67500     -8.58425   3   1
 312     -1.14087     -2.67500     -8.58425   3   1
 313     -0.27063     -4.20296      8.02745   3   1
 314      2.19273      8.02500     -3.62879   3   1
 315      2.19273     -8.02500     -3.62879   3   1
 316      5.95040      5.19646      4.51760   2   1
 317      0.65859      7.64408      4.95546   3   1
 318     -0.65859      7.64408     -4.95546   3   1
 319     -4.90305      3.82204     -6.70078   3   1
 320     -4.27395     -0.19046      8.09653   1   1
 321     -7.42460     -2.90238      4.51760   2   1
 322      3.56811      5.12263      6.72000   2   1
 323     -4.51509      4.96908      6.28214   3   1
 324      4.26733     -0.22737     -8.14638   2   1
 325     -3.57473      5.15954     -6.76985   1   1
 326     -2.07460      7.79763      4.51760   2   1
 327      3.75105      2.48454      8.09653   1   1
 328      5.95040     -5.50354      4.51760   2   1
 329     -3.75767      2.52146     -8.14638   2   1
 330      2.42273      3.82204      8.16561   3   1
 331      6.43718      6.49704     -1.88347   3   1
 332     -3.15727      8.02500     -3.62879   3   1
 333     -3.15727     -8.02500     -3.62879   3   1
 334      3.75105     -2.86546      8.09653   1   1
 335      2.40437     -4.20296      8.02745   3   1
 336      9.11218      1.14704     -1.88347   3   1
 337     -7.84868      4.96908      1.32668   3   1
 338      1.10554      9.17204     -1.74531   3   1
 339     -3.81587     -0.38092     -8.58425   3   1
 340     -3.75767     -2.82855     -8.14638   2   1
 341      7.30821      2.44762     -5.39333   2   1
 342     -4.92141     -4.20296     -6.83893   3   1
 343      9.13054     -1.52796     -1.74531   3   1
 344      3.56811     -5.57737      6.72000   2   1
 345      5.29181      7.79763     -0.43787   2   1
 346      0.42859      6.49704     -6.83893   3   1
 347     -3.57473     -5.54046     -6.76985   1   1
 348     -1.56946      9.17204     -1.74531   3   1
 349     -2.92727      3.82204      8.16561   3   1
 350     -5.40819      7.79763     -0.43787   2   1
 351      6.24310      2.52146      6.72000   2   1
 352      7.96681      5.19646     -0.43787   2   1
 353     -2.94563     -4.20296      8.02745   3   1
 354      7.30821     -2.90238     -5.39333   2   1
 355     -8.95422      1.14704      3.07199   3   1
 356     -6.24973      2.48454     -6.76985   1   1
 357     -6.27923      6.49704      3.07199   3   1
 358      5.07937      1.14704      8.02745   3   1
 359     -1.41601     -0.15354      9.47306   2   1
 360      3.27540      7.79763      4.51760   2   1
 361      6.45554     -6.87796     -1.74531   3   1
 362      6.24310     -2.82855      6.72000   2   1
 363      0.44695     -6.87796     -6.70078   3   1
 364     -8.93586     -1.52796      3.21015   3   1
 365     -8.08319      5.19646     -0.43787   2   1
 366     -4.51509     -5.73092      6.28214   3   1
 367     -8.50727      2.67500     -3.62879   3   1
 368     -8.50727     -2.67500     -3.62879   3   1
 369     -2.07460     -8.25238      4.51760   2   1
 370     -6.06679      5.19646     -5.39333   2   1
 371     -5.17368      8.02500      1.32668   3   1
 372     -5.17368     -8.02500      1.32668   3   1
 373     -6.24973     -2.86546     -6.76985   1   1
 374      5.79695      3.82204     -6.70078   3   1
 375      1.07605      5.15954      8.09653   1   1
 376      8.20132      4.96908      1.32668   3   1
 377      1.95821      7.79763     -5.39333   2   1
 378     -1.08267      5.12263     -8.14638   2   1
 379     -6.93782      6.49704     -1.88347   3   1
 380      7.96681     -5.50354     -0.43787   2   1
 381     -2.24641      6.49704     -6.83893   3   1
 382      7.60092      5.12263     -3.19092   2   1
 383     -7.60754      5.15954      3.14107   1   1
 384      5.09773     -1.52796      8.16561   3   1
 385     -0.91086      9.17204      3.21015   3   1
 386     -4.93254      7.83454      3.14107   1   1
 387      0.65859     -8.40592      4.95546   3   1
 388     -0.65859     -8.40592     -4.95546   3   1
 389     -8.08319     -5.50354     -0.43787   2   1
 390      1.08718     -9.55296     -1.88347   3   1
 391     -7.13190     -0.22737      6.72000   2   1
 392     -6.06679     -5.50354     -5.39333   2   1
 393     -7.84868     -5.73092      1.32668   3   1
 394      5.29181     -8.25238     -0.43787   2   1
 395      4.92592      7.87146     -3.19092   2   1
 396      7.12527     -0.19046     -6.76985   1   1
 397      5.52632      8.02500      1.32668   3   1
 398      5.52632     -8.02500      1.32668   3   1
 399     -6.26086     -6.87796      3.21015   3   1
 400     -2.22805     -6.87796     -6.70078   3   1
 401     -9.61282      1.14704     -1.88347   3   1
 402      1.25899      2.44762      9.47306   2   1
 403     -1.58782     -9.55296     -1.88347   3   1
 404     -5.62063      1.14704      8.02745   3   1
 405      1.07605     -5.54046      8.09653   1   1
 406     -9.59446     -1.52796     -1.74531   3   1
 407     -5.40819     -8.25238     -0.43787   2   1
 408      1.76414      9.17204      3.21015   3   1
 409      5.77859     -4.20296     -6.83893   3   1
 410     -6.91946     -6.87796     -1.74531   3   1
 411     -7.19009      2.67500      6.28214   3   1
 412     -7.19009     -2.67500      6.28214   3   1
 413     -7.60754     -5.54046      3.14107   1   1
 414      4.20913      2.67500     -8.58425   3   1
 415      4.20913     -2.67500     -8.58425   3   1
 416      3.10359      6.49704     -6.83893   3   1
 417     -1.08267     -5.57737     -8.14638   2   1
 418      7.60092     -5.57737     -3.19092   2   1
 419      3.27540     -8.25238      4.51760   2   1
 420      1.25899     -2.90238      9.47306   2   1
 421      8.68359      0.00000      4.95546   3   1
 422     -8.68359      0.00000     -4.95546   3   1
 423     -1.31719      0.00000     -9.91092   3   1
 424      1.31719      0.00000      9.91092   3   1
