# # Once                                                         FEFF 9.9.1  
# # POT  SCF 100  5.0000   0, core-hole, AFOLP (folp(0)= 1.150)
# # Abs   Z=28 Rmt= 1.329 Rnm= 1.367 K  shell
# # Pot 1 Z=28 Rmt= 1.346 Rnm= 1.388
# # Gam_ch=1.576E+00 H-L exch Vi= 0.000E+00 Vr= 0.000E+00
# # Mu=-1.810E+01eV kf=2.027E+00 Vint=-2.626E+01eV Rs_int= 1.789
# # PATH  Rmax= 5.000,  Keep_limit= 0.00, Heap_limit 0.00  Pwcrit= 2.50%
#  S02=1.000  Temp=   0.00  Debye_temp=   0.00  Global_sig2= 0.00000
#  Energy zero shift, vr, vi    0.00000E+00   0.00000E+00
#  Curved wave amplitude ratio filter   4.000%
#     file         sig2 tot  cw amp ratio   deg  nlegs   reff  inp sig2
#           1       0.00000    100.00     12.00     2   2.4974
#           2       0.00000     23.33      6.00     2   3.5319
#           3       0.00000     13.44     48.00     3   3.7461
#           4       0.00000      9.61     48.00     3   4.2634
#           5       0.00000     57.08     24.00     2   4.3257
#           6       0.00000     12.35     48.00     3   4.6603
#           7       0.00000     25.78     96.00     3   4.6603
#           8       0.00000     19.67     12.00     2   4.9949
#           9       0.00000      9.86     12.00     3   4.9949
#          10       0.00000     45.82     24.00     3   4.9949
#          11       0.00000      8.86     12.00     4   4.9949
#          12       0.00000      4.39     12.00     4   4.9949
#          14       0.00000     37.20     12.00     4   4.9949
#    13/  15 paths used
#  xsedge+50, used to normalize mu           2.6834E-04
#  -----------------------------------------------------------------------
#  omega    e    k    mu    mu0     chi     @#
    8342.105    -18.103   0.000  1.09392E-01  3.17238E-01 -3.80836E-01
    8342.115    -18.093   0.050  1.16114E-01  3.21921E-01 -3.76254E-01
    8342.143    -18.065   0.100  1.22880E-01  3.26604E-01 -3.71613E-01
    8342.191    -18.017   0.150  1.42786E-01  3.40626E-01 -3.58492E-01
    8342.258    -17.950   0.200  1.62991E-01  3.54647E-01 -3.45005E-01
    8342.343    -17.865   0.250  1.94194E-01  3.76740E-01 -3.25105E-01
    8342.448    -17.760   0.300  2.25812E-01  3.98833E-01 -3.04894E-01
    8342.572    -17.636   0.350  2.62833E-01  4.25175E-01 -2.82001E-01
    8342.715    -17.493   0.400  2.99881E-01  4.51517E-01 -2.59705E-01
    8342.877    -17.331   0.450  3.35410E-01  4.77571E-01 -2.39291E-01
    8343.058    -17.150   0.500  3.70077E-01  5.03624E-01 -2.20996E-01
    8343.258    -16.950   0.550  3.98860E-01  5.27229E-01 -2.08290E-01
    8343.477    -16.731   0.600  4.25775E-01  5.50833E-01 -1.99043E-01
    8343.715    -16.493   0.650  4.45668E-01  5.72130E-01 -1.97052E-01
    8343.972    -16.236   0.700  4.63062E-01  5.93426E-01 -1.98956E-01
    8344.248    -15.960   0.750  4.74170E-01  6.13164E-01 -2.07501E-01
    8344.544    -15.664   0.800  4.82879E-01  6.32902E-01 -2.19186E-01
    8344.858    -15.350   0.850  4.87113E-01  6.51643E-01 -2.35113E-01
    8345.191    -15.017   0.900  4.89882E-01  6.70383E-01 -2.52403E-01
    8345.544    -14.664   0.950  4.90549E-01  6.88383E-01 -2.70702E-01
    8345.915    -14.293   1.000  4.91280E-01  7.06382E-01 -2.88145E-01
    8346.306    -13.902   1.050  4.92482E-01  7.23695E-01 -3.03367E-01
    8346.715    -13.493   1.100  4.95473E-01  7.41008E-01 -3.15676E-01
    8347.144    -13.064   1.150  5.01087E-01  7.57519E-01 -3.23365E-01
    8347.592    -12.616   1.200  5.09999E-01  7.74030E-01 -3.26683E-01
    8348.058    -12.150   1.250  5.23018E-01  7.89585E-01 -3.24032E-01
    8348.544    -11.664   1.300  5.40470E-01  8.05140E-01 -3.16176E-01
    8349.049    -11.159   1.350  5.62824E-01  8.19570E-01 -3.01866E-01
    8349.573    -10.635   1.400  5.90457E-01  8.34000E-01 -2.81889E-01
    8350.116    -10.092   1.450  6.23269E-01  8.47166E-01 -2.55552E-01
    8350.678     -9.530   1.500  6.61798E-01  8.60331E-01 -2.23498E-01
    8351.259     -8.949   1.550  7.05063E-01  8.72111E-01 -1.85790E-01
    8351.859     -8.349   1.600  7.53451E-01  8.83891E-01 -1.43348E-01
    8352.478     -7.730   1.650  8.05012E-01  8.94247E-01 -9.70629E-02
    8353.116     -7.092   1.700  8.58964E-01  9.04604E-01 -4.91400E-02
    8353.773     -6.435   1.750  9.12738E-01  9.13517E-01 -8.31985E-04
    8354.450     -5.758   1.800  9.64072E-01  9.22431E-01  4.40781E-02
    8355.145     -5.063   1.850  1.01029E+00  9.29961E-01  8.44393E-02
    8355.859     -4.349   1.900  1.04898E+00  9.37492E-01  1.16375E-01
    8356.593     -3.615   1.950  1.07781E+00  9.43629E-01  1.39288E-01
    8357.345     -2.863   2.000  1.09578E+00  9.49766E-01  1.50729E-01
    8358.117     -2.091   2.050  1.10287E+00  9.54326E-01  1.52752E-01
    8358.907     -1.301   2.100  1.10022E+00  9.58886E-01  1.44782E-01
    8359.717     -0.491   2.150  1.09079E+00  9.63447E-01  1.29956E-01
    8360.545      0.338   2.200  1.07818E+00  9.68007E-01  1.12005E-01
    8361.393      1.185   2.250  1.06260E+00  9.70746E-01  9.31854E-02
    8362.260      2.052   2.300  1.05093E+00  9.73486E-01  7.84011E-02
    8363.146      2.938   2.350  1.04465E+00  9.76225E-01  6.91269E-02
    8364.051      3.843   2.400  1.04296E+00  9.78964E-01  6.45238E-02
    8364.975      4.767   2.450  1.04176E+00  9.80450E-01  6.17519E-02
    8365.918      5.710   2.500  1.03840E+00  9.81936E-01  5.68204E-02
    8366.880      6.672   2.550  1.03014E+00  9.83421E-01  4.69679E-02
    8367.861      7.653   2.600  1.01609E+00  9.84907E-01  3.13162E-02
    8368.861      8.653   2.650  1.00473E+00  9.85635E-01  1.91713E-02
    8369.880      9.672   2.700  9.91423E-01  9.86363E-01  5.07865E-03
    8370.918     10.710   2.750  9.77394E-01  9.87091E-01 -9.72985E-03
    8371.975     11.768   2.800  9.64337E-01  9.87819E-01 -2.35548E-02
    8373.052     12.844   2.850  9.50543E-01  9.88171E-01 -3.77411E-02
    8374.147     13.939   2.900  9.40615E-01  9.88523E-01 -4.80488E-02
    8375.262     15.054   2.950  9.35970E-01  9.88875E-01 -5.30562E-02
    8376.395     16.187   3.000  9.37407E-01  9.89227E-01 -5.19640E-02
    8377.548     17.340   3.050  9.41226E-01  9.89488E-01 -4.83940E-02
    8378.719     18.511   3.100  9.52052E-01  9.89750E-01 -3.77989E-02
    8379.910     19.702   3.150  9.68551E-01  9.90011E-01 -2.15169E-02
    8381.119     20.912   3.200  9.88498E-01  9.90273E-01 -1.77970E-03
    8382.348     22.140   3.250  1.00925E+00  9.90595E-01  1.86976E-02
    8383.596     23.388   3.300  1.03086E+00  9.90916E-01  4.00291E-02
    8384.863     24.655   3.350  1.05000E+00  9.91238E-01  5.88746E-02
    8386.149     25.941   3.400  1.06369E+00  9.91560E-01  7.22515E-02
    8387.453     27.246   3.450  1.07292E+00  9.92030E-01  8.10041E-02
    8388.777     28.570   3.500  1.07421E+00  9.92500E-01  8.17905E-02
    8390.120     29.913   3.550  1.06712E+00  9.92971E-01  7.41899E-02
    8391.483     31.275   3.600  1.05271E+00  9.93441E-01  5.92789E-02
    8392.864     32.656   3.650  1.03442E+00  9.94049E-01  4.03621E-02
    8394.264     34.056   3.700  1.01205E+00  9.94657E-01  1.73777E-02
    8395.683     35.475   3.750  9.88367E-01  9.95265E-01 -6.88818E-03
    8397.121     36.914   3.800  9.66225E-01  9.95873E-01 -2.95907E-02
    8398.579     38.371   3.850  9.47003E-01  9.96571E-01 -4.94418E-02
    8400.055     39.847   3.900  9.32425E-01  9.97270E-01 -6.46386E-02
    8401.550     41.343   3.950  9.23297E-01  9.97968E-01 -7.43863E-02
    8403.065     42.857   4.000  9.19462E-01  9.98666E-01 -7.88527E-02
    8404.598     44.391   4.050  9.19682E-01  9.99372E-01 -7.92862E-02
    8406.151     45.943   4.100  9.23287E-01  1.00008E+00 -7.63542E-02
    8407.723     47.515   4.150  9.28794E-01  1.00078E+00 -7.15355E-02
    8409.313     49.105   4.200  9.34813E-01  1.00149E+00 -6.62141E-02
    8410.923     50.715   4.250  9.41064E-01  1.00210E+00 -6.05784E-02
    8412.552     52.344   4.300  9.46874E-01  1.00271E+00 -5.53854E-02
    8414.200     53.992   4.350  9.52298E-01  1.00331E+00 -5.05815E-02
    8415.866     55.659   4.400  9.57884E-01  1.00392E+00 -4.56210E-02
    8417.552     57.345   4.450  9.65093E-01  1.00436E+00 -3.88993E-02
    8419.257     59.050   4.500  9.73975E-01  1.00480E+00 -3.05257E-02
    8420.981     60.774   4.550  9.85160E-01  1.00524E+00 -1.98777E-02
    8422.724     62.517   4.600  9.99014E-01  1.00568E+00 -6.59402E-03
    8424.487     64.279   4.650  1.01518E+00  1.00587E+00  9.21645E-03
    8426.268     66.060   4.700  1.03306E+00  1.00606E+00  2.67175E-02
    8428.068     67.860   4.750  1.05197E+00  1.00625E+00  4.52337E-02
    8429.887     69.679   4.800  1.07100E+00  1.00645E+00  6.38701E-02
    8431.726     71.518   4.850  1.08826E+00  1.00636E+00  8.10456E-02
    8433.583     73.375   4.900  1.10359E+00  1.00628E+00  9.63209E-02
    8435.459     75.252   4.950  1.11602E+00  1.00620E+00  1.08727E-01
    8437.355     77.147   5.000  1.12454E+00  1.00611E+00  1.17267E-01
    8439.269     79.061   5.050  1.12776E+00  1.00575E+00  1.20873E-01
    8441.203     80.995   5.100  1.12539E+00  1.00540E+00  1.18932E-01
    8443.155     82.948   5.150  1.11661E+00  1.00504E+00  1.10639E-01
    8445.127     84.919   5.200  1.10093E+00  1.00468E+00  9.54925E-02
    8447.118     86.910   5.250  1.07804E+00  1.00409E+00  7.34117E-02
    8449.128     88.920   5.300  1.04883E+00  1.00350E+00  4.50266E-02
    8451.156     90.949   5.350  1.01473E+00  1.00292E+00  1.17458E-02
    8453.204     92.997   5.400  9.77998E-01  1.00233E+00 -2.42047E-02
    8455.271     95.063   5.450  9.41260E-01  1.00156E+00 -6.00430E-02
    8457.357     97.149   5.500  9.08014E-01  1.00079E+00 -9.24619E-02
    8459.462     99.254   5.550  8.81342E-01  1.00003E+00 -1.18381E-01
    8461.586    101.378   5.600  8.63656E-01  9.99259E-01 -1.35373E-01
    8463.729    103.522   5.650  8.56396E-01  9.98401E-01 -1.41896E-01
    8465.892    105.684   5.700  8.59462E-01  9.97543E-01 -1.38104E-01
    8468.073    107.865   5.750  8.71267E-01  9.96686E-01 -1.25556E-01
    8470.273    110.065   5.800  8.89026E-01  9.95828E-01 -1.07019E-01
    8472.492    112.285   5.850  9.09544E-01  9.94943E-01 -8.56530E-02
    8474.731    114.523   5.900  9.29011E-01  9.94058E-01 -6.53019E-02
    8476.988    116.780   5.950  9.44744E-01  9.93173E-01 -4.86646E-02
    8479.265    119.057   6.000  9.55472E-01  9.92288E-01 -3.70302E-02
    8481.560    121.352   6.050  9.61808E-01  9.91505E-01 -2.98941E-02
    8483.875    123.667   6.100  9.65778E-01  9.90723E-01 -2.51312E-02
    8486.208    126.000   6.150  9.70872E-01  9.89940E-01 -1.92261E-02
    8488.561    128.353   6.200  9.80946E-01  9.89158E-01 -8.28611E-03
    8490.933    130.725   6.250  9.99218E-01  9.88375E-01  1.09502E-02
    8493.323    133.116   6.300  1.02731E+00  9.87593E-01  4.01399E-02
    8495.733    135.525   6.350  1.06453E+00  9.86810E-01  7.86162E-02
    8498.162    137.954   6.400  1.10762E+00  9.86028E-01  1.23105E-01
    8500.610    140.402   6.450  1.15103E+00  9.85246E-01  1.67980E-01
    8503.077    142.869   6.500  1.18767E+00  9.84463E-01  2.06062E-01
    8505.563    145.355   6.550  1.20958E+00  9.83878E-01  2.29018E-01
    8508.068    147.860   6.600  1.21066E+00  9.83293E-01  2.30839E-01
    8510.592    150.384   6.650  1.18739E+00  9.82708E-01  2.07934E-01
    8513.135    152.928   6.700  1.13987E+00  9.82123E-01  1.60343E-01
    8515.698    155.490   6.750  1.07207E+00  9.81538E-01  9.20798E-02
    8518.279    158.071   6.800  9.91516E-01  9.80953E-01  1.07495E-02
    8520.879    160.671   6.850  9.08167E-01  9.80368E-01 -7.35226E-02
    8523.498    163.291   6.900  8.32876E-01  9.79783E-01 -1.49685E-01
    8526.137    165.929   6.950  7.75576E-01  9.79198E-01 -2.07596E-01
    8528.794    168.587   7.000  7.43575E-01  9.78613E-01 -2.39768E-01
    8531.471    171.263   7.050  7.40898E-01  9.78055E-01 -2.42071E-01
    8534.166    173.959   7.100  7.65800E-01  9.77497E-01 -2.16209E-01
    8536.881    176.673   7.150  8.12532E-01  9.76939E-01 -1.68010E-01
    8539.615    179.407   7.200  8.72102E-01  9.76381E-01 -1.06626E-01
    8542.367    182.160   7.250  9.33939E-01  9.75823E-01 -4.28522E-02
    8545.139    184.931   7.300  9.87816E-01  9.75265E-01  1.28480E-02
    8547.930    187.722   7.350  1.02569E+00  9.74707E-01  5.22181E-02
    8550.740    190.532   7.400  1.04307E+00  9.74149E-01  7.06408E-02
    8553.569    193.361   7.450  1.03976E+00  9.73591E-01  6.78548E-02
    8556.417    196.209   7.500  1.01964E+00  9.73033E-01  4.78255E-02
    8559.284    199.076   7.550  9.89635E-01  9.72237E-01  1.78668E-02
    8562.170    201.962   7.600  9.58948E-01  9.71440E-01 -1.28389E-02
    8565.075    204.867   7.650  9.36161E-01  9.70643E-01 -3.54692E-02
    8567.999    207.791   7.700  9.27845E-01  9.69847E-01 -4.32400E-02
    8570.942    210.735   7.750  9.37264E-01  9.69050E-01 -3.27504E-02
    8573.905    213.697   7.800  9.63768E-01  9.68253E-01 -4.62478E-03
    8576.886    216.678   7.850  1.00298E+00  9.67457E-01  3.66594E-02
    8579.886    219.678   7.900  1.04770E+00  9.66660E-01  8.37049E-02
    8582.906    222.698   7.950  1.08938E+00  9.65863E-01  1.27685E-01
    8585.944    225.736   8.000  1.11980E+00  9.65067E-01  1.60082E-01
    8589.002    228.794   8.050  1.13210E+00  9.64077E-01  1.74028E-01
    8592.078    231.870   8.100  1.12361E+00  9.63087E-01  1.66445E-01
    8595.174    234.966   8.150  1.09488E+00  9.62097E-01  1.37825E-01
    8598.288    238.081   8.200  1.04984E+00  9.61107E-01  9.22017E-02
    8601.422    241.214   8.250  9.94995E-01  9.60117E-01  3.62829E-02
    8604.575    244.367   8.300  9.38113E-01  9.59127E-01 -2.18843E-02
    8607.747    247.539   8.350  8.86755E-01  9.58137E-01 -7.44204E-02
    8610.938    250.730   8.400  8.46972E-01  9.57147E-01 -1.14992E-01
    8614.148    253.940   8.450  8.22367E-01  9.56157E-01 -1.39793E-01
    8617.377    257.169   8.500  8.13710E-01  9.55168E-01 -1.47966E-01
    8620.625    260.417   8.550  8.19141E-01  9.54091E-01 -1.41321E-01
    8623.892    263.684   8.600  8.34735E-01  9.53015E-01 -1.24007E-01
    8627.178    266.970   8.650  8.55761E-01  9.51938E-01 -1.00950E-01
    8630.483    270.275   8.700  8.77705E-01  9.50862E-01 -7.68754E-02
    8633.807    273.599   8.750  8.97179E-01  9.49786E-01 -5.53439E-02
    8637.150    276.943   8.800  9.12467E-01  9.48709E-01 -3.81723E-02
    8640.513    280.305   8.850  9.23621E-01  9.47633E-01 -2.53197E-02
    8643.894    283.686   8.900  9.32125E-01  9.46556E-01 -1.52348E-02
    8647.294    287.087   8.950  9.40232E-01  9.45480E-01 -5.54674E-03
    8650.714    290.506   9.000  9.50159E-01  9.44404E-01  6.08968E-03
    8654.152    293.945   9.050  9.63502E-01  9.43382E-01  2.13126E-02
    8657.610    297.402   9.100  9.80343E-01  9.42360E-01  4.02784E-02
    8661.087    300.879   9.150  9.99328E-01  9.41339E-01  6.15616E-02
    8664.582    304.374   9.200  1.01791E+00  9.40317E-01  8.24583E-02
    8668.097    307.889   9.250  1.03290E+00  9.39295E-01  9.95893E-02
    8671.631    311.423   9.300  1.04126E+00  9.38273E-01  1.09688E-01
    8675.183    314.976   9.350  1.04078E+00  9.37252E-01  1.10386E-01
    8678.755    318.548   9.400  1.03066E+00  9.36230E-01  1.00799E-01
    8682.346    322.138   9.450  1.01175E+00  9.35208E-01  8.17933E-02
    8685.956    325.748   9.500  9.86398E-01  9.34187E-01  5.58551E-02
    8689.585    329.377   9.550  9.57868E-01  9.33242E-01  2.63721E-02
    8693.233    333.026   9.600  9.30105E-01  9.32297E-01 -2.35020E-03
    8696.900    336.693   9.650  9.06572E-01  9.31352E-01 -2.65914E-02
    8700.587    340.379   9.700  8.89616E-01  9.30407E-01 -4.38175E-02
    8704.292    344.084   9.750  8.80060E-01  9.29462E-01 -5.31216E-02
    8708.016    347.808   9.800  8.77159E-01  9.28518E-01 -5.52818E-02
    8711.759    351.552   9.850  8.78909E-01  9.27573E-01 -5.24355E-02
    8715.522    355.314   9.900  8.82629E-01  9.26628E-01 -4.74578E-02
    8719.303    359.095   9.950  8.85677E-01  9.25683E-01 -4.31957E-02
    8723.104    362.896  10.000  8.86122E-01  9.24738E-01 -4.17386E-02
    8726.923    366.715  10.050  8.83123E-01  9.23677E-01 -4.38836E-02
    8730.762    370.554  10.100  8.77145E-01  9.22617E-01 -4.92615E-02
    8734.619    374.411  10.150  8.70044E-01  9.21556E-01 -5.58704E-02
    8738.496    378.288  10.200  8.64565E-01  9.20496E-01 -6.07322E-02
    8742.392    382.184  10.250  8.63642E-01  9.19435E-01 -6.06527E-02
    8746.306    386.099  10.300  8.69606E-01  9.18375E-01 -5.30780E-02
    8750.240    390.032  10.350  8.83502E-01  9.17314E-01 -3.68420E-02
    8754.193    393.985  10.400  9.04683E-01  9.16253E-01 -1.26223E-02
    8758.165    397.957  10.450  9.30771E-01  9.15193E-01  1.70136E-02
    8762.156    401.948  10.500  9.58033E-01  9.14132E-01  4.80027E-02
    8766.166    405.958  10.550  9.82081E-01  9.13072E-01  7.55444E-02
    8770.195    409.987  10.600  9.98752E-01  9.12011E-01  9.50667E-02
    8774.243    414.035  10.650  1.00499E+00  9.10950E-01  1.03190E-01
    8778.310    418.102  10.700  9.99528E-01  9.09890E-01  9.84713E-02
    8782.396    422.189  10.750  9.83175E-01  9.08829E-01  8.17673E-02
    8786.502    426.294  10.800  9.58730E-01  9.07769E-01  5.61139E-02
    8790.626    430.418  10.850  9.30429E-01  9.06708E-01  2.61505E-02
    8794.769    434.562  10.900  9.03109E-01  9.05648E-01 -2.80217E-03
    8798.932    438.724  10.950  8.81225E-01  9.04587E-01 -2.58147E-02
    8803.113    442.905  11.000  8.67961E-01  9.03526E-01 -3.93458E-02
    8807.314    447.106  11.050  8.64172E-01  9.02330E-01 -4.22699E-02
    8811.533    451.326  11.100  8.69525E-01  9.01133E-01 -3.50610E-02
    8815.772    455.564  11.150  8.81394E-01  8.99937E-01 -2.05954E-02
    8820.030    459.822  11.200  8.95787E-01  8.98740E-01 -3.28492E-03
    8824.306    464.098  11.250  9.08211E-01  8.97544E-01  1.18795E-02
    8828.602    468.394  11.300  9.14655E-01  8.96347E-01  2.04158E-02
    8832.917    472.709  11.350  9.12472E-01  8.95151E-01  1.93419E-02
    8837.251    477.043  11.400  9.00982E-01  8.93954E-01  7.85852E-03
    8841.604    481.396  11.450  8.81661E-01  8.92757E-01 -1.24234E-02
    8845.976    485.768  11.500  8.57879E-01  8.91561E-01 -3.77616E-02
    8850.367    490.159  11.550  8.34232E-01  8.90364E-01 -6.30163E-02
    8854.777    494.569  11.600  8.15612E-01  8.89168E-01 -8.26876E-02
    8859.206    498.998  11.650  8.06201E-01  8.87971E-01 -9.20459E-02
    8863.654    503.446  11.700  8.08596E-01  8.86775E-01 -8.81216E-02
    8868.121    507.913  11.750  8.23250E-01  8.85578E-01 -7.03503E-02
    8872.607    512.400  11.800  8.48333E-01  8.84382E-01 -4.07432E-02
    8877.113    516.905  11.850  8.80052E-01  8.83185E-01 -3.54550E-03
    8881.637    521.429  11.900  9.13352E-01  8.81988E-01  3.55439E-02
    8886.180    525.973  11.950  9.42859E-01  8.80792E-01  7.04354E-02
    8890.743    530.535  12.000  9.63879E-01  8.79595E-01  9.57775E-02
    8895.324    535.117  12.050  9.73668E-01  8.78424E-01  1.08378E-01
    8899.925    539.717  12.100  9.70688E-01  8.77253E-01  1.06461E-01
    8904.545    544.337  12.150  9.55889E-01  8.76082E-01  9.10558E-02
    8909.183    548.975  12.200  9.32163E-01  8.74911E-01  6.54095E-02
    8913.841    553.633  12.250  9.03724E-01  8.73740E-01  3.43027E-02
    8918.518    558.310  12.300  8.75270E-01  8.72568E-01  3.09462E-03
    8923.213    563.006  12.350  8.51086E-01  8.71397E-01 -2.32992E-02
    8927.928    567.721  12.400  8.34276E-01  8.70226E-01 -4.12931E-02
    8932.662    572.454  12.450  8.26269E-01  8.69055E-01 -4.92113E-02
    8937.415    577.207  12.500  8.26676E-01  8.67884E-01 -4.74602E-02
    8942.187    581.979  12.550  8.33524E-01  8.66713E-01 -3.82759E-02
    8946.978    586.770  12.600  8.43790E-01  8.65542E-01 -2.51202E-02
    8951.788    591.581  12.650  8.54110E-01  8.64370E-01 -1.18652E-02
    8956.617    596.410  12.700  8.61520E-01  8.63199E-01 -1.94453E-03
    8961.466    601.258  12.750  8.64055E-01  8.62028E-01  2.35081E-03
    8966.333    606.125  12.800  8.61109E-01  8.60857E-01  2.93124E-04
    8971.219    611.011  12.850  8.53477E-01  8.59686E-01 -7.21892E-03
    8976.125    615.917  12.900  8.43098E-01  8.58515E-01 -1.79504E-02
    8981.049    620.841  12.950  8.32561E-01  8.57343E-01 -2.88947E-02
    8985.992    625.785  13.000  8.24498E-01  8.56172E-01 -3.69801E-02
    8990.955    630.747  13.050  8.20850E-01  8.54907E-01 -3.98211E-02
    8995.937    635.729  13.100  8.22896E-01  8.53643E-01 -3.60036E-02
    9000.937    640.729  13.150  8.30527E-01  8.52378E-01 -2.56247E-02
    9005.957    645.749  13.200  8.42461E-01  8.51113E-01 -1.01609E-02
    9010.995    650.788  13.250  8.56538E-01  8.49848E-01  7.86905E-03
    9016.053    655.845  13.300  8.70189E-01  8.48583E-01  2.54508E-02
    9021.130    660.922  13.350  8.80975E-01  8.47318E-01  3.97052E-02
    9026.226    666.018  13.400  8.87074E-01  8.46053E-01  4.84648E-02
    9031.341    671.133  13.450  8.87616E-01  8.44788E-01  5.06750E-02
    9036.475    676.267  13.500  8.82800E-01  8.43523E-01  4.65424E-02
    9041.628    681.420  13.550  8.73782E-01  8.42259E-01  3.74112E-02
    9046.800    686.592  13.600  8.62371E-01  8.40994E-01  2.54079E-02
    9051.991    691.783  13.650  8.50602E-01  8.39729E-01  1.29432E-02
    9057.201    696.993  13.700  8.40298E-01  8.38464E-01  2.18707E-03
    9062.430    702.222  13.750  8.32704E-01  8.37199E-01 -5.36675E-03
    9067.679    707.471  13.800  8.28277E-01  8.35934E-01 -9.15598E-03
    9072.946    712.738  13.850  8.26671E-01  8.34669E-01 -9.57884E-03
    9078.232    718.024  13.900  8.26898E-01  8.33404E-01 -7.80298E-03
    9083.538    723.330  13.950  8.27636E-01  8.32139E-01 -5.40996E-03
    9088.862    728.654  14.000  8.27578E-01  8.30875E-01 -3.96540E-03
    9094.206    733.998  14.050  8.25711E-01  8.29577E-01 -4.65766E-03
    9099.568    739.360  14.100  8.21678E-01  8.28279E-01 -7.96574E-03
    9104.950    744.742  14.150  8.15778E-01  8.26981E-01 -1.35409E-02
    9110.350    750.143  14.200  8.08913E-01  8.25684E-01 -2.03024E-02
    9115.770    755.562  14.250  8.02361E-01  8.24386E-01 -2.67052E-02
    9121.209    761.001  14.300  7.97464E-01  8.23088E-01 -3.11179E-02
    9126.667    766.459  14.350  7.95302E-01  8.21790E-01 -3.22182E-02
    9132.143    771.936  14.400  7.96430E-01  8.20492E-01 -2.93149E-02
    9137.639    777.432  14.450  8.00739E-01  8.19195E-01 -2.25200E-02
    9143.154    782.947  14.500  8.07477E-01  8.17897E-01 -1.27340E-02
    9148.688    788.481  14.550  8.15414E-01  8.16599E-01 -1.45106E-03
    9154.241    794.034  14.600  8.23105E-01  8.15301E-01  9.56738E-03
    9159.813    799.606  14.650  8.29211E-01  8.14004E-01  1.86741E-02
    9165.405    805.197  14.700  8.32773E-01  8.12706E-01  2.46820E-02
    9171.015    810.807  14.750  8.33402E-01  8.11408E-01  2.70954E-02
    9176.644    816.436  14.800  8.31325E-01  8.10110E-01  2.61765E-02
    9182.292    822.085  14.850  8.27288E-01  8.08813E-01  2.28340E-02
    9187.960    827.752  14.900  8.22351E-01  8.07515E-01  1.83651E-02
    9193.646    833.438  14.950  8.17601E-01  8.06217E-01  1.41147E-02
    9199.352    839.144  15.000  8.13885E-01  8.04919E-01  1.11348E-02
    9205.076    844.868  15.050  8.11572E-01  8.03604E-01  9.91142E-03
    9210.820    850.612  15.100  8.10543E-01  8.02289E-01  1.02848E-02
    9216.582    856.374  15.150  8.10202E-01  8.00974E-01  1.15168E-02
    9222.364    862.156  15.200  8.09623E-01  7.99658E-01  1.24570E-02
    9228.165    867.957  15.250  8.07810E-01  7.98343E-01  1.18539E-02
    9233.984    873.777  15.300  8.03969E-01  7.97028E-01  8.70521E-03
    9239.823    879.615  15.350  7.97753E-01  7.95713E-01  2.56321E-03
    9245.681    885.473  15.400  7.89406E-01  7.94397E-01 -6.28157E-03
    9251.558    891.350  15.450  7.79765E-01  7.93082E-01 -1.67859E-02
    9257.454    897.246  15.500  7.70128E-01  7.91767E-01 -2.73201E-02
    9263.369    903.161  15.550  7.61999E-01  7.90452E-01 -3.59825E-02
    9269.303    909.095  15.600  7.56772E-01  7.89137E-01 -4.09983E-02
    9275.256    915.048  15.650  7.55421E-01  7.87821E-01 -4.11125E-02
    9281.228    921.020  15.700  7.58267E-01  7.86506E-01 -3.58920E-02
    9287.219    927.012  15.750  7.64876E-01  7.85191E-01 -2.58638E-02
    9293.230    933.022  15.800  7.74108E-01  7.83876E-01 -1.24563E-02
    9299.259    939.051  15.850  7.84322E-01  7.82560E-01  2.25105E-03
    9305.307    945.099  15.900  7.93686E-01  7.81245E-01  1.59192E-02
    9311.375    951.167  15.950  8.00528E-01  7.79930E-01  2.64026E-02
    9317.461    957.253  16.000  8.03669E-01  7.78615E-01  3.21678E-02
    9323.567    963.359  16.050  8.02629E-01  7.77253E-01  3.26381E-02
    9329.691    969.483  16.100  7.97771E-01  7.75892E-01  2.81907E-02
    9335.835    975.627  16.150  7.90112E-01  7.74531E-01  2.01106E-02
    9341.997    981.790  16.200  7.81145E-01  7.73170E-01  1.03129E-02
    9348.179    987.971  16.250  7.72535E-01  7.71808E-01  9.40713E-04
    9354.380    994.172  16.300  7.65762E-01  7.70447E-01 -6.07911E-03
    9360.600   1000.392  16.350  7.61834E-01  7.69086E-01 -9.42686E-03
    9366.838   1006.631  16.400  7.61083E-01  7.67724E-01 -8.64899E-03
    9373.096   1012.889  16.450  7.63119E-01  7.66363E-01 -4.23157E-03
    9379.373   1019.166  16.500  7.66934E-01  7.65002E-01  2.52454E-03
    9385.669   1025.462  16.550  7.71125E-01  7.63641E-01  9.79803E-03
    9391.984   1031.777  16.600  7.74210E-01  7.62279E-01  1.56470E-02
    9398.318   1038.111  16.650  7.74944E-01  7.60918E-01  1.84289E-02
    9404.672   1044.464  16.700  7.72588E-01  7.59557E-01  1.71528E-02
    9411.044   1050.836  16.750  7.67061E-01  7.58196E-01  1.16904E-02
    9417.435   1057.227  16.800  7.58958E-01  7.56834E-01  2.80487E-03
    9423.845   1063.638  16.850  7.49424E-01  7.55473E-01 -8.00567E-03
    9430.275   1070.067  16.900  7.39920E-01  7.54112E-01 -1.88150E-02
    9436.723   1076.515  16.950  7.31926E-01  7.52750E-01 -2.76584E-02
    9443.191   1082.983  17.000  7.26646E-01  7.51389E-01 -3.29240E-02
    9449.677   1089.469  17.050  7.24782E-01  7.50042E-01 -3.36716E-02
    9456.183   1095.975  17.100  7.26404E-01  7.48694E-01 -2.97660E-02
    9462.707   1102.499  17.150  7.30946E-01  7.47347E-01 -2.19406E-02
    9469.251   1109.043  17.200  7.37346E-01  7.46000E-01 -1.15975E-02
    9475.814   1115.606  17.250  7.44272E-01  7.44652E-01 -5.09933E-04
    9482.395   1122.188  17.300  7.50394E-01  7.43305E-01  9.53533E-03
    9488.996   1128.788  17.350  7.54632E-01  7.41958E-01  1.70791E-02
    9495.616   1135.408  17.400  7.56349E-01  7.40610E-01  2.12461E-02
    9502.255   1142.047  17.450  7.55433E-01  7.39263E-01  2.18681E-02
    9508.913   1148.705  17.500  7.52275E-01  7.37915E-01  1.94552E-02
    9515.590   1155.382  17.550  7.47642E-01  7.36568E-01  1.50308E-02
    9522.286   1162.078  17.600  7.42481E-01  7.35221E-01  9.87289E-03
    9529.001   1168.793  17.650  7.37706E-01  7.33873E-01  5.22146E-03
    9535.735   1175.527  17.700  7.34004E-01  7.32526E-01  2.01690E-03
    9542.488   1182.280  17.750  7.31707E-01  7.31179E-01  7.22651E-04
    9549.261   1189.053  17.800  7.30755E-01  7.29831E-01  1.26510E-03
    9556.052   1195.844  17.850  7.30740E-01  7.28484E-01  3.09626E-03
    9562.862   1202.654  17.900  7.31033E-01  7.27136E-01  5.35779E-03
    9569.692   1209.484  17.950  7.30947E-01  7.25789E-01  7.10421E-03
    9576.540   1216.332  18.000  7.29900E-01  7.24442E-01  7.53269E-03
    9583.408   1223.200  18.050  7.27526E-01  7.23067E-01  6.16394E-03
    9590.294   1230.086  18.100  7.23799E-01  7.21693E-01  2.91783E-03
    9597.200   1236.992  18.150  7.19015E-01  7.20319E-01 -1.80874E-03
    9604.124   1243.917  18.200  7.13718E-01  7.18944E-01 -7.26723E-03
    9611.068   1250.860  18.250  7.08578E-01  7.17570E-01 -1.25269E-02
    9618.031   1257.823  18.300  7.04249E-01  7.16196E-01 -1.66764E-02
    9625.013   1264.805  18.350  7.01228E-01  7.14821E-01 -1.90115E-02
    9632.013   1271.806  18.400  6.99767E-01  7.13447E-01 -1.91685E-02
    9639.033   1278.825  18.450  6.99838E-01  7.12072E-01 -1.71774E-02
    9646.072   1285.864  18.500  7.01152E-01  7.10698E-01 -1.34289E-02
    9653.130   1292.922  18.550  7.03244E-01  7.09324E-01 -8.56883E-03
    9660.207   1299.999  18.600  7.05578E-01  7.07949E-01 -3.34860E-03
    9667.303   1307.096  18.650  7.07657E-01  7.06575E-01  1.53049E-03
    9674.419   1314.211  18.700  7.09112E-01  7.05201E-01  5.54478E-03
    9681.553   1321.345  18.750  7.09754E-01  7.03826E-01  8.42070E-03
    9688.706   1328.498  18.800  7.09577E-01  7.02452E-01  1.01414E-02
    9695.878   1335.670  18.850  7.08716E-01  7.01078E-01  1.08932E-02
    9703.070   1342.862  18.900  7.07381E-01  6.99703E-01  1.09713E-02
    9710.280   1350.072  18.950  7.05784E-01  6.98329E-01  1.06732E-02
    9717.509   1357.302  19.000  7.04071E-01  6.96955E-01  1.02094E-02
    9724.758   1364.550  19.050  7.02309E-01  6.95588E-01  9.66034E-03
    9732.025   1371.818  19.100  7.00447E-01  6.94222E-01  8.96598E-03
    9739.312   1379.104  19.150  6.98373E-01  6.92855E-01  7.96311E-03
    9746.618   1386.410  19.200  6.95961E-01  6.91489E-01  6.46734E-03
    9753.942   1393.735  19.250  6.93133E-01  6.90122E-01  4.36208E-03
    9761.286   1401.078  19.300  6.89906E-01  6.88756E-01  1.67056E-03
    9768.649   1408.441  19.350  6.86419E-01  6.87389E-01 -1.41158E-03
    9776.031   1415.823  19.400  6.82912E-01  6.86023E-01 -4.53453E-03
    9783.432   1423.224  19.450  6.79685E-01  6.84656E-01 -7.26103E-03
    9790.852   1430.644  19.500  6.77027E-01  6.83290E-01 -9.16577E-03
    9798.291   1438.083  19.550  6.75143E-01  6.81923E-01 -9.94227E-03
    9805.749   1445.541  19.600  6.74099E-01  6.80557E-01 -9.48892E-03
    9813.226   1453.018  19.650  6.73791E-01  6.79190E-01 -7.94991E-03
    9820.722   1460.514  19.700  6.73962E-01  6.77824E-01 -5.69757E-03
    9828.237   1468.029  19.750  6.74254E-01  6.76457E-01 -3.25691E-03
    9835.771   1475.564  19.800  6.74289E-01  6.75091E-01 -1.18794E-03
    9843.325   1483.117  19.850  6.73756E-01  6.73724E-01  4.73636E-05
    9850.897   1490.689  19.900  6.72493E-01  6.72358E-01  2.01493E-04
    9858.488   1498.281  19.950  6.70530E-01  6.70991E-01 -6.88223E-04
    9866.099   1505.891  20.000  6.68089E-01  6.69625E-01 -2.29478E-03
