# # xx                                                           FEFF 9.9.1  
# # POT  SCF  30  6.1000   0, screened core-hole, AFOLP (folp(0)= 1.150)
# # Abs   Z=22 Rmt= 1.272 Rnm= 1.399 K  shell
# # Pot 1 Z=22 Rmt= 1.210 Rnm= 1.377
# # Pot 2 Z= 8 Rmt= 0.935 Rnm= 1.097
# # Gam_ch=9.030E-01 H-L exch Vi= 0.000E+00 Vr= 0.000E+00
# # Mu=-1.121E+01eV kf=2.213E+00 Vint=-1.978E+01eV Rs_int= 1.639
# FMS rfms= 8.1000
# # PATH  Rmax=-1.000,  Keep_limit= 0.00, Heap_limit 0.00  Pwcrit= 2.50%
#  S02=0.943  Temp=   0.00  Debye_temp=   0.00  Global_sig2= 0.00000
#  Energy zero shift, vr, vi    0.00000E+00   0.00000E+00
#  Curved wave amplitude ratio filter   4.000%
#     file         sig2 tot  cw amp ratio   deg  nlegs   reff  inp sig2
#     0/   0 paths used
#  xsedge+ 50, used to normalize mu           4.6165E-04
#  -----------------------------------------------------------------------
#  omega    e    k    mu    mu0     chi     @#
    4966.169    -15.021  -1.000  1.53085E-02  3.03577E-02 -1.50492E-02
    4966.893    -14.297  -0.900  1.75024E-02  3.67609E-02 -1.92585E-02
    4967.541    -13.650  -0.800  2.02798E-02  4.54272E-02 -2.51474E-02
    4968.112    -13.078  -0.700  2.39175E-02  5.75626E-02 -3.36451E-02
    4968.608    -12.583  -0.600  2.88661E-02  7.52236E-02 -4.63576E-02
    4969.027    -12.164  -0.500  3.58509E-02  1.01907E-01 -6.60559E-02
    4969.370    -11.821  -0.400  4.58920E-02  1.42842E-01 -9.69502E-02
    4969.636    -11.554  -0.300  5.96111E-02  2.01674E-01 -1.42063E-01
    4969.827    -11.364  -0.200  7.48929E-02  2.68490E-01 -1.93597E-01
    4969.941    -11.249  -0.100  8.64867E-02  3.18369E-01 -2.31883E-01
    4969.979    -11.211   0.000  9.07218E-02  3.35844E-01 -2.45122E-01
    4970.079    -11.111   0.162  1.01626E-01  3.81390E-01 -2.79764E-01
    4970.179    -11.011   0.229  1.12176E-01  4.23629E-01 -3.11452E-01
    4970.217    -10.973   0.250  1.16047E-01  4.38342E-01 -3.22296E-01
    4970.322    -10.868   0.300  1.26189E-01  4.74390E-01 -3.48201E-01
    4970.446    -10.745   0.350  1.37634E-01  5.09179E-01 -3.71545E-01
    4970.589    -10.602   0.400  1.51032E-01  5.40935E-01 -3.89902E-01
    4970.751    -10.440   0.450  1.67792E-01  5.69214E-01 -4.01422E-01
    4970.932    -10.259   0.500  1.89433E-01  5.94396E-01 -4.04963E-01
    4971.132    -10.059   0.550  2.15181E-01  6.17154E-01 -4.01974E-01
    4971.351     -9.840   0.600  2.39375E-01  6.38121E-01 -3.98746E-01
    4971.589     -9.602   0.650  2.54174E-01  6.57826E-01 -4.03652E-01
    4971.846     -9.344   0.700  2.55664E-01  6.76678E-01 -4.21014E-01
    4972.122     -9.068   0.750  2.46285E-01  6.94966E-01 -4.48680E-01
    4972.418     -8.773   0.800  2.26398E-01  7.12875E-01 -4.86477E-01
    4972.732     -8.459   0.850  2.02496E-01  7.30524E-01 -5.28028E-01
    4973.065     -8.125   0.900  1.84554E-01  7.48004E-01 -5.63449E-01
    4973.418     -7.773   0.950  1.73932E-01  7.65334E-01 -5.91402E-01
    4973.789     -7.401   1.000  1.69669E-01  7.82530E-01 -6.12861E-01
    4974.180     -7.011   1.050  1.70046E-01  7.99562E-01 -6.29516E-01
    4974.589     -6.601   1.100  1.77611E-01  8.16409E-01 -6.38798E-01
    4975.018     -6.173   1.150  1.95394E-01  8.33026E-01 -6.37632E-01
    4975.466     -5.725   1.200  2.18139E-01  8.49364E-01 -6.31225E-01
    4975.932     -5.258   1.250  2.44089E-01  8.65363E-01 -6.21274E-01
    4976.418     -4.773   1.300  2.75341E-01  8.80975E-01 -6.05634E-01
    4976.923     -4.268   1.350  3.08459E-01  8.96146E-01 -5.87688E-01
    4977.447     -3.744   1.400  3.39437E-01  9.10814E-01 -5.71377E-01
    4977.990     -3.201   1.450  3.85413E-01  9.24923E-01 -5.39510E-01
    4978.552     -2.639   1.500  4.56222E-01  9.38431E-01 -4.82209E-01
    4979.133     -2.058   1.550  5.14301E-01  9.51288E-01 -4.36987E-01
    4979.733     -1.458   1.600  5.33282E-01  9.63454E-01 -4.30172E-01
    4980.352     -0.839   1.650  5.69394E-01  9.74893E-01 -4.05499E-01
    4980.990     -0.201   1.700  6.47566E-01  9.85581E-01 -3.38014E-01
    4981.647      0.457   1.750  7.36712E-01  9.95486E-01 -2.58774E-01
    4982.324      1.133   1.800  8.03277E-01  1.00459E+00 -2.01316E-01
    4983.019      1.828   1.850  8.55818E-01  1.01291E+00 -1.57090E-01
    4983.733      2.543   1.900  9.11152E-01  1.02041E+00 -1.09257E-01
    4984.467      3.276   1.950  1.02990E+00  1.02711E+00  2.79548E-03
    4985.219      4.029   2.000  1.25586E+00  1.03301E+00  2.22843E-01
    4985.991      4.800   2.050  1.56889E+00  1.03813E+00  5.30759E-01
    4986.781      5.591   2.100  1.87664E+00  1.04250E+00  8.34142E-01
    4987.591      6.400   2.150  1.99510E+00  1.04613E+00  9.48972E-01
    4988.419      7.229   2.200  1.86806E+00  1.04905E+00  8.19005E-01
    4989.267      8.077   2.250  1.63555E+00  1.05130E+00  5.84248E-01
    4990.134      8.943   2.300  1.41562E+00  1.05290E+00  3.62716E-01
    4991.020      9.829   2.350  1.25874E+00  1.05392E+00  2.04815E-01
    4991.925     10.734   2.400  1.16180E+00  1.05437E+00  1.07435E-01
    4992.849     11.658   2.450  1.10377E+00  1.05431E+00  4.94614E-02
    4993.792     12.601   2.500  1.06497E+00  1.05377E+00  1.12007E-02
    4994.754     13.563   2.550  1.06271E+00  1.05279E+00  9.91735E-03
    4995.735     14.544   2.600  1.13904E+00  1.05142E+00  8.76199E-02
    4996.735     15.544   2.650  1.22453E+00  1.04971E+00  1.74820E-01
    4997.754     16.563   2.700  1.25517E+00  1.04769E+00  2.07481E-01
    4998.792     17.602   2.750  1.26072E+00  1.04540E+00  2.15319E-01
    4999.849     18.659   2.800  1.26096E+00  1.04291E+00  2.18051E-01
    5000.926     19.735   2.850  1.25283E+00  1.04022E+00  2.12615E-01
    5002.021     20.831   2.900  1.22931E+00  1.03737E+00  1.91939E-01
    5003.136     21.945   2.950  1.18743E+00  1.03443E+00  1.52997E-01
    5004.269     23.078   3.000  1.13115E+00  1.03140E+00  9.97520E-02
    5005.422     24.231   3.050  1.06768E+00  1.02832E+00  3.93603E-02
    5006.593     25.403   3.100  1.00578E+00  1.02523E+00 -1.94528E-02
    5007.784     26.593   3.150  9.52483E-01  1.02214E+00 -6.96596E-02
    5008.993     27.803   3.200  9.09897E-01  1.01909E+00 -1.09191E-01
    5010.222     29.032   3.250  8.77259E-01  1.01610E+00 -1.38841E-01
    5011.470     30.279   3.300  8.52976E-01  1.01319E+00 -1.60214E-01
    5012.737     31.546   3.350  8.36426E-01  1.01037E+00 -1.73940E-01
    5014.023     32.832   3.400  8.27637E-01  1.00767E+00 -1.80030E-01
    5015.327     34.137   3.450  8.25526E-01  1.00511E+00 -1.79582E-01
    5016.651     35.461   3.500  8.28098E-01  1.00267E+00 -1.74570E-01
    5017.994     36.804   3.550  8.33112E-01  1.00039E+00 -1.67280E-01
    5019.357     38.166   3.600  8.38972E-01  9.98282E-01 -1.59310E-01
    5020.738     39.547   3.650  8.45047E-01  9.96346E-01 -1.51298E-01
    5022.138     40.947   3.700  8.50971E-01  9.94584E-01 -1.43613E-01
    5023.557     42.367   3.750  8.56608E-01  9.92996E-01 -1.36388E-01
    5024.995     43.805   3.800  8.62272E-01  9.91600E-01 -1.29328E-01
    5026.453     45.262   3.850  8.68545E-01  9.90398E-01 -1.21853E-01
    5027.929     46.738   3.900  8.76425E-01  9.89384E-01 -1.12959E-01
    5029.424     48.234   3.950  8.87495E-01  9.88592E-01 -1.01097E-01
    5030.939     49.748   4.000  9.04596E-01  9.88116E-01 -8.35199E-02
