# # xx                                                           FEFF 9.9.1  
# # POT  SCF  30  6.1000   0, screened core-hole, AFOLP (folp(0)= 1.150)
# # Abs   Z=22 Rmt= 1.264 Rnm= 1.389 K  shell
# # Pot 1 Z= 8 Rmt= 1.031 Rnm= 1.103
# # Pot 2 Z=22 Rmt= 1.264 Rnm= 1.389
# # Pot 3 Z=38 Rmt= 1.793 Rnm= 1.817
# # Gam_ch=9.030E-01 H-L exch Vi= 0.000E+00 Vr= 0.000E+00
# # Mu=-1.084E+01eV kf=2.139E+00 Vint=-2.049E+01eV Rs_int= 1.695
# FMS rfms= 8.1000
# # PATH  Rmax=-1.000,  Keep_limit= 0.00, Heap_limit 0.00  Pwcrit= 2.50%
#  S02=0.943  Temp=   0.00  Debye_temp=   0.00  Global_sig2= 0.00000
#  Energy zero shift, vr, vi    0.00000E+00   0.00000E+00
#  Curved wave amplitude ratio filter   4.000%
#     file         sig2 tot  cw amp ratio   deg  nlegs   reff  inp sig2
#     0/   0 paths used
#  xsedge+ 50, used to normalize mu           4.6467E-04
#  -----------------------------------------------------------------------
#  omega    e    k    mu    mu0     chi     @#
    4966.194    -14.648  -1.000  1.35861E-02  3.03308E-02 -1.67448E-02
    4966.918    -13.924  -0.900  1.51227E-02  3.67808E-02 -2.16581E-02
    4967.565    -13.277  -0.800  1.69153E-02  4.55340E-02 -2.86187E-02
    4968.137    -12.705  -0.700  1.90504E-02  5.78269E-02 -3.87765E-02
    4968.632    -12.210  -0.600  2.16664E-02  7.57716E-02 -5.41052E-02
    4969.051    -11.791  -0.500  2.49863E-02  1.02965E-01 -7.79790E-02
    4969.394    -11.448  -0.400  2.93217E-02  1.44797E-01 -1.15475E-01
    4969.661    -11.181  -0.300  3.48385E-02  2.05035E-01 -1.70197E-01
    4969.851    -10.991  -0.200  4.07739E-02  2.73502E-01 -2.32728E-01
    4969.966    -10.876  -0.100  4.52872E-02  3.24595E-01 -2.79308E-01
    4970.004    -10.838   0.000  4.69824E-02  3.42481E-01 -2.95498E-01
    4970.104    -10.738   0.162  5.14072E-02  3.89058E-01 -3.37650E-01
    4970.204    -10.638   0.229  5.56657E-02  4.32137E-01 -3.76471E-01
    4970.242    -10.600   0.250  5.72308E-02  4.47112E-01 -3.89881E-01
    4970.347    -10.495   0.300  6.13417E-02  4.83700E-01 -4.22358E-01
    4970.470    -10.371   0.350  6.57401E-02  5.18809E-01 -4.53069E-01
    4970.613    -10.229   0.400  7.03230E-02  5.50587E-01 -4.80264E-01
    4970.775    -10.067   0.450  7.54190E-02  5.78593E-01 -5.03174E-01
    4970.956     -9.886   0.500  8.19522E-02  6.03236E-01 -5.21284E-01
    4971.156     -9.686   0.550  9.03522E-02  6.25185E-01 -5.34833E-01
    4971.375     -9.467   0.600  9.86248E-02  6.45147E-01 -5.46522E-01
    4971.613     -9.228   0.650  1.04652E-01  6.63667E-01 -5.59015E-01
    4971.871     -8.971   0.700  1.11837E-01  6.81189E-01 -5.69352E-01
    4972.147     -8.695   0.750  1.24156E-01  6.98012E-01 -5.73856E-01
    4972.442     -8.400   0.800  1.41931E-01  7.14359E-01 -5.72428E-01
    4972.756     -8.085   0.850  1.63377E-01  7.30378E-01 -5.67001E-01
    4973.090     -7.752   0.900  1.89381E-01  7.46161E-01 -5.56780E-01
    4973.442     -7.400   0.950  2.20187E-01  7.61763E-01 -5.41577E-01
    4973.814     -7.028   1.000  2.55913E-01  7.77211E-01 -5.21298E-01
    4974.204     -6.638   1.050  3.18102E-01  7.92511E-01 -4.74408E-01
    4974.614     -6.228   1.100  3.57449E-01  8.07639E-01 -4.50190E-01
    4975.042     -5.799   1.150  3.05757E-01  8.22585E-01 -5.16828E-01
    4975.490     -5.352   1.200  2.29854E-01  8.37307E-01 -6.07453E-01
    4975.957     -4.885   1.250  1.88253E-01  8.51766E-01 -6.63513E-01
    4976.443     -4.399   1.300  1.69064E-01  8.65931E-01 -6.96868E-01
    4976.947     -3.894   1.350  1.62634E-01  8.79736E-01 -7.17103E-01
    4977.471     -3.371   1.400  1.70863E-01  8.93167E-01 -7.22304E-01
    4978.014     -2.828   1.450  1.93560E-01  9.06153E-01 -7.12593E-01
    4978.576     -2.266   1.500  2.33430E-01  9.18668E-01 -6.85239E-01
    4979.157     -1.685   1.550  3.02461E-01  9.30675E-01 -6.28214E-01
    4979.757     -1.085   1.600  4.32125E-01  9.42128E-01 -5.10003E-01
    4980.376     -0.465   1.650  6.69326E-01  9.53001E-01 -2.83675E-01
    4981.015      0.173   1.700  1.03276E+00  9.63262E-01  6.95025E-02
    4981.672      0.830   1.750  1.30016E+00  9.72890E-01  3.27272E-01
    4982.348      1.506   1.800  1.21581E+00  9.81878E-01  2.33935E-01
    4983.043      2.202   1.850  1.11107E+00  9.90190E-01  1.20884E-01
    4983.758      2.916   1.900  1.20082E+00  9.97832E-01  2.02990E-01
    4984.491      3.649   1.950  1.40712E+00  1.00480E+00  4.02322E-01
    4985.244      4.402   2.000  1.51469E+00  1.01109E+00  5.03602E-01
    4986.015      5.173   2.050  1.46284E+00  1.01670E+00  4.46140E-01
    4986.806      5.964   2.100  1.37774E+00  1.02166E+00  3.56084E-01
    4987.615      6.774   2.150  1.33572E+00  1.02596E+00  3.09753E-01
    4988.444      7.602   2.200  1.34582E+00  1.02964E+00  3.16181E-01
    4989.292      8.450   2.250  1.38337E+00  1.03271E+00  3.50656E-01
    4990.158      9.317   2.300  1.41025E+00  1.03520E+00  3.75050E-01
    4991.044     10.202   2.350  1.38251E+00  1.03713E+00  3.45380E-01
    4991.949     11.107   2.400  1.30103E+00  1.03854E+00  2.62486E-01
    4992.873     12.031   2.450  1.22582E+00  1.03946E+00  1.86363E-01
    4993.816     12.974   2.500  1.19384E+00  1.03990E+00  1.53938E-01
    4994.778     13.936   2.550  1.19398E+00  1.03993E+00  1.54053E-01
    4995.759     14.917   2.600  1.19852E+00  1.03956E+00  1.58963E-01
    4996.759     15.917   2.650  1.20080E+00  1.03882E+00  1.61985E-01
    4997.778     16.937   2.700  1.19750E+00  1.03776E+00  1.59746E-01
    4998.817     17.975   2.750  1.18639E+00  1.03642E+00  1.49969E-01
    4999.874     19.032   2.800  1.16634E+00  1.03483E+00  1.31508E-01
    5000.950     20.108   2.850  1.13687E+00  1.03301E+00  1.03865E-01
    5002.046     21.204   2.900  1.10573E+00  1.03100E+00  7.47268E-02
    5003.160     22.318   2.950  1.07999E+00  1.02884E+00  5.11563E-02
    5004.294     23.452   3.000  1.05778E+00  1.02654E+00  3.12439E-02
    5005.446     24.604   3.050  1.03195E+00  1.02415E+00  7.80114E-03
    5006.618     25.776   3.100  1.00275E+00  1.02170E+00 -1.89451E-02
    5007.808     26.966   3.150  9.77239E-01  1.01919E+00 -4.19563E-02
    5009.018     28.176   3.200  9.57828E-01  1.01668E+00 -5.88509E-02
    5010.247     29.405   3.250  9.41487E-01  1.01416E+00 -7.26770E-02
    5011.494     30.653   3.300  9.24384E-01  1.01167E+00 -8.72842E-02
    5012.761     31.919   3.350  9.05609E-01  1.00921E+00 -1.03604E-01
    5014.047     33.205   3.400  8.87483E-01  1.00683E+00 -1.19350E-01
    5015.352     34.510   3.450  8.71433E-01  1.00452E+00 -1.33084E-01
    5016.676     35.834   3.500  8.57722E-01  1.00229E+00 -1.44565E-01
    5018.019     37.177   3.550  8.47394E-01  1.00016E+00 -1.52769E-01
    5019.381     38.539   3.600  8.41309E-01  9.98161E-01 -1.56852E-01
    5020.762     39.920   3.650  8.38923E-01  9.96285E-01 -1.57361E-01
    5022.162     41.321   3.700  8.39751E-01  9.94520E-01 -1.54769E-01
    5023.582     42.740   3.750  8.43845E-01  9.92900E-01 -1.49055E-01
    5025.020     44.178   3.800  8.51127E-01  9.91436E-01 -1.40309E-01
    5026.477     45.635   3.850  8.60356E-01  9.90120E-01 -1.29764E-01
    5027.954     47.112   3.900  8.70115E-01  9.88947E-01 -1.18831E-01
    5029.449     48.607   3.950  8.81530E-01  9.87957E-01 -1.06427E-01
    5030.963     50.122   4.000  8.97771E-01  9.87230E-01 -8.94591E-02
