# # xx                                                           FEFF 9.9.1  
# # POT  SCF  30  6.1000   0, screened core-hole, AFOLP (folp(0)= 1.150)
# # Abs   Z=22 Rmt= 1.213 Rnm= 1.389 K  shell
# # Pot 1 Z=22 Rmt= 1.213 Rnm= 1.389
# # Pot 2 Z= 8 Rmt= 0.940 Rnm= 1.112
# # Gam_ch=9.030E-01 H-L exch Vi= 0.000E+00 Vr= 0.000E+00
# # Mu=-1.067E+01eV kf=2.185E+00 Vint=-1.820E+01eV Rs_int= 1.660
# FMS rfms= 8.1000
# # PATH  Rmax=-1.000,  Keep_limit= 0.00, Heap_limit 0.00  Pwcrit= 2.50%
#  S02=0.943  Temp=   0.00  Debye_temp=   0.00  Global_sig2= 0.00000
#  Energy zero shift, vr, vi    0.00000E+00   0.00000E+00
#  Curved wave amplitude ratio filter   4.000%
#     file         sig2 tot  cw amp ratio   deg  nlegs   reff  inp sig2
#     0/   0 paths used
#  xsedge+ 50, used to normalize mu           4.6668E-04
#  -----------------------------------------------------------------------
#  omega    e    k    mu    mu0     chi     @#
    4965.475    -14.479  -1.000  2.07247E-02  2.89411E-02 -8.21636E-03
    4966.199    -13.755  -0.900  2.51720E-02  3.48703E-02 -9.69839E-03
    4966.847    -13.107  -0.800  3.15670E-02  4.28419E-02 -1.12749E-02
    4967.418    -12.536  -0.700  4.12358E-02  5.39285E-02 -1.26927E-02
    4967.914    -12.040  -0.600  5.66456E-02  6.99542E-02 -1.33086E-02
    4968.333    -11.621  -0.500  8.23619E-02  9.40124E-02 -1.16504E-02
    4968.676    -11.278  -0.400  1.25786E-01  1.30718E-01 -4.93219E-03
    4968.942    -11.012  -0.300  1.92762E-01  1.83266E-01  9.49589E-03
    4969.133    -10.821  -0.200  2.70301E-01  2.42849E-01  2.74525E-02
    4969.247    -10.707  -0.100  3.25981E-01  2.87350E-01  3.86308E-02
    4969.285    -10.669   0.000  3.44467E-01  3.02958E-01  4.15089E-02
    4969.385    -10.569   0.162  3.86651E-01  3.43708E-01  4.29430E-02
    4969.485    -10.469   0.229  4.19603E-01  3.81642E-01  3.79619E-02
    4969.523    -10.431   0.250  4.28638E-01  3.94917E-01  3.37217E-02
    4969.628    -10.326   0.300  4.42956E-01  4.27567E-01  1.53891E-02
    4969.752    -10.202   0.350  4.42561E-01  4.59380E-01 -1.68183E-02
    4969.895    -10.059   0.400  4.27442E-01  4.88801E-01 -6.13595E-02
    4970.057     -9.897   0.450  4.04128E-01  5.15466E-01 -1.11337E-01
    4970.238     -9.716   0.500  3.79649E-01  5.39695E-01 -1.60046E-01
    4970.438     -9.516   0.550  3.56698E-01  5.62064E-01 -2.05366E-01
    4970.657     -9.297   0.600  3.37573E-01  5.83142E-01 -2.45569E-01
    4970.895     -9.059   0.650  3.25720E-01  6.03386E-01 -2.77666E-01
    4971.152     -8.802   0.700  3.20857E-01  6.23137E-01 -3.02280E-01
    4971.428     -8.526   0.750  3.14139E-01  6.42638E-01 -3.28499E-01
    4971.724     -8.230   0.800  3.00926E-01  6.62062E-01 -3.61136E-01
    4972.038     -7.916   0.850  2.97897E-01  6.81492E-01 -3.83595E-01
    4972.371     -7.583   0.900  3.15675E-01  7.00975E-01 -3.85300E-01
    4972.724     -7.230   0.950  3.32499E-01  7.20535E-01 -3.88036E-01
    4973.095     -6.859   1.000  3.18797E-01  7.40152E-01 -4.21354E-01
    4973.486     -6.468   1.050  2.85783E-01  7.59806E-01 -4.74023E-01
    4973.895     -6.059   1.100  2.43488E-01  7.79444E-01 -5.35957E-01
    4974.324     -5.630   1.150  2.06199E-01  7.99012E-01 -5.92812E-01
    4974.772     -5.182   1.200  1.89970E-01  8.18436E-01 -6.28466E-01
    4975.238     -4.716   1.250  1.91758E-01  8.37661E-01 -6.45903E-01
    4975.724     -4.230   1.300  2.03620E-01  8.56593E-01 -6.52972E-01
    4976.229     -3.725   1.350  2.21060E-01  8.75157E-01 -6.54097E-01
    4976.753     -3.201   1.400  2.43047E-01  8.93290E-01 -6.50243E-01
    4977.296     -2.658   1.450  2.69923E-01  9.10917E-01 -6.40993E-01
    4977.858     -2.096   1.500  3.02468E-01  9.27950E-01 -6.25482E-01
    4978.439     -1.515   1.550  3.43217E-01  9.44326E-01 -6.01110E-01
    4979.039     -0.915   1.600  4.00246E-01  9.59997E-01 -5.59750E-01
    4979.658     -0.296   1.650  4.88567E-01  9.74892E-01 -4.86325E-01
    4980.296      0.342   1.700  6.10604E-01  9.88965E-01 -3.78362E-01
    4980.953      0.999   1.750  7.34543E-01  1.00216E+00 -2.67621E-01
    4981.630      1.676   1.800  8.32964E-01  1.01446E+00 -1.81495E-01
    4982.325      2.371   1.850  9.04193E-01  1.02582E+00 -1.21623E-01
    4983.039      3.085   1.900  9.56205E-01  1.03621E+00 -8.00088E-02
    4983.773      3.819   1.950  1.01481E+00  1.04564E+00 -3.08239E-02
    4984.525      4.571   2.000  1.08936E+00  1.05408E+00  3.52774E-02
    4985.297      5.343   2.050  1.16295E+00  1.06156E+00  1.01394E-01
    4986.087      6.133   2.100  1.22069E+00  1.06806E+00  1.52629E-01
    4986.897      6.943   2.150  1.26296E+00  1.07361E+00  1.89344E-01
    4987.726      7.772   2.200  1.30687E+00  1.07823E+00  2.28638E-01
    4988.573      8.619   2.250  1.36516E+00  1.08195E+00  2.83212E-01
    4989.440      9.486   2.300  1.41241E+00  1.08479E+00  3.27618E-01
    4990.326     10.372   2.350  1.41489E+00  1.08680E+00  3.28085E-01
    4991.231     11.277   2.400  1.37874E+00  1.08802E+00  2.90720E-01
    4992.155     12.201   2.450  1.33384E+00  1.08849E+00  2.45351E-01
    4993.098     13.144   2.500  1.30478E+00  1.08826E+00  2.16515E-01
    4994.060     14.106   2.550  1.30219E+00  1.08738E+00  2.14808E-01
    4995.041     15.087   2.600  1.32006E+00  1.08591E+00  2.34149E-01
    4996.041     16.087   2.650  1.33176E+00  1.08387E+00  2.47882E-01
    4997.060     17.106   2.700  1.33097E+00  1.08136E+00  2.49616E-01
    4998.098     18.144   2.750  1.31760E+00  1.07839E+00  2.39209E-01
    4999.156     19.201   2.800  1.29110E+00  1.07504E+00  2.16060E-01
    5000.232     20.278   2.850  1.25444E+00  1.07133E+00  1.83109E-01
    5001.327     21.373   2.900  1.21327E+00  1.06733E+00  1.45940E-01
    5002.442     22.488   2.950  1.17248E+00  1.06307E+00  1.09401E-01
    5003.575     23.621   3.000  1.13526E+00  1.05863E+00  7.66284E-02
    5004.728     24.774   3.050  1.10255E+00  1.05402E+00  4.85324E-02
    5005.899     25.945   3.100  1.07441E+00  1.04929E+00  2.51177E-02
    5007.090     27.136   3.150  1.05000E+00  1.04448E+00  5.52351E-03
    5008.300     28.345   3.200  1.02734E+00  1.03962E+00 -1.22848E-02
    5009.528     29.574   3.250  1.00477E+00  1.03476E+00 -2.99884E-02
    5010.776     30.822   3.300  9.81868E-01  1.02992E+00 -4.80525E-02
    5012.043     32.089   3.350  9.59735E-01  1.02512E+00 -6.53810E-02
    5013.329     33.375   3.400  9.39673E-01  1.02041E+00 -8.07336E-02
    5014.634     34.680   3.450  9.22071E-01  1.01579E+00 -9.37182E-02
    5015.958     36.004   3.500  9.07044E-01  1.01131E+00 -1.04265E-01
    5017.301     37.347   3.550  8.94369E-01  1.00696E+00 -1.12595E-01
    5018.663     38.709   3.600  8.83563E-01  1.00278E+00 -1.19219E-01
    5020.044     40.090   3.650  8.74182E-01  9.98774E-01 -1.24592E-01
    5021.444     41.490   3.700  8.66086E-01  9.94963E-01 -1.28877E-01
    5022.863     42.909   3.750  8.60049E-01  9.91365E-01 -1.31316E-01
    5024.301     44.347   3.800  8.57495E-01  9.87984E-01 -1.30489E-01
    5025.759     45.805   3.850  8.59553E-01  9.84832E-01 -1.25278E-01
    5027.235     47.281   3.900  8.66821E-01  9.81925E-01 -1.15103E-01
    5028.731     48.776   3.950  8.79354E-01  9.79338E-01 -9.99843E-02
    5030.245     50.291   4.000  8.97008E-01  9.77185E-01 -8.01778E-02
