# 2Theta    Intensity
4.3096e-03  6.2467e+00
7.7683e-03  5.8067e+00
1.2948e-02  5.2080e+00
1.8127e-02  4.6840e+00
2.3307e-02  4.8086e+00
2.8486e-02  6.7883e+00
3.3666e-02  4.7389e+00
3.8846e-02  4.3571e+00
4.4025e-02  4.7233e+00
4.9205e-02  5.6941e+00
5.4385e-02  6.1316e+00
5.9565e-02  5.7347e+00
6.4744e-02  5.6787e+00
6.9924e-02  5.5169e+00
7.5103e-02  5.7767e+00
8.0283e-02  5.7327e+00
8.5463e-02  4.8829e+00
9.0642e-02  5.6364e+00
9.5822e-02  5.6628e+00
1.0100e-01  5.6824e+00
1.0618e-01  6.1432e+00
1.1136e-01  6.7187e+00
1.1654e-01  6.1063e+00
1.2172e-01  6.5303e+00
1.2690e-01  6.0968e+00
1.3208e-01  7.0374e+00
1.3726e-01  7.4281e+00
1.4244e-01  7.1629e+00
1.4762e-01  7.7321e+00
1.5280e-01  8.3469e+00
1.5798e-01  8.3189e+00
1.6316e-01  9.0691e+00
1.6834e-01  1.0192e+01
1.7352e-01  9.9720e+00
1.7870e-01  9.9788e+00
1.8388e-01  1.1111e+01
1.8906e-01  1.1637e+01
1.9424e-01  1.1789e+01
1.9942e-01  1.2120e+01
2.0460e-01  1.2139e+01
2.0977e-01  1.2688e+01
2.1495e-01  1.3531e+01
2.2013e-01  1.3745e+01
2.2531e-01  1.4042e+01
2.3049e-01  1.4762e+01
2.3567e-01  1.5533e+01
2.4085e-01  1.5504e+01
2.4603e-01  1.5715e+01
2.5121e-01  1.6298e+01
2.5639e-01  1.6144e+01
2.6157e-01  1.7117e+01
2.6675e-01  1.6987e+01
2.7193e-01  1.8814e+01
2.7711e-01  1.7889e+01
2.8229e-01  1.8678e+01
2.8747e-01  1.9161e+01
2.9265e-01  1.9408e+01
2.9783e-01  1.9513e+01
3.0301e-01  2.0188e+01
3.0819e-01  2.0472e+01
3.1337e-01  2.0661e+01
3.1855e-01  2.0807e+01
3.2373e-01  2.1075e+01
3.2891e-01  2.2403e+01
3.3409e-01  2.1918e+01
3.3927e-01  2.2670e+01
3.4445e-01  2.2395e+01
3.4963e-01  2.2614e+01
3.5481e-01  2.3238e+01
3.5998e-01  2.3784e+01
3.6516e-01  2.3798e+01
3.7034e-01  2.3533e+01
3.7552e-01  2.4475e+01
3.8070e-01  2.5170e+01
3.8588e-01  2.4669e+01
3.9106e-01  2.5069e+01
3.9624e-01  2.6185e+01
4.0142e-01  2.5077e+01
4.0660e-01  2.5513e+01
4.1178e-01  2.5751e+01
4.1696e-01  2.6014e+01
4.2214e-01  2.6334e+01
4.2732e-01  2.7261e+01
4.3250e-01  2.7207e+01
4.3768e-01  2.6200e+01
4.4286e-01  2.7419e+01
4.4804e-01  2.7793e+01
4.5322e-01  2.7947e+01
4.5840e-01  2.7201e+01
4.6358e-01  2.8068e+01
4.6876e-01  2.8296e+01
4.7394e-01  2.8256e+01
4.7912e-01  2.8298e+01
4.8430e-01  2.8490e+01
4.8948e-01  2.8492e+01
4.9466e-01  2.8574e+01
4.9983e-01  2.9338e+01
5.0501e-01  2.9105e+01
5.1019e-01  2.8699e+01
5.1537e-01  2.9616e+01
5.2055e-01  2.9770e+01
5.2573e-01  2.9236e+01
5.3091e-01  2.9524e+01
5.3609e-01  2.9635e+01
5.4127e-01  3.0142e+01
5.4645e-01  2.9801e+01
5.5163e-01  3.0190e+01
5.5681e-01  3.0167e+01
5.6199e-01  3.0018e+01
5.6717e-01  3.0210e+01
5.7235e-01  3.0338e+01
5.7753e-01  3.0354e+01
5.8271e-01  3.0786e+01
5.8789e-01  3.0556e+01
5.9307e-01  3.1308e+01
5.9825e-01  3.1305e+01
6.0343e-01  3.1634e+01
6.0861e-01  3.2266e+01
6.1379e-01  3.2303e+01
6.1897e-01  3.2514e+01
6.2415e-01  3.2853e+01
6.2933e-01  3.3769e+01
6.3451e-01  3.3548e+01
6.3968e-01  3.4541e+01
6.4486e-01  3.5284e+01
6.5004e-01  3.5200e+01
6.5522e-01  3.6044e+01
6.6040e-01  3.6585e+01
6.6558e-01  3.8019e+01
6.7076e-01  3.8400e+01
6.7594e-01  3.9627e+01
6.8112e-01  4.0963e+01
6.8630e-01  4.2057e+01
6.9148e-01  4.2277e+01
6.9666e-01  4.4713e+01
7.0184e-01  4.4131e+01
7.0702e-01  4.4864e+01
7.1220e-01  4.5307e+01
7.1738e-01  4.5515e+01
7.2256e-01  4.5115e+01
7.2774e-01  4.5316e+01
7.3292e-01  4.6467e+01
7.3810e-01  4.5155e+01
7.4327e-01  4.5188e+01
7.4845e-01  4.5912e+01
7.5363e-01  4.6546e+01
7.5881e-01  4.6046e+01
7.6399e-01  4.7064e+01
7.6917e-01  4.7562e+01
7.7435e-01  4.8684e+01
7.7953e-01  4.7983e+01
7.8471e-01  4.8259e+01
7.8989e-01  4.9184e+01
7.9507e-01  4.8626e+01
8.0025e-01  5.1064e+01
8.0543e-01  5.0700e+01
8.1061e-01  5.0174e+01
8.1579e-01  5.0219e+01
8.2097e-01  5.3473e+01
8.2615e-01  5.2200e+01
8.3133e-01  5.1625e+01
8.3650e-01  5.3583e+01
8.4168e-01  5.5651e+01
8.4686e-01  5.5021e+01
8.5204e-01  5.4090e+01
8.5722e-01  5.5815e+01
8.6240e-01  5.6176e+01
8.6758e-01  5.6802e+01
8.7276e-01  5.6967e+01
8.7794e-01  5.7558e+01
8.8312e-01  5.7349e+01
8.8830e-01  5.7674e+01
8.9348e-01  5.8230e+01
8.9866e-01  5.8837e+01
9.0384e-01  5.8644e+01
9.0901e-01  5.9464e+01
9.1419e-01  6.0476e+01
9.1937e-01  6.1304e+01
9.2455e-01  6.1291e+01
9.2973e-01  6.1744e+01
9.3491e-01  6.2375e+01
9.4009e-01  6.2296e+01
9.4527e-01  6.2520e+01
9.5045e-01  6.3273e+01
9.5563e-01  6.3551e+01
9.6081e-01  6.3366e+01
9.6599e-01  6.3594e+01
9.7116e-01  6.4425e+01
9.7634e-01  6.4587e+01
9.8152e-01  6.4344e+01
9.8670e-01  6.4540e+01
9.9188e-01  6.4373e+01
9.9706e-01  6.4169e+01
1.0022e+00  6.4117e+01
1.0074e+00  6.4004e+01
1.0126e+00  6.4075e+01
1.0178e+00  6.4067e+01
1.0230e+00  6.4240e+01
1.0281e+00  6.3838e+01
1.0333e+00  6.3654e+01
1.0385e+00  6.3929e+01
1.0437e+00  6.3799e+01
1.0488e+00  6.3646e+01
1.0540e+00  6.3445e+01
1.0592e+00  6.3522e+01
1.0644e+00  6.3331e+01
1.0696e+00  6.3377e+01
1.0747e+00  6.3274e+01
1.0799e+00  6.2916e+01
1.0851e+00  6.2861e+01
1.0903e+00  6.2721e+01
1.0955e+00  6.2718e+01
1.1006e+00  6.2404e+01
1.1058e+00  6.2499e+01
1.1110e+00  6.2276e+01
1.1162e+00  6.1929e+01
1.1214e+00  6.2127e+01
1.1265e+00  6.2101e+01
1.1317e+00  6.1826e+01
1.1369e+00  6.1890e+01
1.1421e+00  6.1740e+01
1.1472e+00  6.1726e+01
1.1524e+00  6.1841e+01
1.1576e+00  6.1615e+01
1.1628e+00  6.1266e+01
1.1680e+00  6.1316e+01
1.1731e+00  6.1437e+01
1.1783e+00  6.1117e+01
1.1835e+00  6.1465e+01
1.1887e+00  6.1204e+01
1.1939e+00  6.1150e+01
1.1990e+00  6.1265e+01
1.2042e+00  6.1168e+01
1.2094e+00  6.1227e+01
1.2146e+00  6.1160e+01
1.2197e+00  6.1201e+01
1.2249e+00  6.1176e+01
1.2301e+00  6.1090e+01
1.2353e+00  6.1273e+01
1.2405e+00  6.0889e+01
1.2456e+00  6.1300e+01
1.2508e+00  6.1260e+01
1.2560e+00  6.1478e+01
1.2612e+00  6.1432e+01
1.2664e+00  6.1585e+01
1.2715e+00  6.1835e+01
1.2767e+00  6.1915e+01
1.2819e+00  6.2109e+01
1.2871e+00  6.2194e+01
1.2922e+00  6.2321e+01
1.2974e+00  6.2345e+01
1.3026e+00  6.2867e+01
1.3078e+00  6.2853e+01
1.3130e+00  6.3063e+01
1.3181e+00  6.3403e+01
1.3233e+00  6.3241e+01
1.3285e+00  6.3618e+01
1.3337e+00  6.3573e+01
1.3389e+00  6.4163e+01
1.3440e+00  6.3830e+01
1.3492e+00  6.3908e+01
1.3544e+00  6.3910e+01
1.3596e+00  6.4087e+01
1.3647e+00  6.3864e+01
1.3699e+00  6.3542e+01
1.3751e+00  6.3455e+01
1.3803e+00  6.3498e+01
1.3855e+00  6.3030e+01
1.3906e+00  6.3241e+01
1.3958e+00  6.2739e+01
1.4010e+00  6.2918e+01
1.4062e+00  6.2588e+01
1.4113e+00  6.2525e+01
1.4165e+00  6.2305e+01
1.4217e+00  6.2166e+01
1.4269e+00  6.1916e+01
1.4321e+00  6.2070e+01
1.4372e+00  6.1723e+01
1.4424e+00  6.1617e+01
1.4476e+00  6.1695e+01
1.4528e+00  6.1574e+01
1.4579e+00  6.1641e+01
1.4631e+00  6.1462e+01
1.4683e+00  6.1372e+01
1.4735e+00  6.1363e+01
1.4787e+00  6.1397e+01
1.4838e+00  6.1252e+01
1.4890e+00  6.1094e+01
1.4942e+00  6.0941e+01
1.4994e+00  6.0881e+01
1.5045e+00  6.0679e+01
1.5097e+00  6.0745e+01
1.5149e+00  6.0915e+01
1.5201e+00  6.0558e+01
1.5253e+00  6.0260e+01
1.5304e+00  6.0434e+01
1.5356e+00  6.0288e+01
1.5408e+00  6.0231e+01
1.5460e+00  6.0236e+01
1.5511e+00  6.0015e+01
1.5563e+00  6.0035e+01
1.5615e+00  5.9925e+01
1.5667e+00  5.9824e+01
1.5719e+00  5.9849e+01
1.5770e+00  5.9633e+01
1.5822e+00  5.9936e+01
1.5874e+00  5.9705e+01
1.5926e+00  5.9743e+01
1.5977e+00  5.9769e+01
1.6029e+00  5.9894e+01
1.6081e+00  5.9741e+01
1.6133e+00  5.9729e+01
1.6184e+00  5.9813e+01
1.6236e+00  5.9654e+01
1.6288e+00  5.9936e+01
1.6340e+00  5.9853e+01
1.6392e+00  6.0020e+01
1.6443e+00  5.9966e+01
1.6495e+00  5.9744e+01
1.6547e+00  6.0170e+01
1.6599e+00  6.0309e+01
1.6650e+00  6.0211e+01
1.6702e+00  6.0336e+01
1.6754e+00  6.0453e+01
1.6806e+00  6.0264e+01
1.6857e+00  6.0433e+01
1.6909e+00  6.0559e+01
1.6961e+00  6.0706e+01
1.7013e+00  6.0517e+01
1.7065e+00  6.0432e+01
1.7116e+00  6.0639e+01
1.7168e+00  6.0876e+01
1.7220e+00  6.0529e+01
1.7272e+00  6.0999e+01
1.7323e+00  6.0719e+01
1.7375e+00  6.0739e+01
1.7427e+00  6.0993e+01
1.7479e+00  6.0793e+01
1.7530e+00  6.0936e+01
1.7582e+00  6.1042e+01
1.7634e+00  6.1359e+01
1.7686e+00  6.0918e+01
1.7738e+00  6.1011e+01
1.7789e+00  6.0918e+01
1.7841e+00  6.1136e+01
1.7893e+00  6.1059e+01
1.7945e+00  6.1061e+01
1.7996e+00  6.1033e+01
1.8048e+00  6.0952e+01
1.8100e+00  6.0934e+01
1.8152e+00  6.0903e+01
1.8203e+00  6.0727e+01
1.8255e+00  6.0550e+01
1.8307e+00  6.0208e+01
1.8359e+00  6.0547e+01
1.8410e+00  6.0388e+01
1.8462e+00  6.0124e+01
1.8514e+00  6.0021e+01
1.8566e+00  5.9817e+01
1.8618e+00  5.9946e+01
1.8669e+00  5.9696e+01
1.8721e+00  5.9774e+01
1.8773e+00  5.9603e+01
1.8825e+00  5.9729e+01
1.8876e+00  5.9326e+01
1.8928e+00  5.9476e+01
1.8980e+00  5.9592e+01
1.9032e+00  5.9605e+01
1.9083e+00  5.9751e+01
1.9135e+00  5.9678e+01
1.9187e+00  5.9403e+01
1.9239e+00  5.9587e+01
1.9290e+00  5.9702e+01
1.9342e+00  5.9620e+01
1.9394e+00  5.9775e+01
1.9446e+00  5.9796e+01
1.9497e+00  6.0031e+01
1.9549e+00  6.0063e+01
1.9601e+00  5.9893e+01
1.9653e+00  5.9857e+01
1.9704e+00  5.9991e+01
1.9756e+00  5.9937e+01
1.9808e+00  5.9799e+01
1.9860e+00  5.9977e+01
1.9911e+00  5.9878e+01
1.9963e+00  5.9885e+01
2.0015e+00  5.9654e+01
2.0067e+00  5.9496e+01
2.0118e+00  5.9699e+01
2.0170e+00  5.9628e+01
2.0222e+00  5.9575e+01
2.0274e+00  5.9290e+01
2.0325e+00  5.9081e+01
2.0377e+00  5.8978e+01
2.0429e+00  5.9077e+01
2.0481e+00  5.9029e+01
2.0532e+00  5.8830e+01
2.0584e+00  5.8535e+01
2.0636e+00  5.8933e+01
2.0688e+00  5.8626e+01
2.0740e+00  5.8445e+01
2.0791e+00  5.8500e+01
2.0843e+00  5.8477e+01
2.0895e+00  5.8357e+01
2.0947e+00  5.8424e+01
2.0998e+00  5.8625e+01
2.1050e+00  5.8499e+01
2.1102e+00  5.8190e+01
2.1153e+00  5.8469e+01
2.1205e+00  5.8232e+01
2.1257e+00  5.8171e+01
2.1309e+00  5.8110e+01
2.1360e+00  5.8128e+01
2.1412e+00  5.8048e+01
2.1464e+00  5.7982e+01
2.1516e+00  5.8177e+01
2.1567e+00  5.7863e+01
2.1619e+00  5.7862e+01
2.1671e+00  5.7666e+01
2.1723e+00  5.7769e+01
2.1774e+00  5.7453e+01
2.1826e+00  5.7501e+01
2.1878e+00  5.7540e+01
2.1930e+00  5.7459e+01
2.1981e+00  5.7459e+01
2.2033e+00  5.7480e+01
2.2085e+00  5.7380e+01
2.2137e+00  5.7293e+01
2.2188e+00  5.7413e+01
2.2240e+00  5.7198e+01
2.2292e+00  5.7246e+01
2.2344e+00  5.7149e+01
2.2395e+00  5.7045e+01
2.2447e+00  5.7163e+01
2.2499e+00  5.7049e+01
2.2551e+00  5.7180e+01
2.2602e+00  5.6811e+01
2.2654e+00  5.7168e+01
2.2706e+00  5.7409e+01
2.2758e+00  5.7824e+01
2.2809e+00  5.8378e+01
2.2861e+00  5.8138e+01
2.2913e+00  5.7484e+01
2.2964e+00  5.6921e+01
2.3016e+00  5.6550e+01
2.3068e+00  5.6365e+01
2.3120e+00  5.6507e+01
2.3171e+00  5.6341e+01
2.3223e+00  5.6311e+01
2.3275e+00  5.5997e+01
2.3327e+00  5.6218e+01
2.3378e+00  5.6146e+01
2.3430e+00  5.5674e+01
2.3482e+00  5.5826e+01
2.3534e+00  5.5883e+01
2.3585e+00  5.5744e+01
2.3637e+00  5.5790e+01
2.3689e+00  5.5601e+01
2.3741e+00  5.5550e+01
2.3792e+00  5.5639e+01
2.3844e+00  5.5595e+01
2.3896e+00  5.5528e+01
2.3947e+00  5.5333e+01
2.3999e+00  5.5322e+01
2.4051e+00  5.5285e+01
2.4103e+00  5.5306e+01
2.4154e+00  5.5216e+01
2.4206e+00  5.5628e+01
2.4258e+00  5.5880e+01
2.4310e+00  5.6410e+01
2.4361e+00  5.6133e+01
2.4413e+00  5.5874e+01
2.4465e+00  5.5413e+01
2.4516e+00  5.4959e+01
2.4568e+00  5.4913e+01
2.4620e+00  5.5053e+01
2.4672e+00  5.4889e+01
2.4723e+00  5.4994e+01
2.4775e+00  5.5258e+01
2.4827e+00  5.4964e+01
2.4879e+00  5.4907e+01
2.4930e+00  5.4907e+01
2.4982e+00  5.4972e+01
2.5034e+00  5.4753e+01
2.5085e+00  5.4965e+01
2.5137e+00  5.5210e+01
2.5189e+00  5.5308e+01
2.5241e+00  5.5541e+01
2.5292e+00  5.6033e+01
2.5344e+00  5.6205e+01
2.5396e+00  5.6386e+01
2.5448e+00  5.7130e+01
2.5499e+00  5.7936e+01
2.5551e+00  6.0008e+01
2.5603e+00  6.4473e+01
2.5654e+00  8.3790e+01
2.5706e+00  1.5267e+02
2.5758e+00  3.4183e+02
2.5810e+00  7.3763e+02
2.5861e+00  1.0497e+03
2.5913e+00  9.2267e+02
2.5965e+00  4.9488e+02
2.6016e+00  1.9289e+02
2.6068e+00  9.1232e+01
2.6120e+00  6.7162e+01
2.6172e+00  6.0849e+01
2.6223e+00  5.8448e+01
2.6275e+00  5.7210e+01
2.6327e+00  5.6222e+01
2.6378e+00  5.5773e+01
2.6430e+00  5.5195e+01
2.6482e+00  5.4801e+01
2.6534e+00  5.4683e+01
2.6585e+00  5.4345e+01
2.6637e+00  5.4205e+01
2.6689e+00  5.3877e+01
2.6740e+00  5.3668e+01
2.6792e+00  5.3258e+01
2.6844e+00  5.3239e+01
2.6896e+00  5.3102e+01
2.6947e+00  5.2865e+01
2.6999e+00  5.3002e+01
2.7051e+00  5.3102e+01
2.7102e+00  5.3028e+01
2.7154e+00  5.2959e+01
2.7206e+00  5.2654e+01
2.7258e+00  5.2442e+01
2.7309e+00  5.2953e+01
2.7361e+00  5.3228e+01
2.7413e+00  5.3351e+01
2.7464e+00  5.3756e+01
2.7516e+00  5.3580e+01
2.7568e+00  5.3454e+01
2.7619e+00  5.2972e+01
2.7671e+00  5.2233e+01
2.7723e+00  5.1513e+01
2.7775e+00  5.1223e+01
2.7826e+00  5.0979e+01
2.7878e+00  5.0619e+01
2.7930e+00  5.0500e+01
2.7981e+00  5.0635e+01
2.8033e+00  5.0621e+01
2.8085e+00  5.0800e+01
2.8137e+00  5.0862e+01
2.8188e+00  5.1431e+01
2.8240e+00  5.2824e+01
2.8292e+00  5.5128e+01
2.8343e+00  5.6646e+01
2.8395e+00  5.6067e+01
2.8447e+00  5.3680e+01
2.8498e+00  5.1465e+01
2.8550e+00  4.9824e+01
2.8602e+00  4.9232e+01
2.8654e+00  4.8962e+01
2.8705e+00  4.8839e+01
2.8757e+00  4.8470e+01
2.8809e+00  4.8408e+01
2.8860e+00  4.8290e+01
2.8912e+00  4.8200e+01
2.8964e+00  4.8143e+01
2.9015e+00  4.8077e+01
2.9067e+00  4.7890e+01
2.9119e+00  4.7845e+01
2.9170e+00  4.7943e+01
2.9222e+00  4.8086e+01
2.9274e+00  4.8119e+01
2.9326e+00  4.7837e+01
2.9377e+00  4.7707e+01
2.9429e+00  4.7515e+01
2.9481e+00  4.7603e+01
2.9532e+00  4.7599e+01
2.9584e+00  4.7455e+01
2.9636e+00  4.7452e+01
2.9687e+00  4.7620e+01
2.9739e+00  4.7011e+01
2.9791e+00  4.7027e+01
2.9842e+00  4.6992e+01
2.9894e+00  4.6953e+01
2.9946e+00  4.6838e+01
2.9998e+00  4.7108e+01
3.0049e+00  4.6926e+01
3.0101e+00  4.6783e+01
3.0153e+00  4.6661e+01
3.0204e+00  4.6789e+01
3.0256e+00  4.6867e+01
3.0308e+00  4.6783e+01
3.0359e+00  4.6559e+01
3.0411e+00  4.6803e+01
3.0463e+00  4.6738e+01
3.0514e+00  4.6648e+01
3.0566e+00  4.7009e+01
3.0618e+00  4.7231e+01
3.0669e+00  4.7468e+01
3.0721e+00  4.7752e+01
3.0773e+00  4.8052e+01
3.0824e+00  4.8352e+01
3.0876e+00  4.8429e+01
3.0928e+00  4.8167e+01
3.0979e+00  4.7749e+01
3.1031e+00  4.6999e+01
3.1083e+00  4.6898e+01
3.1135e+00  4.6893e+01
3.1186e+00  4.6753e+01
3.1238e+00  4.6758e+01
3.1290e+00  4.6839e+01
3.1341e+00  4.6695e+01
3.1393e+00  4.6848e+01
3.1445e+00  4.6765e+01
3.1496e+00  4.6817e+01
3.1548e+00  4.6993e+01
3.1600e+00  4.6961e+01
3.1651e+00  4.7247e+01
3.1703e+00  4.7293e+01
3.1755e+00  4.7576e+01
3.1806e+00  4.7639e+01
3.1858e+00  4.7731e+01
3.1910e+00  4.7701e+01
3.1961e+00  4.7630e+01
3.2013e+00  4.7739e+01
3.2065e+00  4.7702e+01
3.2116e+00  4.7902e+01
3.2168e+00  4.7873e+01
3.2220e+00  4.7785e+01
3.2271e+00  4.7234e+01
3.2323e+00  4.6774e+01
3.2375e+00  4.6515e+01
3.2426e+00  4.6146e+01
3.2478e+00  4.5846e+01
3.2530e+00  4.5600e+01
3.2581e+00  4.5433e+01
3.2633e+00  4.5053e+01
3.2685e+00  4.4910e+01
3.2736e+00  4.4710e+01
3.2788e+00  4.4651e+01
3.2840e+00  4.4423e+01
3.2891e+00  4.4251e+01
3.2943e+00  4.4217e+01
3.2995e+00  4.4183e+01
3.3046e+00  4.4144e+01
3.3098e+00  4.3848e+01
3.3150e+00  4.3766e+01
3.3201e+00  4.3860e+01
3.3253e+00  4.3829e+01
3.3305e+00  4.3695e+01
3.3356e+00  4.3416e+01
3.3408e+00  4.3354e+01
3.3460e+00  4.3186e+01
3.3511e+00  4.2946e+01
3.3563e+00  4.2852e+01
3.3615e+00  4.2919e+01
3.3666e+00  4.2677e+01
3.3718e+00  4.2563e+01
3.3769e+00  4.2528e+01
3.3821e+00  4.2524e+01
3.3873e+00  4.2559e+01
3.3924e+00  4.2378e+01
3.3976e+00  4.2299e+01
3.4028e+00  4.2046e+01
3.4079e+00  4.2268e+01
3.4131e+00  4.2407e+01
3.4183e+00  4.2408e+01
3.4234e+00  4.2295e+01
3.4286e+00  4.2547e+01
3.4338e+00  4.2942e+01
3.4389e+00  4.3182e+01
3.4441e+00  4.3381e+01
3.4493e+00  4.3652e+01
3.4544e+00  4.3700e+01
3.4596e+00  4.3677e+01
3.4647e+00  4.3397e+01
3.4699e+00  4.2679e+01
3.4751e+00  4.2051e+01
3.4802e+00  4.1631e+01
3.4854e+00  4.1337e+01
3.4906e+00  4.1325e+01
3.4957e+00  4.1095e+01
3.5009e+00  4.1050e+01
3.5061e+00  4.1075e+01
3.5112e+00  4.1172e+01
3.5164e+00  4.1371e+01
3.5216e+00  4.1359e+01
3.5267e+00  4.1485e+01
3.5319e+00  4.1290e+01
3.5370e+00  4.1347e+01
3.5422e+00  4.1337e+01
3.5474e+00  4.1280e+01
3.5525e+00  4.1166e+01
3.5577e+00  4.1011e+01
3.5629e+00  4.0853e+01
3.5680e+00  4.0891e+01
3.5732e+00  4.0986e+01
3.5784e+00  4.1061e+01
3.5835e+00  4.1270e+01
3.5887e+00  4.1453e+01
3.5938e+00  4.1975e+01
3.5990e+00  4.2325e+01
3.6042e+00  4.3098e+01
3.6093e+00  4.3882e+01
3.6145e+00  4.4831e+01
3.6197e+00  4.6715e+01
3.6248e+00  4.9757e+01
3.6300e+00  5.6106e+01
3.6351e+00  7.8222e+01
3.6403e+00  1.6053e+02
3.6455e+00  4.0395e+02
3.6506e+00  8.9246e+02
3.6558e+00  1.4438e+03
3.6610e+00  1.5305e+03
3.6661e+00  1.0602e+03
3.6713e+00  4.7429e+02
3.6764e+00  1.6852e+02
3.6816e+00  7.7623e+01
3.6868e+00  5.6591e+01
3.6919e+00  4.9957e+01
3.6971e+00  4.6850e+01
3.7023e+00  4.4788e+01
3.7074e+00  4.3717e+01
3.7126e+00  4.2557e+01
3.7177e+00  4.1827e+01
3.7229e+00  4.1014e+01
3.7281e+00  4.0679e+01
3.7332e+00  4.0216e+01
3.7384e+00  3.9628e+01
3.7436e+00  3.9267e+01
3.7487e+00  3.9039e+01
3.7539e+00  3.8518e+01
3.7590e+00  3.8279e+01
3.7642e+00  3.8133e+01
3.7694e+00  3.7961e+01
3.7745e+00  3.7757e+01
3.7797e+00  3.7659e+01
3.7848e+00  3.7400e+01
3.7900e+00  3.7180e+01
3.7952e+00  3.6936e+01
3.8003e+00  3.7093e+01
3.8055e+00  3.6978e+01
3.8107e+00  3.6582e+01
3.8158e+00  3.6675e+01
3.8210e+00  3.6656e+01
3.8261e+00  3.6462e+01
3.8313e+00  3.6518e+01
3.8365e+00  3.6504e+01
3.8416e+00  3.6790e+01
3.8468e+00  3.7033e+01
3.8519e+00  3.7461e+01
3.8571e+00  3.7981e+01
3.8623e+00  3.8266e+01
3.8674e+00  3.8055e+01
3.8726e+00  3.7462e+01
3.8777e+00  3.6756e+01
3.8829e+00  3.6334e+01
3.8881e+00  3.6169e+01
3.8932e+00  3.6001e+01
3.8984e+00  3.5790e+01
3.9035e+00  3.6047e+01
3.9087e+00  3.6154e+01
3.9139e+00  3.5919e+01
3.9190e+00  3.5823e+01
3.9242e+00  3.5771e+01
3.9293e+00  3.5630e+01
3.9345e+00  3.5654e+01
3.9397e+00  3.5521e+01
3.9448e+00  3.5841e+01
3.9500e+00  3.5653e+01
3.9551e+00  3.6008e+01
3.9603e+00  3.6206e+01
3.9655e+00  3.6279e+01
3.9706e+00  3.6487e+01
3.9758e+00  3.7006e+01
3.9809e+00  3.7426e+01
3.9861e+00  3.8112e+01
3.9912e+00  3.9671e+01
3.9964e+00  4.2223e+01
4.0016e+00  4.5765e+01
4.0067e+00  4.8908e+01
4.0119e+00  5.0114e+01
4.0170e+00  4.8114e+01
4.0222e+00  4.3822e+01
4.0274e+00  4.0399e+01
4.0325e+00  3.8368e+01
4.0377e+00  3.7462e+01
4.0428e+00  3.7462e+01
4.0480e+00  3.7540e+01
4.0531e+00  3.7726e+01
4.0583e+00  3.7864e+01
4.0635e+00  3.8186e+01
4.0686e+00  3.8867e+01
4.0738e+00  3.9265e+01
4.0789e+00  3.9466e+01
4.0841e+00  3.8891e+01
4.0893e+00  3.8051e+01
4.0944e+00  3.6752e+01
4.0996e+00  3.5997e+01
4.1047e+00  3.5383e+01
4.1099e+00  3.4862e+01
4.1150e+00  3.4691e+01
4.1202e+00  3.4386e+01
4.1254e+00  3.4137e+01
4.1305e+00  3.4127e+01
4.1357e+00  3.3876e+01
4.1408e+00  3.3858e+01
4.1460e+00  3.3674e+01
4.1511e+00  3.3749e+01
4.1563e+00  3.3525e+01
4.1615e+00  3.3460e+01
4.1666e+00  3.3539e+01
4.1718e+00  3.3562e+01
4.1769e+00  3.3515e+01
4.1821e+00  3.3394e+01
4.1872e+00  3.3582e+01
4.1924e+00  3.3700e+01
4.1976e+00  3.3595e+01
4.2027e+00  3.3910e+01
4.2079e+00  3.4384e+01
4.2130e+00  3.5078e+01
4.2182e+00  3.5407e+01
4.2233e+00  3.5225e+01
4.2285e+00  3.4780e+01
4.2336e+00  3.4223e+01
4.2388e+00  3.3832e+01
4.2440e+00  3.3554e+01
4.2491e+00  3.3348e+01
4.2543e+00  3.3101e+01
4.2594e+00  3.3275e+01
4.2646e+00  3.3255e+01
4.2697e+00  3.3025e+01
4.2749e+00  3.3221e+01
4.2800e+00  3.3263e+01
4.2852e+00  3.3096e+01
4.2904e+00  3.3283e+01
4.2955e+00  3.3117e+01
4.3007e+00  3.3185e+01
4.3058e+00  3.3434e+01
4.3110e+00  3.3946e+01
4.3161e+00  3.4721e+01
4.3213e+00  3.5589e+01
4.3264e+00  3.6238e+01
4.3316e+00  3.6051e+01
4.3368e+00  3.5400e+01
4.3419e+00  3.4490e+01
4.3471e+00  3.3769e+01
4.3522e+00  3.3316e+01
4.3574e+00  3.2976e+01
4.3625e+00  3.3285e+01
4.3677e+00  3.3038e+01
4.3728e+00  3.3061e+01
4.3780e+00  3.2979e+01
4.3831e+00  3.3120e+01
4.3883e+00  3.3066e+01
4.3934e+00  3.2846e+01
4.3986e+00  3.3224e+01
4.4038e+00  3.3421e+01
4.4089e+00  3.3513e+01
4.4141e+00  3.3642e+01
4.4192e+00  3.3925e+01
4.4244e+00  3.4199e+01
4.4295e+00  3.4608e+01
4.4347e+00  3.5163e+01
4.4398e+00  3.6055e+01
4.4450e+00  3.6925e+01
4.4501e+00  3.9422e+01
4.4553e+00  4.6284e+01
4.4604e+00  6.9856e+01
4.4656e+00  1.3826e+02
4.4707e+00  3.0729e+02
4.4759e+00  5.3804e+02
4.4811e+00  6.6455e+02
4.4862e+00  5.8904e+02
4.4914e+00  3.5003e+02
4.4965e+00  1.5154e+02
4.5017e+00  6.8418e+01
4.5068e+00  4.5476e+01
4.5120e+00  4.0015e+01
4.5171e+00  3.7990e+01
4.5223e+00  3.6822e+01
4.5274e+00  3.5884e+01
4.5326e+00  3.4775e+01
4.5377e+00  3.4332e+01
4.5429e+00  3.3932e+01
4.5480e+00  3.3528e+01
4.5532e+00  3.3249e+01
4.5583e+00  3.3096e+01
4.5635e+00  3.2937e+01
4.5686e+00  3.2745e+01
4.5738e+00  3.2600e+01
4.5789e+00  3.2415e+01
4.5841e+00  3.2294e+01
4.5892e+00  3.2210e+01
4.5944e+00  3.2093e+01
4.5996e+00  3.1987e+01
4.6047e+00  3.1771e+01
4.6099e+00  3.2054e+01
4.6150e+00  3.1715e+01
4.6202e+00  3.1652e+01
4.6253e+00  3.1737e+01
4.6305e+00  3.1602e+01
4.6356e+00  3.1614e+01
4.6408e+00  3.1463e+01
4.6459e+00  3.1470e+01
4.6511e+00  3.1449e+01
4.6562e+00  3.1415e+01
4.6614e+00  3.1507e+01
4.6665e+00  3.1512e+01
4.6717e+00  3.1470e+01
4.6768e+00  3.1603e+01
4.6820e+00  3.2002e+01
4.6871e+00  3.2405e+01
4.6923e+00  3.2552e+01
4.6974e+00  3.2662e+01
4.7026e+00  3.2337e+01
4.7077e+00  3.1904e+01
4.7129e+00  3.1421e+01
4.7180e+00  3.1244e+01
4.7232e+00  3.1109e+01
4.7283e+00  3.0901e+01
4.7335e+00  3.0999e+01
4.7386e+00  3.0952e+01
4.7438e+00  3.0928e+01
4.7489e+00  3.0926e+01
4.7541e+00  3.0818e+01
4.7592e+00  3.0988e+01
4.7644e+00  3.1014e+01
4.7695e+00  3.0876e+01
4.7747e+00  3.0891e+01
4.7798e+00  3.0717e+01
4.7850e+00  3.0753e+01
4.7901e+00  3.0865e+01
4.7952e+00  3.0836e+01
4.8004e+00  3.0806e+01
4.8055e+00  3.0894e+01
4.8107e+00  3.0902e+01
4.8158e+00  3.0926e+01
4.8210e+00  3.1078e+01
4.8261e+00  3.1183e+01
4.8313e+00  3.1006e+01
4.8364e+00  3.1220e+01
4.8416e+00  3.1310e+01
4.8467e+00  3.1453e+01
4.8519e+00  3.1274e+01
4.8570e+00  3.1453e+01
4.8622e+00  3.1679e+01
4.8673e+00  3.1653e+01
4.8725e+00  3.1965e+01
4.8776e+00  3.2011e+01
4.8828e+00  3.2091e+01
4.8879e+00  3.2087e+01
4.8931e+00  3.2896e+01
4.8982e+00  3.4130e+01
4.9034e+00  3.5391e+01
4.9085e+00  3.6676e+01
4.9136e+00  3.6855e+01
4.9188e+00  3.5870e+01
4.9239e+00  3.4407e+01
4.9291e+00  3.3138e+01
4.9342e+00  3.2100e+01
4.9394e+00  3.1382e+01
4.9445e+00  3.1284e+01
4.9497e+00  3.1184e+01
4.9548e+00  3.1003e+01
4.9600e+00  3.0920e+01
4.9651e+00  3.0974e+01
4.9703e+00  3.0840e+01
4.9754e+00  3.0742e+01
4.9805e+00  3.0799e+01
4.9857e+00  3.0822e+01
4.9908e+00  3.0577e+01
4.9960e+00  3.0619e+01
5.0011e+00  3.0621e+01
5.0063e+00  3.0745e+01
5.0114e+00  3.0826e+01
5.0166e+00  3.1203e+01
5.0217e+00  3.1299e+01
5.0269e+00  3.1385e+01
5.0320e+00  3.1252e+01
5.0372e+00  3.1210e+01
5.0423e+00  3.0943e+01
5.0474e+00  3.0881e+01
5.0526e+00  3.0974e+01
5.0577e+00  3.0841e+01
5.0629e+00  3.0917e+01
5.0680e+00  3.1808e+01
5.0732e+00  3.2294e+01
5.0783e+00  3.3023e+01
5.0835e+00  3.3482e+01
5.0886e+00  3.3325e+01
5.0937e+00  3.2825e+01
5.0989e+00  3.2042e+01
5.1040e+00  3.1496e+01
5.1092e+00  3.1515e+01
5.1143e+00  3.1207e+01
5.1195e+00  3.1303e+01
5.1246e+00  3.1584e+01
5.1297e+00  3.1836e+01
5.1349e+00  3.2281e+01
5.1400e+00  3.3316e+01
5.1452e+00  3.5551e+01
5.1503e+00  4.1384e+01
5.1555e+00  6.0954e+01
5.1606e+00  1.1419e+02
5.1658e+00  2.1553e+02
5.1709e+00  3.2037e+02
5.1760e+00  3.5445e+02
5.1812e+00  2.9542e+02
5.1863e+00  1.7699e+02
5.1915e+00  8.2838e+01
5.1966e+00  4.5453e+01
5.2018e+00  3.5965e+01
5.2069e+00  3.3274e+01
5.2120e+00  3.2400e+01
5.2172e+00  3.1867e+01
5.2223e+00  3.1483e+01
5.2275e+00  3.1442e+01
5.2326e+00  3.1022e+01
5.2377e+00  3.0971e+01
5.2429e+00  3.0808e+01
5.2480e+00  3.0783e+01
5.2532e+00  3.0689e+01
5.2583e+00  3.0681e+01
5.2635e+00  3.0778e+01
5.2686e+00  3.0879e+01
5.2737e+00  3.0866e+01
5.2789e+00  3.0976e+01
5.2840e+00  3.0898e+01
5.2892e+00  3.0718e+01
5.2943e+00  3.0668e+01
5.2994e+00  3.0739e+01
5.3046e+00  3.0557e+01
5.3097e+00  3.0497e+01
5.3149e+00  3.0648e+01
5.3200e+00  3.0910e+01
5.3252e+00  3.1197e+01
5.3303e+00  3.1595e+01
5.3354e+00  3.2060e+01
5.3406e+00  3.1724e+01
5.3457e+00  3.1579e+01
5.3509e+00  3.1214e+01
5.3560e+00  3.0849e+01
5.3611e+00  3.0552e+01
5.3663e+00  3.0399e+01
5.3714e+00  3.0580e+01
5.3766e+00  3.0326e+01
5.3817e+00  3.0186e+01
5.3868e+00  3.0205e+01
5.3920e+00  3.0102e+01
5.3971e+00  3.0085e+01
5.4023e+00  3.0065e+01
5.4074e+00  3.0054e+01
5.4125e+00  2.9989e+01
5.4177e+00  2.9945e+01
5.4228e+00  3.0090e+01
5.4280e+00  2.9981e+01
5.4331e+00  3.0134e+01
5.4382e+00  3.0158e+01
5.4434e+00  3.0169e+01
5.4485e+00  3.0082e+01
5.4536e+00  3.0105e+01
5.4588e+00  3.0199e+01
5.4639e+00  3.0120e+01
5.4691e+00  3.0278e+01
5.4742e+00  3.0456e+01
5.4793e+00  3.0547e+01
5.4845e+00  3.0648e+01
5.4896e+00  3.0875e+01
5.4948e+00  3.1108e+01
5.4999e+00  3.1109e+01
5.5050e+00  3.1179e+01
5.5102e+00  3.1162e+01
5.5153e+00  3.0970e+01
5.5204e+00  3.0843e+01
5.5256e+00  3.0814e+01
5.5307e+00  3.0731e+01
5.5359e+00  3.0685e+01
5.5410e+00  3.0489e+01
5.5461e+00  3.0636e+01
5.5513e+00  3.0642e+01
5.5564e+00  3.0673e+01
5.5615e+00  3.0866e+01
5.5667e+00  3.0778e+01
5.5718e+00  3.0864e+01
5.5770e+00  3.0917e+01
5.5821e+00  3.1169e+01
5.5872e+00  3.1110e+01
5.5924e+00  3.1017e+01
5.5975e+00  3.1205e+01
5.6026e+00  3.0962e+01
5.6078e+00  3.0985e+01
5.6129e+00  3.0906e+01
5.6180e+00  3.0845e+01
5.6232e+00  3.0848e+01
5.6283e+00  3.0848e+01
5.6334e+00  3.0841e+01
5.6386e+00  3.1048e+01
5.6437e+00  3.1090e+01
5.6489e+00  3.1479e+01
5.6540e+00  3.2121e+01
5.6591e+00  3.3063e+01
5.6643e+00  3.3970e+01
5.6694e+00  3.5083e+01
5.6745e+00  3.5018e+01
5.6797e+00  3.4534e+01
5.6848e+00  3.3567e+01
5.6899e+00  3.2556e+01
5.6951e+00  3.1925e+01
5.7002e+00  3.1358e+01
5.7053e+00  3.1267e+01
5.7105e+00  3.1414e+01
5.7156e+00  3.1350e+01
5.7207e+00  3.1577e+01
5.7259e+00  3.1778e+01
5.7310e+00  3.2130e+01
5.7361e+00  3.2561e+01
5.7413e+00  3.3464e+01
5.7464e+00  3.4314e+01
5.7515e+00  3.6174e+01
5.7567e+00  4.1260e+01
5.7618e+00  5.7529e+01
5.7670e+00  1.0895e+02
5.7721e+00  2.4099e+02
5.7772e+00  4.6982e+02
5.7824e+00  6.7565e+02
5.7875e+00  7.3308e+02
5.7926e+00  6.2101e+02
5.7978e+00  3.7442e+02
5.8029e+00  1.6113e+02
5.8080e+00  6.9497e+01
5.8131e+00  4.4498e+01
5.8183e+00  3.7949e+01
5.8234e+00  3.5267e+01
5.8285e+00  3.4155e+01
5.8337e+00  3.2964e+01
5.8388e+00  3.2077e+01
5.8439e+00  3.1787e+01
5.8491e+00  3.1253e+01
5.8542e+00  3.0911e+01
5.8593e+00  3.0668e+01
5.8645e+00  3.0671e+01
5.8696e+00  3.0369e+01
5.8747e+00  3.0280e+01
5.8799e+00  3.0213e+01
5.8850e+00  2.9888e+01
5.8901e+00  2.9787e+01
5.8953e+00  2.9664e+01
5.9004e+00  2.9670e+01
5.9055e+00  2.9559e+01
5.9107e+00  2.9447e+01
5.9158e+00  2.9457e+01
5.9209e+00  2.9258e+01
5.9260e+00  2.9239e+01
5.9312e+00  2.9150e+01
5.9363e+00  2.9195e+01
5.9414e+00  2.9034e+01
5.9466e+00  2.9039e+01
5.9517e+00  2.9108e+01
5.9568e+00  2.9065e+01
5.9620e+00  2.8826e+01
5.9671e+00  2.9022e+01
5.9722e+00  2.8737e+01
5.9774e+00  2.8859e+01
5.9825e+00  2.8915e+01
5.9876e+00  2.8947e+01
5.9927e+00  2.8924e+01
5.9979e+00  2.8881e+01
6.0030e+00  2.8995e+01
6.0081e+00  2.8934e+01
6.0133e+00  2.9014e+01
6.0184e+00  2.9048e+01
6.0235e+00  2.9090e+01
6.0286e+00  2.8974e+01
6.0338e+00  2.9071e+01
6.0389e+00  2.9170e+01
6.0440e+00  2.9164e+01
6.0492e+00  2.9207e+01
6.0543e+00  2.9432e+01
6.0594e+00  2.9445e+01
6.0645e+00  2.9605e+01
6.0697e+00  2.9864e+01
6.0748e+00  2.9933e+01
6.0799e+00  3.0070e+01
6.0851e+00  3.0145e+01
6.0902e+00  3.0243e+01
6.0953e+00  3.0141e+01
6.1004e+00  3.0102e+01
6.1056e+00  2.9971e+01
6.1107e+00  2.9777e+01
6.1158e+00  2.9641e+01
6.1210e+00  2.9536e+01
6.1261e+00  2.9569e+01
6.1312e+00  2.9330e+01
6.1363e+00  2.9269e+01
6.1415e+00  2.9021e+01
6.1466e+00  2.8932e+01
6.1517e+00  2.8922e+01
6.1568e+00  2.8947e+01
6.1620e+00  2.8920e+01
6.1671e+00  2.8854e+01
6.1722e+00  2.9236e+01
6.1773e+00  2.9428e+01
6.1825e+00  2.9582e+01
6.1876e+00  2.9504e+01
6.1927e+00  2.9243e+01
6.1979e+00  2.9187e+01
6.2030e+00  2.8955e+01
6.2081e+00  2.8857e+01
6.2132e+00  2.8881e+01
6.2184e+00  2.8787e+01
6.2235e+00  2.8893e+01
6.2286e+00  2.9033e+01
6.2337e+00  2.8979e+01
6.2389e+00  2.8916e+01
6.2440e+00  2.8935e+01
6.2491e+00  2.9141e+01
6.2542e+00  2.9111e+01
6.2594e+00  2.9338e+01
6.2645e+00  2.9491e+01
6.2696e+00  2.9574e+01
6.2747e+00  2.9688e+01
6.2799e+00  2.9781e+01
6.2850e+00  2.9904e+01
6.2901e+00  3.0163e+01
6.2952e+00  3.0674e+01
6.3004e+00  3.1550e+01
6.3055e+00  3.3020e+01
6.3106e+00  3.7274e+01
6.3157e+00  5.0045e+01
6.3208e+00  8.7536e+01
6.3260e+00  1.7024e+02
6.3311e+00  2.8826e+02
6.3362e+00  3.7449e+02
6.3413e+00  3.8373e+02
6.3465e+00  3.1731e+02
6.3516e+00  1.9506e+02
6.3567e+00  9.2537e+01
6.3618e+00  4.9037e+01
6.3670e+00  3.6862e+01
6.3721e+00  3.3341e+01
6.3772e+00  3.1907e+01
6.3823e+00  3.1051e+01
6.3874e+00  3.0415e+01
6.3926e+00  3.0171e+01
6.3977e+00  2.9712e+01
6.4028e+00  2.9380e+01
6.4079e+00  2.9325e+01
6.4131e+00  2.9120e+01
6.4182e+00  2.9001e+01
6.4233e+00  2.9047e+01
6.4284e+00  2.8746e+01
6.4335e+00  2.8668e+01
6.4387e+00  2.8583e+01
6.4438e+00  2.8443e+01
6.4489e+00  2.8418e+01
6.4540e+00  2.8328e+01
6.4591e+00  2.8479e+01
6.4643e+00  2.8101e+01
6.4694e+00  2.8208e+01
6.4745e+00  2.8134e+01
6.4796e+00  2.8158e+01
6.4848e+00  2.8079e+01
6.4899e+00  2.7872e+01
6.4950e+00  2.8092e+01
6.5001e+00  2.7807e+01
6.5052e+00  2.7889e+01
6.5104e+00  2.7881e+01
6.5155e+00  2.7836e+01
6.5206e+00  2.7840e+01
6.5257e+00  2.7777e+01
6.5308e+00  2.7754e+01
6.5360e+00  2.7801e+01
6.5411e+00  2.7699e+01
6.5462e+00  2.7784e+01
6.5513e+00  2.7876e+01
6.5564e+00  2.7779e+01
6.5616e+00  2.7583e+01
6.5667e+00  2.7754e+01
6.5718e+00  2.7734e+01
6.5769e+00  2.7701e+01
6.5820e+00  2.7930e+01
6.5871e+00  2.7697e+01
6.5923e+00  2.7630e+01
6.5974e+00  2.7662e+01
6.6025e+00  2.7657e+01
6.6076e+00  2.7718e+01
6.6127e+00  2.7644e+01
6.6179e+00  2.7704e+01
6.6230e+00  2.7697e+01
6.6281e+00  2.7651e+01
6.6332e+00  2.7697e+01
6.6383e+00  2.7474e+01
6.6434e+00  2.7792e+01
6.6486e+00  2.7518e+01
6.6537e+00  2.7692e+01
6.6588e+00  2.7908e+01
6.6639e+00  2.7659e+01
6.6690e+00  2.7773e+01
6.6741e+00  2.7766e+01
6.6793e+00  2.7975e+01
6.6844e+00  2.7975e+01
6.6895e+00  2.8198e+01
6.6946e+00  2.8232e+01
6.6997e+00  2.8413e+01
6.7048e+00  2.8857e+01
6.7100e+00  2.9249e+01
6.7151e+00  2.9543e+01
6.7202e+00  2.9570e+01
6.7253e+00  2.9203e+01
6.7304e+00  2.8908e+01
6.7355e+00  2.8431e+01
6.7407e+00  2.8348e+01
6.7458e+00  2.8507e+01
6.7509e+00  2.8531e+01
6.7560e+00  2.8384e+01
6.7611e+00  2.8265e+01
6.7662e+00  2.8055e+01
6.7713e+00  2.7915e+01
6.7765e+00  2.7890e+01
6.7816e+00  2.7628e+01
6.7867e+00  2.7668e+01
6.7918e+00  2.7867e+01
6.7969e+00  2.7782e+01
6.8020e+00  2.7949e+01
6.8071e+00  2.8199e+01
6.8123e+00  2.8451e+01
6.8174e+00  2.8800e+01
6.8225e+00  2.8707e+01
6.8276e+00  2.8821e+01
6.8327e+00  2.8454e+01
6.8378e+00  2.8266e+01
6.8429e+00  2.8163e+01
6.8481e+00  2.7977e+01
6.8532e+00  2.7926e+01
6.8583e+00  2.7718e+01
6.8634e+00  2.7769e+01
6.8685e+00  2.7668e+01
6.8736e+00  2.7521e+01
6.8787e+00  2.7536e+01
6.8838e+00  2.7683e+01
6.8890e+00  2.7780e+01
6.8941e+00  2.7971e+01
6.8992e+00  2.7966e+01
6.9043e+00  2.8014e+01
6.9094e+00  2.8255e+01
6.9145e+00  2.8417e+01
6.9196e+00  2.8581e+01
6.9247e+00  2.8970e+01
6.9299e+00  2.9750e+01
6.9350e+00  3.0850e+01
6.9401e+00  3.1863e+01
6.9452e+00  3.2627e+01
6.9503e+00  3.2867e+01
6.9554e+00  3.2598e+01
6.9605e+00  3.2068e+01
6.9656e+00  3.1304e+01
6.9707e+00  3.0793e+01
6.9759e+00  3.0566e+01
6.9810e+00  3.0057e+01
6.9861e+00  2.9788e+01
6.9912e+00  2.9202e+01
6.9963e+00  2.8755e+01
7.0014e+00  2.8459e+01
7.0065e+00  2.8137e+01
7.0116e+00  2.8130e+01
7.0167e+00  2.7827e+01
7.0218e+00  2.7808e+01
7.0270e+00  2.7722e+01
7.0321e+00  2.7536e+01
7.0372e+00  2.7298e+01
7.0423e+00  2.7372e+01
7.0474e+00  2.7299e+01
7.0525e+00  2.7334e+01
7.0576e+00  2.7416e+01
7.0627e+00  2.7341e+01
7.0678e+00  2.7377e+01
7.0729e+00  2.7458e+01
7.0780e+00  2.7465e+01
7.0832e+00  2.7505e+01
7.0883e+00  2.7533e+01
7.0934e+00  2.7480e+01
7.0985e+00  2.7585e+01
7.1036e+00  2.7532e+01
7.1087e+00  2.7619e+01
7.1138e+00  2.7579e+01
7.1189e+00  2.7645e+01
7.1240e+00  2.7605e+01
7.1291e+00  2.7511e+01
7.1342e+00  2.7440e+01
7.1393e+00  2.7401e+01
7.1444e+00  2.7361e+01
7.1496e+00  2.7416e+01
7.1547e+00  2.7456e+01
7.1598e+00  2.7527e+01
7.1649e+00  2.7564e+01
7.1700e+00  2.7525e+01
7.1751e+00  2.7451e+01
7.1802e+00  2.7487e+01
7.1853e+00  2.7393e+01
7.1904e+00  2.7435e+01
7.1955e+00  2.7439e+01
7.2006e+00  2.7191e+01
7.2057e+00  2.7185e+01
7.2108e+00  2.7270e+01
7.2159e+00  2.7054e+01
7.2210e+00  2.7396e+01
7.2261e+00  2.7152e+01
7.2313e+00  2.7234e+01
7.2364e+00  2.7258e+01
7.2415e+00  2.7230e+01
7.2466e+00  2.7222e+01
7.2517e+00  2.7261e+01
7.2568e+00  2.7395e+01
7.2619e+00  2.7546e+01
7.2670e+00  2.7388e+01
7.2721e+00  2.7651e+01
7.2772e+00  2.7784e+01
7.2823e+00  2.8107e+01
7.2874e+00  2.8766e+01
7.2925e+00  3.0822e+01
7.2976e+00  3.6560e+01
7.3027e+00  5.1670e+01
7.3078e+00  8.4407e+01
7.3129e+00  1.2465e+02
7.3180e+00  1.5008e+02
7.3231e+00  1.5398e+02
7.3282e+00  1.3565e+02
7.3333e+00  9.7375e+01
7.3384e+00  5.7694e+01
7.3435e+00  3.7026e+01
7.3486e+00  3.0884e+01
7.3537e+00  2.8946e+01
7.3588e+00  2.8340e+01
7.3640e+00  2.8003e+01
7.3691e+00  2.7832e+01
7.3742e+00  2.7661e+01
7.3793e+00  2.7489e+01
7.3844e+00  2.7396e+01
7.3895e+00  2.7357e+01
7.3946e+00  2.7383e+01
7.3997e+00  2.7352e+01
7.4048e+00  2.7221e+01
7.4099e+00  2.7143e+01
7.4150e+00  2.7259e+01
7.4201e+00  2.7210e+01
7.4252e+00  2.7327e+01
7.4303e+00  2.7113e+01
7.4354e+00  2.7284e+01
7.4405e+00  2.7276e+01
7.4456e+00  2.7218e+01
7.4507e+00  2.7525e+01
7.4558e+00  2.7624e+01
7.4609e+00  2.7587e+01
7.4660e+00  2.7478e+01
7.4711e+00  2.7670e+01
7.4762e+00  2.7551e+01
7.4813e+00  2.7505e+01
7.4864e+00  2.7608e+01
7.4915e+00  2.7492e+01
7.4966e+00  2.7392e+01
7.5017e+00  2.7282e+01
7.5068e+00  2.7165e+01
7.5119e+00  2.7033e+01
7.5170e+00  2.6975e+01
7.5221e+00  2.7020e+01
7.5272e+00  2.6810e+01
7.5323e+00  2.6787e+01
7.5374e+00  2.6811e+01
7.5425e+00  2.6855e+01
7.5476e+00  2.6678e+01
7.5527e+00  2.6834e+01
7.5578e+00  2.6780e+01
7.5629e+00  2.6860e+01
7.5680e+00  2.6892e+01
7.5731e+00  2.6856e+01
7.5781e+00  2.6963e+01
7.5832e+00  2.6988e+01
7.5883e+00  2.7080e+01
7.5934e+00  2.7070e+01
7.5985e+00  2.7109e+01
7.6036e+00  2.7094e+01
7.6087e+00  2.6998e+01
7.6138e+00  2.7169e+01
7.6189e+00  2.7156e+01
7.6240e+00  2.7226e+01
7.6291e+00  2.7323e+01
7.6342e+00  2.7178e+01
7.6393e+00  2.7431e+01
7.6444e+00  2.7469e+01
7.6495e+00  2.7694e+01
7.6546e+00  2.8041e+01
7.6597e+00  2.8141e+01
7.6648e+00  2.8073e+01
7.6699e+00  2.7908e+01
7.6750e+00  2.7809e+01
7.6801e+00  2.7466e+01
7.6852e+00  2.7581e+01
7.6903e+00  2.7684e+01
7.6954e+00  2.7949e+01
7.7005e+00  2.8303e+01
7.7055e+00  2.8566e+01
7.7106e+00  2.9237e+01
7.7157e+00  2.9918e+01
7.7208e+00  3.0894e+01
7.7259e+00  3.1936e+01
7.7310e+00  3.3598e+01
7.7361e+00  3.7638e+01
7.7412e+00  5.0402e+01
7.7463e+00  8.8363e+01
7.7514e+00  1.7088e+02
7.7565e+00  2.8127e+02
7.7616e+00  3.5819e+02
7.7667e+00  3.7810e+02
7.7718e+00  3.4800e+02
7.7769e+00  2.6033e+02
7.7820e+00  1.4264e+02
7.7870e+00  6.5839e+01
7.7921e+00  3.9797e+01
7.7972e+00  3.3192e+01
7.8023e+00  3.0996e+01
7.8074e+00  2.9815e+01
7.8125e+00  2.9204e+01
7.8176e+00  2.9074e+01
7.8227e+00  2.9064e+01
7.8278e+00  2.8811e+01
7.8329e+00  2.8681e+01
7.8380e+00  2.8411e+01
7.8431e+00  2.8110e+01
7.8482e+00  2.7637e+01
7.8532e+00  2.7381e+01
7.8583e+00  2.6948e+01
7.8634e+00  2.7064e+01
7.8685e+00  2.6997e+01
7.8736e+00  2.6873e+01
7.8787e+00  2.6793e+01
7.8838e+00  2.6665e+01
7.8889e+00  2.6866e+01
7.8940e+00  2.6533e+01
7.8991e+00  2.6644e+01
7.9041e+00  2.6457e+01
7.9092e+00  2.6671e+01
7.9143e+00  2.6527e+01
7.9194e+00  2.6526e+01
7.9245e+00  2.6512e+01
7.9296e+00  2.6488e+01
7.9347e+00  2.6660e+01
7.9398e+00  2.6547e+01
7.9449e+00  2.6596e+01
7.9500e+00  2.6465e+01
7.9550e+00  2.6312e+01
7.9601e+00  2.6517e+01
7.9652e+00  2.6461e+01
7.9703e+00  2.6646e+01
7.9754e+00  2.6589e+01
7.9805e+00  2.6686e+01
7.9856e+00  2.6805e+01
7.9907e+00  2.6863e+01
7.9957e+00  2.6928e+01
8.0008e+00  2.7086e+01
8.0059e+00  2.7416e+01
8.0110e+00  2.7786e+01
8.0161e+00  2.8158e+01
8.0212e+00  2.8403e+01
8.0263e+00  2.8564e+01
8.0314e+00  2.8462e+01
8.0364e+00  2.8221e+01
8.0415e+00  2.7937e+01
8.0466e+00  2.7590e+01
8.0517e+00  2.7085e+01
8.0568e+00  2.6870e+01
8.0619e+00  2.6646e+01
8.0670e+00  2.6711e+01
8.0721e+00  2.6513e+01
8.0771e+00  2.6628e+01
8.0822e+00  2.6662e+01
8.0873e+00  2.6528e+01
8.0924e+00  2.6775e+01
8.0975e+00  2.6766e+01
8.1026e+00  2.6825e+01
8.1077e+00  2.6851e+01
8.1127e+00  2.7040e+01
8.1178e+00  2.7165e+01
8.1229e+00  2.7259e+01
8.1280e+00  2.7548e+01
8.1331e+00  2.7737e+01
8.1382e+00  2.7933e+01
8.1432e+00  2.8385e+01
8.1483e+00  2.9073e+01
8.1534e+00  3.0775e+01
8.1585e+00  3.4978e+01
8.1636e+00  4.8879e+01
8.1687e+00  8.6709e+01
8.1737e+00  1.5547e+02
8.1788e+00  2.2827e+02
8.1839e+00  2.6449e+02
8.1890e+00  2.6675e+02
8.1941e+00  2.3964e+02
8.1992e+00  1.7343e+02
8.2042e+00  9.3106e+01
8.2093e+00  4.6813e+01
8.2144e+00  3.3281e+01
8.2195e+00  3.0032e+01
8.2246e+00  2.8738e+01
8.2297e+00  2.8073e+01
8.2347e+00  2.7689e+01
8.2398e+00  2.7311e+01
8.2449e+00  2.7131e+01
8.2500e+00  2.7014e+01
8.2551e+00  2.6960e+01
8.2601e+00  2.6779e+01
8.2652e+00  2.6681e+01
8.2703e+00  2.6634e+01
8.2754e+00  2.6550e+01
8.2805e+00  2.6442e+01
8.2856e+00  2.6419e+01
8.2906e+00  2.6374e+01
8.2957e+00  2.6161e+01
8.3008e+00  2.6149e+01
8.3059e+00  2.6258e+01
8.3110e+00  2.5956e+01
8.3160e+00  2.5965e+01
8.3211e+00  2.5880e+01
8.3262e+00  2.5870e+01
8.3313e+00  2.5860e+01
8.3364e+00  2.6016e+01
8.3414e+00  2.5911e+01
8.3465e+00  2.6027e+01
8.3516e+00  2.5877e+01
8.3567e+00  2.5954e+01
8.3618e+00  2.6039e+01
8.3668e+00  2.6035e+01
8.3719e+00  2.6188e+01
8.3770e+00  2.6255e+01
8.3821e+00  2.5981e+01
8.3871e+00  2.6191e+01
8.3922e+00  2.6015e+01
8.3973e+00  2.6097e+01
8.4024e+00  2.6036e+01
8.4075e+00  2.5875e+01
8.4125e+00  2.6042e+01
8.4176e+00  2.5902e+01
8.4227e+00  2.6021e+01
8.4278e+00  2.5898e+01
8.4328e+00  2.5977e+01
8.4379e+00  2.5923e+01
8.4430e+00  2.5937e+01
8.4481e+00  2.5920e+01
8.4532e+00  2.6054e+01
8.4582e+00  2.6127e+01
8.4633e+00  2.5989e+01
8.4684e+00  2.5934e+01
8.4735e+00  2.5934e+01
8.4785e+00  2.6039e+01
8.4836e+00  2.6263e+01
8.4887e+00  2.6220e+01
8.4938e+00  2.6466e+01
8.4988e+00  2.6827e+01
8.5039e+00  2.7032e+01
8.5090e+00  2.7066e+01
8.5141e+00  2.7239e+01
8.5191e+00  2.7395e+01
8.5242e+00  2.7107e+01
8.5293e+00  2.7129e+01
8.5344e+00  2.7004e+01
8.5394e+00  2.6926e+01
8.5445e+00  2.7363e+01
8.5496e+00  2.7721e+01
8.5547e+00  2.8706e+01
8.5597e+00  3.2402e+01
8.5648e+00  4.3876e+01
8.5699e+00  7.1861e+01
8.5750e+00  1.1773e+02
8.5800e+00  1.5678e+02
8.5851e+00  1.7435e+02
8.5902e+00  1.7308e+02
8.5952e+00  1.5488e+02
8.6003e+00  1.1384e+02
8.6054e+00  6.5568e+01
8.6105e+00  3.8354e+01
8.6155e+00  3.0435e+01
8.6206e+00  2.8275e+01
8.6257e+00  2.7388e+01
8.6308e+00  2.7097e+01
8.6358e+00  2.6795e+01
8.6409e+00  2.6560e+01
8.6460e+00  2.6434e+01
8.6510e+00  2.6371e+01
8.6561e+00  2.6311e+01
8.6612e+00  2.6212e+01
8.6663e+00  2.6273e+01
8.6713e+00  2.6187e+01
8.6764e+00  2.6273e+01
8.6815e+00  2.6074e+01
8.6865e+00  2.6157e+01
8.6916e+00  2.6052e+01
8.6967e+00  2.5919e+01
8.7017e+00  2.5897e+01
8.7068e+00  2.5866e+01
8.7119e+00  2.5900e+01
8.7170e+00  2.5785e+01
8.7220e+00  2.5903e+01
8.7271e+00  2.5946e+01
8.7322e+00  2.5958e+01
8.7372e+00  2.5912e+01
8.7423e+00  2.5650e+01
8.7474e+00  2.5805e+01
8.7524e+00  2.5672e+01
8.7575e+00  2.5546e+01
8.7626e+00  2.5624e+01
8.7676e+00  2.5490e+01
8.7727e+00  2.5396e+01
8.7778e+00  2.5425e+01
8.7829e+00  2.5390e+01
8.7879e+00  2.5441e+01
8.7930e+00  2.5480e+01
8.7981e+00  2.5362e+01
8.8031e+00  2.5442e+01
8.8082e+00  2.5410e+01
8.8133e+00  2.5309e+01
8.8183e+00  2.5535e+01
8.8234e+00  2.5485e+01
8.8285e+00  2.5463e+01
8.8335e+00  2.5547e+01
8.8386e+00  2.5555e+01
8.8437e+00  2.5573e+01
8.8487e+00  2.5705e+01
8.8538e+00  2.5478e+01
8.8589e+00  2.5869e+01
8.8639e+00  2.5794e+01
8.8690e+00  2.5682e+01
8.8741e+00  2.5619e+01
8.8791e+00  2.5783e+01
8.8842e+00  2.5506e+01
8.8893e+00  2.5698e+01
8.8943e+00  2.5671e+01
8.8994e+00  2.5634e+01
8.9045e+00  2.5689e+01
8.9095e+00  2.5675e+01
8.9146e+00  2.5646e+01
8.9196e+00  2.5569e+01
8.9247e+00  2.5707e+01
8.9298e+00  2.5580e+01
8.9348e+00  2.5943e+01
8.9399e+00  2.6425e+01
8.9450e+00  2.7723e+01
8.9500e+00  3.1230e+01
8.9551e+00  3.7644e+01
8.9602e+00  4.5143e+01
8.9652e+00  4.9451e+01
8.9703e+00  5.0489e+01
8.9753e+00  4.9474e+01
8.9804e+00  4.5248e+01
8.9855e+00  3.7506e+01
8.9905e+00  3.0773e+01
8.9956e+00  2.7375e+01
9.0007e+00  2.6537e+01
9.0057e+00  2.5794e+01
9.0108e+00  2.5584e+01
9.0158e+00  2.5598e+01
9.0209e+00  2.5429e+01
9.0260e+00  2.5395e+01
9.0310e+00  2.5452e+01
9.0361e+00  2.5403e+01
9.0412e+00  2.5222e+01
9.0462e+00  2.5376e+01
9.0513e+00  2.5485e+01
9.0563e+00  2.5301e+01
9.0614e+00  2.5228e+01
9.0665e+00  2.5170e+01
9.0715e+00  2.5155e+01
9.0766e+00  2.5023e+01
9.0816e+00  2.5049e+01
9.0867e+00  2.5065e+01
9.0918e+00  2.4952e+01
9.0968e+00  2.5025e+01
9.1019e+00  2.4823e+01
9.1069e+00  2.4876e+01
9.1120e+00  2.4833e+01
9.1171e+00  2.4859e+01
9.1221e+00  2.4918e+01
9.1272e+00  2.4850e+01
9.1322e+00  2.4943e+01
9.1373e+00  2.4900e+01
9.1423e+00  2.4806e+01
9.1474e+00  2.4884e+01
9.1525e+00  2.5030e+01
9.1575e+00  2.4832e+01
9.1626e+00  2.4888e+01
9.1676e+00  2.4925e+01
9.1727e+00  2.4839e+01
9.1778e+00  2.4908e+01
9.1828e+00  2.4716e+01
9.1879e+00  2.4962e+01
9.1929e+00  2.4792e+01
9.1980e+00  2.4804e+01
9.2030e+00  2.4882e+01
9.2081e+00  2.4858e+01
9.2132e+00  2.4843e+01
9.2182e+00  2.4807e+01
9.2233e+00  2.4889e+01
9.2283e+00  2.4937e+01
9.2334e+00  2.4866e+01
9.2384e+00  2.4992e+01
9.2435e+00  2.5023e+01
9.2485e+00  2.5067e+01
9.2536e+00  2.5056e+01
9.2587e+00  2.5032e+01
9.2637e+00  2.5275e+01
9.2688e+00  2.4987e+01
9.2738e+00  2.5166e+01
9.2789e+00  2.5241e+01
9.2839e+00  2.5269e+01
9.2890e+00  2.5451e+01
9.2940e+00  2.5785e+01
9.2991e+00  2.6007e+01
9.3041e+00  2.6732e+01
9.3092e+00  2.9183e+01
9.3143e+00  3.6393e+01
9.3193e+00  5.3600e+01
9.3244e+00  7.9366e+01
9.3294e+00  1.0033e+02
9.3345e+00  1.0902e+02
9.3395e+00  1.0951e+02
9.3446e+00  1.0330e+02
9.3496e+00  8.4808e+01
9.3547e+00  5.6045e+01
9.3597e+00  3.5911e+01
9.3648e+00  2.8671e+01
9.3698e+00  2.6672e+01
9.3749e+00  2.6106e+01
9.3799e+00  2.5699e+01
9.3850e+00  2.5576e+01
9.3900e+00  2.5881e+01
9.3951e+00  2.5802e+01
9.4001e+00  2.5842e+01
9.4052e+00  2.6023e+01
9.4102e+00  2.6079e+01
9.4153e+00  2.6055e+01
9.4204e+00  2.5778e+01
9.4254e+00  2.5722e+01
9.4305e+00  2.5598e+01
9.4355e+00  2.5241e+01
9.4406e+00  2.4953e+01
9.4456e+00  2.4899e+01
9.4507e+00  2.4752e+01
9.4557e+00  2.4575e+01
9.4608e+00  2.4447e+01
9.4658e+00  2.4517e+01
9.4708e+00  2.4400e+01
9.4759e+00  2.4471e+01
9.4809e+00  2.4349e+01
9.4860e+00  2.4476e+01
9.4910e+00  2.4333e+01
9.4961e+00  2.4360e+01
9.5011e+00  2.4436e+01
9.5062e+00  2.4253e+01
9.5112e+00  2.4304e+01
9.5163e+00  2.4375e+01
9.5213e+00  2.4420e+01
9.5264e+00  2.4306e+01
9.5314e+00  2.4260e+01
9.5365e+00  2.4389e+01
9.5415e+00  2.4374e+01
9.5466e+00  2.4305e+01
9.5516e+00  2.4492e+01
9.5567e+00  2.4381e+01
9.5617e+00  2.4628e+01
9.5668e+00  2.4447e+01
9.5718e+00  2.4606e+01
9.5769e+00  2.4543e+01
9.5819e+00  2.4542e+01
9.5869e+00  2.4503e+01
9.5920e+00  2.4668e+01
9.5970e+00  2.4534e+01
9.6021e+00  2.4737e+01
9.6071e+00  2.4883e+01
9.6122e+00  2.4836e+01
9.6172e+00  2.5005e+01
9.6223e+00  2.5128e+01
9.6273e+00  2.5112e+01
9.6324e+00  2.5435e+01
9.6374e+00  2.5532e+01
9.6424e+00  2.5826e+01
9.6475e+00  2.6281e+01
9.6525e+00  2.7011e+01
9.6576e+00  2.8787e+01
9.6626e+00  3.3859e+01
9.6677e+00  5.0051e+01
9.6727e+00  8.7379e+01
9.6777e+00  1.3848e+02
9.6828e+00  1.7724e+02
9.6878e+00  1.9332e+02
9.6929e+00  1.9509e+02
9.6979e+00  1.8279e+02
9.7030e+00  1.4830e+02
9.7080e+00  9.3379e+01
9.7130e+00  4.9690e+01
9.7181e+00  3.2936e+01
9.7231e+00  2.8500e+01
9.7282e+00  2.6831e+01
9.7332e+00  2.6080e+01
9.7383e+00  2.5679e+01
9.7433e+00  2.5550e+01
9.7483e+00  2.5144e+01
9.7534e+00  2.5125e+01
9.7584e+00  2.5017e+01
9.7635e+00  2.5106e+01
9.7685e+00  2.4779e+01
9.7735e+00  2.4778e+01
9.7786e+00  2.4810e+01
9.7836e+00  2.4794e+01
9.7887e+00  2.4728e+01
9.7937e+00  2.4708e+01
9.7987e+00  2.4732e+01
9.8038e+00  2.4919e+01
9.8088e+00  2.4918e+01
9.8139e+00  2.4808e+01
9.8189e+00  2.4959e+01
9.8239e+00  2.4974e+01
9.8290e+00  2.4957e+01
9.8340e+00  2.5097e+01
9.8391e+00  2.5098e+01
9.8441e+00  2.4956e+01
9.8491e+00  2.5040e+01
9.8542e+00  2.4662e+01
9.8592e+00  2.4737e+01
9.8642e+00  2.4627e+01
9.8693e+00  2.4471e+01
9.8743e+00  2.4533e+01
9.8794e+00  2.4325e+01
9.8844e+00  2.4261e+01
9.8894e+00  2.4326e+01
9.8945e+00  2.4388e+01
9.8995e+00  2.4283e+01
9.9045e+00  2.4356e+01
9.9096e+00  2.4229e+01
9.9146e+00  2.4288e+01
9.9197e+00  2.4212e+01
9.9247e+00  2.4260e+01
9.9297e+00  2.4157e+01
9.9348e+00  2.4340e+01
9.9398e+00  2.4232e+01
9.9448e+00  2.4270e+01
9.9499e+00  2.4325e+01
9.9549e+00  2.4241e+01
9.9599e+00  2.4270e+01
9.9650e+00  2.4297e+01
9.9700e+00  2.4210e+01
9.9750e+00  2.4225e+01
9.9801e+00  2.4222e+01
9.9851e+00  2.4128e+01
9.9901e+00  2.4280e+01
9.9952e+00  2.4175e+01
1.0000e+01  2.4071e+01
1.0005e+01  2.4006e+01
1.0010e+01  2.3943e+01
1.0015e+01  2.3925e+01
1.0020e+01  2.4028e+01
1.0025e+01  2.3981e+01
1.0030e+01  2.3921e+01
1.0035e+01  2.4008e+01
1.0040e+01  2.3717e+01
1.0046e+01  2.3917e+01
1.0051e+01  2.4043e+01
1.0056e+01  2.3886e+01
1.0061e+01  2.3832e+01
1.0066e+01  2.3816e+01
1.0071e+01  2.3796e+01
1.0076e+01  2.3854e+01
1.0081e+01  2.3800e+01
1.0086e+01  2.3774e+01
1.0091e+01  2.3961e+01
1.0096e+01  2.3991e+01
1.0101e+01  2.3827e+01
1.0106e+01  2.3771e+01
1.0111e+01  2.3717e+01
1.0116e+01  2.3793e+01
1.0121e+01  2.3807e+01
1.0126e+01  2.3794e+01
1.0131e+01  2.3850e+01
1.0136e+01  2.3860e+01
1.0141e+01  2.3806e+01
1.0146e+01  2.3840e+01
1.0151e+01  2.3710e+01
1.0156e+01  2.3782e+01
1.0161e+01  2.3932e+01
1.0166e+01  2.3904e+01
1.0171e+01  2.3771e+01
1.0176e+01  2.3953e+01
1.0181e+01  2.3732e+01
1.0186e+01  2.3930e+01
1.0191e+01  2.4032e+01
1.0196e+01  2.3975e+01
1.0201e+01  2.3947e+01
1.0206e+01  2.3972e+01
1.0212e+01  2.4057e+01
1.0217e+01  2.4091e+01
1.0222e+01  2.4123e+01
1.0227e+01  2.4219e+01
1.0232e+01  2.4406e+01
1.0237e+01  2.4322e+01
1.0242e+01  2.4361e+01
1.0247e+01  2.4335e+01
1.0252e+01  2.4325e+01
1.0257e+01  2.4352e+01
1.0262e+01  2.4168e+01
1.0267e+01  2.4116e+01
1.0272e+01  2.4215e+01
1.0277e+01  2.4105e+01
1.0282e+01  2.4170e+01
1.0287e+01  2.4124e+01
1.0292e+01  2.4136e+01
1.0297e+01  2.4244e+01
1.0302e+01  2.4325e+01
1.0307e+01  2.4367e+01
1.0312e+01  2.4535e+01
1.0317e+01  2.4689e+01
1.0322e+01  2.4969e+01
1.0327e+01  2.5231e+01
1.0332e+01  2.5924e+01
1.0337e+01  2.7886e+01
1.0342e+01  3.3148e+01
1.0347e+01  4.1416e+01
1.0352e+01  4.8104e+01
1.0357e+01  5.1416e+01
1.0362e+01  5.2162e+01
1.0367e+01  5.1279e+01
1.0372e+01  4.8205e+01
1.0377e+01  4.0702e+01
1.0382e+01  3.1929e+01
1.0387e+01  2.6858e+01
1.0392e+01  2.5332e+01
1.0397e+01  2.5022e+01
1.0402e+01  2.5052e+01
1.0407e+01  2.4863e+01
1.0412e+01  2.4881e+01
1.0418e+01  2.4706e+01
1.0423e+01  2.4706e+01
1.0428e+01  2.4720e+01
1.0433e+01  2.4547e+01
1.0438e+01  2.4380e+01
1.0443e+01  2.4377e+01
1.0448e+01  2.4396e+01
1.0453e+01  2.4246e+01
1.0458e+01  2.4279e+01
1.0463e+01  2.4311e+01
1.0468e+01  2.4180e+01
1.0473e+01  2.4150e+01
1.0478e+01  2.4201e+01
1.0483e+01  2.4266e+01
1.0488e+01  2.4258e+01
1.0493e+01  2.4176e+01
1.0498e+01  2.4239e+01
1.0503e+01  2.4255e+01
1.0508e+01  2.4254e+01
1.0513e+01  2.4373e+01
1.0518e+01  2.4198e+01
1.0523e+01  2.4115e+01
1.0528e+01  2.4273e+01
1.0533e+01  2.4375e+01
1.0538e+01  2.4208e+01
1.0543e+01  2.4410e+01
1.0548e+01  2.4464e+01
1.0553e+01  2.4547e+01
1.0558e+01  2.4428e+01
1.0563e+01  2.4498e+01
1.0568e+01  2.4543e+01
1.0573e+01  2.4709e+01
1.0578e+01  2.4735e+01
1.0583e+01  2.4822e+01
1.0588e+01  2.4892e+01
1.0593e+01  2.5172e+01
1.0598e+01  2.5362e+01
1.0603e+01  2.5685e+01
1.0608e+01  2.6018e+01
1.0613e+01  2.6273e+01
1.0618e+01  2.6616e+01
1.0623e+01  2.6777e+01
1.0628e+01  2.6999e+01
1.0633e+01  2.7053e+01
1.0638e+01  2.7387e+01
1.0643e+01  2.7664e+01
1.0648e+01  2.8954e+01
1.0653e+01  3.3202e+01
1.0658e+01  4.6087e+01
1.0663e+01  7.4052e+01
1.0668e+01  1.0973e+02
1.0673e+01  1.3425e+02
1.0678e+01  1.4406e+02
1.0683e+01  1.4672e+02
1.0688e+01  1.4287e+02
1.0693e+01  1.2642e+02
1.0698e+01  9.2295e+01
1.0703e+01  5.4477e+01
1.0708e+01  3.5103e+01
1.0713e+01  2.8738e+01
1.0718e+01  2.6703e+01
1.0723e+01  2.5873e+01
1.0729e+01  2.5700e+01
1.0734e+01  2.5250e+01
1.0739e+01  2.5202e+01
1.0744e+01  2.5086e+01
1.0749e+01  2.4915e+01
1.0754e+01  2.4834e+01
1.0759e+01  2.4861e+01
1.0764e+01  2.4551e+01
1.0769e+01  2.4649e+01
1.0774e+01  2.4649e+01
1.0779e+01  2.4653e+01
1.0784e+01  2.4696e+01
1.0789e+01  2.4550e+01
1.0794e+01  2.4518e+01
1.0799e+01  2.4556e+01
1.0804e+01  2.4508e+01
1.0809e+01  2.4360e+01
1.0814e+01  2.4446e+01
1.0819e+01  2.4372e+01
1.0824e+01  2.4389e+01
1.0829e+01  2.4487e+01
1.0834e+01  2.4357e+01
1.0839e+01  2.4411e+01
1.0844e+01  2.4268e+01
1.0849e+01  2.4345e+01
1.0854e+01  2.4355e+01
1.0859e+01  2.4482e+01
1.0864e+01  2.4361e+01
1.0869e+01  2.4441e+01
1.0874e+01  2.4391e+01
1.0879e+01  2.4522e+01
1.0884e+01  2.4473e+01
1.0889e+01  2.4559e+01
1.0894e+01  2.4646e+01
1.0899e+01  2.4525e+01
1.0904e+01  2.4406e+01
1.0909e+01  2.4601e+01
1.0914e+01  2.4720e+01
1.0919e+01  2.4626e+01
1.0924e+01  2.4873e+01
1.0929e+01  2.4727e+01
1.0934e+01  2.4853e+01
1.0939e+01  2.4944e+01
1.0944e+01  2.5146e+01
1.0949e+01  2.5409e+01
1.0954e+01  2.5950e+01
1.0959e+01  2.7235e+01
1.0964e+01  3.0780e+01
1.0969e+01  4.1252e+01
1.0974e+01  6.3542e+01
1.0979e+01  9.0745e+01
1.0984e+01  1.1035e+02
1.0989e+01  1.1851e+02
1.0994e+01  1.2045e+02
1.0999e+01  1.1765e+02
1.1004e+01  1.0705e+02
1.1009e+01  8.2467e+01
1.1014e+01  5.2654e+01
1.1019e+01  3.4395e+01
1.1024e+01  2.8178e+01
1.1029e+01  2.6295e+01
1.1034e+01  2.5709e+01
1.1039e+01  2.5365e+01
1.1044e+01  2.5081e+01
1.1049e+01  2.4872e+01
1.1054e+01  2.4966e+01
1.1059e+01  2.4645e+01
1.1064e+01  2.4803e+01
1.1069e+01  2.4572e+01
1.1074e+01  2.4484e+01
1.1079e+01  2.4515e+01
1.1084e+01  2.4469e+01
1.1089e+01  2.4373e+01
1.1094e+01  2.4322e+01
1.1099e+01  2.4511e+01
1.1104e+01  2.4363e+01
1.1109e+01  2.4352e+01
1.1114e+01  2.4324e+01
1.1119e+01  2.4387e+01
1.1124e+01  2.4308e+01
1.1129e+01  2.4306e+01
1.1134e+01  2.4283e+01
1.1139e+01  2.4280e+01
1.1144e+01  2.4248e+01
1.1149e+01  2.4103e+01
1.1154e+01  2.4136e+01
1.1159e+01  2.4087e+01
1.1164e+01  2.4230e+01
1.1169e+01  2.4165e+01
1.1174e+01  2.4142e+01
1.1179e+01  2.4365e+01
1.1184e+01  2.4369e+01
1.1189e+01  2.4268e+01
1.1194e+01  2.4244e+01
1.1199e+01  2.4199e+01
1.1204e+01  2.4233e+01
1.1209e+01  2.4249e+01
1.1214e+01  2.4274e+01
1.1219e+01  2.4326e+01
1.1224e+01  2.4270e+01
1.1229e+01  2.4228e+01
1.1234e+01  2.4619e+01
1.1239e+01  2.4586e+01
1.1244e+01  2.4594e+01
1.1248e+01  2.4579e+01
1.1253e+01  2.4933e+01
1.1258e+01  2.5139e+01
1.1263e+01  2.6256e+01
1.1268e+01  2.8782e+01
1.1273e+01  3.4965e+01
1.1278e+01  4.4866e+01
1.1283e+01  5.4348e+01
1.1288e+01  5.9423e+01
1.1293e+01  6.1488e+01
1.1298e+01  6.1507e+01
1.1303e+01  5.9541e+01
1.1308e+01  5.4009e+01
1.1313e+01  4.3168e+01
1.1318e+01  3.2719e+01
1.1323e+01  2.7800e+01
1.1328e+01  2.6170e+01
1.1333e+01  2.5441e+01
1.1338e+01  2.5265e+01
1.1343e+01  2.5132e+01
1.1348e+01  2.5128e+01
1.1353e+01  2.5221e+01
1.1358e+01  2.5036e+01
1.1363e+01  2.5114e+01
1.1368e+01  2.5030e+01
1.1373e+01  2.4906e+01
1.1378e+01  2.4710e+01
1.1383e+01  2.4547e+01
1.1388e+01  2.4675e+01
1.1393e+01  2.4519e+01
1.1398e+01  2.4528e+01
1.1403e+01  2.4594e+01
1.1408e+01  2.4495e+01
1.1413e+01  2.4366e+01
1.1418e+01  2.4475e+01
1.1423e+01  2.4356e+01
1.1428e+01  2.4341e+01
1.1433e+01  2.4318e+01
1.1438e+01  2.4308e+01
1.1443e+01  2.4225e+01
1.1448e+01  2.4397e+01
1.1453e+01  2.4479e+01
1.1458e+01  2.4204e+01
1.1463e+01  2.4480e+01
1.1468e+01  2.4160e+01
1.1473e+01  2.4264e+01
1.1478e+01  2.4437e+01
1.1483e+01  2.4389e+01
1.1488e+01  2.4358e+01
1.1493e+01  2.4489e+01
1.1498e+01  2.4364e+01
1.1502e+01  2.4499e+01
1.1507e+01  2.4346e+01
1.1512e+01  2.4580e+01
1.1517e+01  2.4552e+01
1.1522e+01  2.4548e+01
1.1527e+01  2.4516e+01
1.1532e+01  2.4804e+01
1.1537e+01  2.4785e+01
1.1542e+01  2.4794e+01
1.1547e+01  2.5124e+01
1.1552e+01  2.5496e+01
1.1557e+01  2.6524e+01
1.1562e+01  2.9537e+01
1.1567e+01  3.7279e+01
1.1572e+01  5.0418e+01
1.1577e+01  6.3828e+01
1.1582e+01  7.1651e+01
1.1587e+01  7.4929e+01
1.1592e+01  7.5323e+01
1.1597e+01  7.3634e+01
1.1602e+01  6.7776e+01
1.1607e+01  5.4658e+01
1.1612e+01  3.9022e+01
1.1617e+01  2.9870e+01
1.1622e+01  2.6614e+01
1.1627e+01  2.5641e+01
1.1632e+01  2.5191e+01
1.1637e+01  2.5054e+01
1.1642e+01  2.4917e+01
1.1647e+01  2.4820e+01
1.1652e+01  2.4833e+01
1.1657e+01  2.4646e+01
1.1661e+01  2.4735e+01
1.1666e+01  2.4794e+01
1.1671e+01  2.4638e+01
1.1676e+01  2.4866e+01
1.1681e+01  2.4918e+01
1.1686e+01  2.4934e+01
1.1691e+01  2.5003e+01
1.1696e+01  2.5063e+01
1.1701e+01  2.5148e+01
1.1706e+01  2.5062e+01
1.1711e+01  2.5115e+01
1.1716e+01  2.5211e+01
1.1721e+01  2.5090e+01
1.1726e+01  2.5030e+01
1.1731e+01  2.5019e+01
1.1736e+01  2.4956e+01
1.1741e+01  2.5040e+01
1.1746e+01  2.4966e+01
1.1751e+01  2.4833e+01
1.1756e+01  2.4984e+01
1.1761e+01  2.4957e+01
1.1766e+01  2.4786e+01
1.1771e+01  2.4882e+01
1.1776e+01  2.4964e+01
1.1780e+01  2.4883e+01
1.1785e+01  2.5291e+01
1.1790e+01  2.4972e+01
1.1795e+01  2.5162e+01
1.1800e+01  2.5176e+01
1.1805e+01  2.5140e+01
1.1810e+01  2.5323e+01
1.1815e+01  2.5423e+01
1.1820e+01  2.5546e+01
1.1825e+01  2.5615e+01
1.1830e+01  2.6086e+01
1.1835e+01  2.6261e+01
1.1840e+01  2.7313e+01
1.1845e+01  2.9486e+01
1.1850e+01  3.5890e+01
1.1855e+01  5.2033e+01
1.1860e+01  7.7020e+01
1.1865e+01  9.9843e+01
1.1870e+01  1.1380e+02
1.1875e+01  1.1929e+02
1.1880e+01  1.2047e+02
1.1884e+01  1.1771e+02
1.1889e+01  1.0763e+02
1.1894e+01  8.4978e+01
1.1899e+01  5.5802e+01
1.1904e+01  3.6626e+01
1.1909e+01  2.9530e+01
1.1914e+01  2.7453e+01
1.1919e+01  2.6227e+01
1.1924e+01  2.6099e+01
1.1929e+01  2.5786e+01
1.1934e+01  2.5389e+01
1.1939e+01  2.5432e+01
1.1944e+01  2.5229e+01
1.1949e+01  2.5183e+01
1.1954e+01  2.4953e+01
1.1959e+01  2.4960e+01
1.1964e+01  2.4984e+01
1.1969e+01  2.4923e+01
1.1973e+01  2.4942e+01
1.1978e+01  2.4889e+01
1.1983e+01  2.4690e+01
1.1988e+01  2.4870e+01
1.1993e+01  2.4868e+01
1.1998e+01  2.4810e+01
1.2003e+01  2.4893e+01
1.2008e+01  2.4710e+01
1.2013e+01  2.4758e+01
1.2018e+01  2.4674e+01
1.2023e+01  2.4985e+01
1.2028e+01  2.5034e+01
1.2033e+01  2.5095e+01
1.2038e+01  2.5114e+01
1.2043e+01  2.5192e+01
1.2048e+01  2.5341e+01
1.2052e+01  2.5323e+01
1.2057e+01  2.5525e+01
1.2062e+01  2.5315e+01
1.2067e+01  2.5227e+01
1.2072e+01  2.5213e+01
1.2077e+01  2.5031e+01
1.2082e+01  2.5101e+01
1.2087e+01  2.5021e+01
1.2092e+01  2.4879e+01
1.2097e+01  2.4795e+01
1.2102e+01  2.5025e+01
1.2107e+01  2.5115e+01
1.2112e+01  2.5014e+01
1.2117e+01  2.5281e+01
1.2122e+01  2.5947e+01
1.2126e+01  2.7148e+01
1.2131e+01  3.0721e+01
1.2136e+01  3.9143e+01
1.2141e+01  5.0643e+01
1.2146e+01  6.0472e+01
1.2151e+01  6.5945e+01
1.2156e+01  6.7899e+01
1.2161e+01  6.7937e+01
1.2166e+01  6.6757e+01
1.2171e+01  6.1623e+01
1.2176e+01  5.1350e+01
1.2181e+01  3.8701e+01
1.2186e+01  3.0160e+01
1.2191e+01  2.6923e+01
1.2195e+01  2.5810e+01
1.2200e+01  2.5359e+01
1.2205e+01  2.5337e+01
1.2210e+01  2.5180e+01
1.2215e+01  2.5067e+01
1.2220e+01  2.4986e+01
1.2225e+01  2.4994e+01
1.2230e+01  2.4702e+01
1.2235e+01  2.4996e+01
1.2240e+01  2.4805e+01
1.2245e+01  2.4723e+01
1.2250e+01  2.4717e+01
1.2255e+01  2.4534e+01
1.2259e+01  2.4616e+01
1.2264e+01  2.4720e+01
1.2269e+01  2.4460e+01
1.2274e+01  2.4377e+01
1.2279e+01  2.4507e+01
1.2284e+01  2.4440e+01
1.2289e+01  2.4352e+01
1.2294e+01  2.4518e+01
1.2299e+01  2.4486e+01
1.2304e+01  2.4353e+01
1.2309e+01  2.4412e+01
1.2314e+01  2.4353e+01
1.2318e+01  2.4321e+01
1.2323e+01  2.4448e+01
1.2328e+01  2.4263e+01
1.2333e+01  2.4366e+01
1.2338e+01  2.4328e+01
1.2343e+01  2.4436e+01
1.2348e+01  2.4548e+01
1.2353e+01  2.4493e+01
1.2358e+01  2.4641e+01
1.2363e+01  2.4503e+01
1.2368e+01  2.4621e+01
1.2372e+01  2.4696e+01
1.2377e+01  2.4646e+01
1.2382e+01  2.4640e+01
1.2387e+01  2.4559e+01
1.2392e+01  2.4744e+01
1.2397e+01  2.4584e+01
1.2402e+01  2.4728e+01
1.2407e+01  2.4551e+01
1.2412e+01  2.4585e+01
1.2417e+01  2.4571e+01
1.2422e+01  2.4442e+01
1.2426e+01  2.4322e+01
1.2431e+01  2.4441e+01
1.2436e+01  2.4460e+01
1.2441e+01  2.4465e+01
1.2446e+01  2.4339e+01
1.2451e+01  2.4275e+01
1.2456e+01  2.4529e+01
1.2461e+01  2.4411e+01
1.2466e+01  2.4297e+01
1.2471e+01  2.4451e+01
1.2476e+01  2.4554e+01
1.2480e+01  2.4332e+01
1.2485e+01  2.4359e+01
1.2490e+01  2.4313e+01
1.2495e+01  2.4534e+01
1.2500e+01  2.4363e+01
1.2505e+01  2.4549e+01
1.2510e+01  2.4286e+01
1.2515e+01  2.4567e+01
1.2520e+01  2.4316e+01
1.2525e+01  2.4434e+01
1.2529e+01  2.4606e+01
1.2534e+01  2.4501e+01
1.2539e+01  2.4565e+01
1.2544e+01  2.4345e+01
1.2549e+01  2.4382e+01
1.2554e+01  2.4402e+01
1.2559e+01  2.4489e+01
1.2564e+01  2.4442e+01
1.2569e+01  2.4449e+01
1.2574e+01  2.4516e+01
1.2578e+01  2.4365e+01
1.2583e+01  2.4424e+01
1.2588e+01  2.4535e+01
1.2593e+01  2.4440e+01
1.2598e+01  2.4493e+01
1.2603e+01  2.4561e+01
1.2608e+01  2.4368e+01
1.2613e+01  2.4504e+01
1.2618e+01  2.4574e+01
1.2622e+01  2.4445e+01
1.2627e+01  2.4600e+01
1.2632e+01  2.4613e+01
1.2637e+01  2.4509e+01
1.2642e+01  2.4768e+01
1.2647e+01  2.4691e+01
1.2652e+01  2.4865e+01
1.2657e+01  2.4952e+01
1.2662e+01  2.5178e+01
1.2666e+01  2.5542e+01
1.2671e+01  2.7038e+01
1.2676e+01  2.9551e+01
1.2681e+01  3.4849e+01
1.2686e+01  4.0611e+01
1.2691e+01  4.4621e+01
1.2696e+01  4.6850e+01
1.2701e+01  4.7778e+01
1.2706e+01  4.7754e+01
1.2710e+01  4.7181e+01
1.2715e+01  4.4275e+01
1.2720e+01  3.8766e+01
1.2725e+01  3.2279e+01
1.2730e+01  2.8176e+01
1.2735e+01  2.6181e+01
1.2740e+01  2.5571e+01
1.2745e+01  2.5302e+01
1.2749e+01  2.5173e+01
1.2754e+01  2.5240e+01
1.2759e+01  2.5031e+01
1.2764e+01  2.4936e+01
1.2769e+01  2.4791e+01
1.2774e+01  2.4742e+01
1.2779e+01  2.4752e+01
1.2784e+01  2.4691e+01
1.2789e+01  2.4665e+01
1.2793e+01  2.4717e+01
1.2798e+01  2.4875e+01
1.2803e+01  2.4723e+01
1.2808e+01  2.4657e+01
1.2813e+01  2.4794e+01
1.2818e+01  2.4751e+01
1.2823e+01  2.4714e+01
1.2828e+01  2.4685e+01
1.2832e+01  2.4696e+01
1.2837e+01  2.4691e+01
1.2842e+01  2.4678e+01
1.2847e+01  2.4776e+01
1.2852e+01  2.4666e+01
1.2857e+01  2.4760e+01
1.2862e+01  2.4965e+01
1.2866e+01  2.4830e+01
1.2871e+01  2.4835e+01
1.2876e+01  2.4869e+01
1.2881e+01  2.4856e+01
1.2886e+01  2.4935e+01
1.2891e+01  2.4808e+01
1.2896e+01  2.5096e+01
1.2901e+01  2.4835e+01
1.2905e+01  2.4954e+01
1.2910e+01  2.5099e+01
1.2915e+01  2.5126e+01
1.2920e+01  2.5359e+01
1.2925e+01  2.5502e+01
1.2930e+01  2.5764e+01
1.2935e+01  2.7111e+01
1.2939e+01  2.9907e+01
1.2944e+01  3.4885e+01
1.2949e+01  4.0699e+01
1.2954e+01  4.4916e+01
1.2959e+01  4.6993e+01
1.2964e+01  4.7807e+01
1.2969e+01  4.8044e+01
1.2974e+01  4.7204e+01
1.2978e+01  4.5017e+01
1.2983e+01  3.9884e+01
1.2988e+01  3.3262e+01
1.2993e+01  2.8875e+01
1.2998e+01  2.6885e+01
1.3003e+01  2.6071e+01
1.3008e+01  2.5927e+01
1.3012e+01  2.5759e+01
1.3017e+01  2.5848e+01
1.3022e+01  2.5735e+01
1.3027e+01  2.5656e+01
1.3032e+01  2.5730e+01
1.3037e+01  2.5671e+01
1.3042e+01  2.5695e+01
1.3046e+01  2.5564e+01
1.3051e+01  2.5295e+01
1.3056e+01  2.5334e+01
1.3061e+01  2.5516e+01
1.3066e+01  2.5221e+01
1.3071e+01  2.5442e+01
1.3076e+01  2.5166e+01
1.3080e+01  2.5073e+01
1.3085e+01  2.5146e+01
1.3090e+01  2.5268e+01
1.3095e+01  2.5119e+01
1.3100e+01  2.5157e+01
1.3105e+01  2.5136e+01
1.3109e+01  2.5183e+01
1.3114e+01  2.5441e+01
1.3119e+01  2.5276e+01
1.3124e+01  2.5276e+01
1.3129e+01  2.5419e+01
1.3134e+01  2.5449e+01
1.3139e+01  2.5444e+01
1.3143e+01  2.5577e+01
1.3148e+01  2.5518e+01
1.3153e+01  2.5701e+01
1.3158e+01  2.5685e+01
1.3163e+01  2.5766e+01
1.3168e+01  2.5990e+01
1.3172e+01  2.6126e+01
1.3177e+01  2.6406e+01
1.3182e+01  2.7358e+01
1.3187e+01  2.8660e+01
1.3192e+01  3.2275e+01
1.3197e+01  4.2025e+01
1.3202e+01  6.0361e+01
1.3206e+01  8.1608e+01
1.3211e+01  9.8100e+01
1.3216e+01  1.0657e+02
1.3221e+01  1.0990e+02
1.3226e+01  1.1152e+02
1.3231e+01  1.0965e+02
1.3235e+01  1.0330e+02
1.3240e+01  8.8302e+01
1.3245e+01  6.3914e+01
1.3250e+01  4.3111e+01
1.3255e+01  3.2339e+01
1.3260e+01  2.8397e+01
1.3264e+01  2.7093e+01
1.3269e+01  2.6465e+01
1.3274e+01  2.6302e+01
1.3279e+01  2.6097e+01
1.3284e+01  2.5927e+01
1.3289e+01  2.5843e+01
1.3293e+01  2.5926e+01
1.3298e+01  2.5643e+01
1.3303e+01  2.5645e+01
1.3308e+01  2.5702e+01
1.3313e+01  2.5765e+01
1.3318e+01  2.5787e+01
1.3322e+01  2.5720e+01
1.3327e+01  2.5711e+01
1.3332e+01  2.5746e+01
1.3337e+01  2.5782e+01
1.3342e+01  2.5692e+01
1.3347e+01  2.5553e+01
1.3351e+01  2.5713e+01
1.3356e+01  2.5543e+01
1.3361e+01  2.5468e+01
1.3366e+01  2.5481e+01
1.3371e+01  2.5368e+01
1.3376e+01  2.5536e+01
1.3380e+01  2.5468e+01
1.3385e+01  2.5289e+01
1.3390e+01  2.5410e+01
1.3395e+01  2.5489e+01
1.3400e+01  2.5492e+01
1.3405e+01  2.5398e+01
1.3409e+01  2.5530e+01
1.3414e+01  2.5582e+01
1.3419e+01  2.5846e+01
1.3424e+01  2.5679e+01
1.3429e+01  2.5814e+01
1.3433e+01  2.6011e+01
1.3438e+01  2.6512e+01
1.3443e+01  2.7507e+01
1.3448e+01  3.0565e+01
1.3453e+01  3.6978e+01
1.3458e+01  4.5772e+01
1.3462e+01  5.4631e+01
1.3467e+01  5.9541e+01
1.3472e+01  6.1767e+01
1.3477e+01  6.2862e+01
1.3482e+01  6.2468e+01
1.3486e+01  6.1076e+01
1.3491e+01  5.7389e+01
1.3496e+01  4.8087e+01
1.3501e+01  3.7772e+01
1.3506e+01  3.0543e+01
1.3511e+01  2.7474e+01
1.3515e+01  2.6420e+01
1.3520e+01  2.6018e+01
1.3525e+01  2.5787e+01
1.3530e+01  2.5519e+01
1.3535e+01  2.5394e+01
1.3539e+01  2.5344e+01
1.3544e+01  2.5375e+01
1.3549e+01  2.5326e+01
1.3554e+01  2.5061e+01
1.3559e+01  2.5069e+01
1.3563e+01  2.5292e+01
1.3568e+01  2.5241e+01
1.3573e+01  2.5352e+01
1.3578e+01  2.5200e+01
1.3583e+01  2.5239e+01
1.3588e+01  2.5186e+01
1.3592e+01  2.5377e+01
1.3597e+01  2.5258e+01
1.3602e+01  2.5220e+01
1.3607e+01  2.5276e+01
1.3612e+01  2.5465e+01
1.3616e+01  2.5288e+01
1.3621e+01  2.5484e+01
1.3626e+01  2.5413e+01
1.3631e+01  2.5257e+01
1.3636e+01  2.5224e+01
1.3640e+01  2.5461e+01
1.3645e+01  2.5321e+01
1.3650e+01  2.5508e+01
1.3655e+01  2.5426e+01
1.3660e+01  2.5419e+01
1.3664e+01  2.5210e+01
1.3669e+01  2.5327e+01
1.3674e+01  2.5486e+01
1.3679e+01  2.5407e+01
1.3684e+01  2.5320e+01
1.3688e+01  2.5387e+01
1.3693e+01  2.5354e+01
1.3698e+01  2.5387e+01
1.3703e+01  2.5445e+01
1.3708e+01  2.5467e+01
1.3712e+01  2.5506e+01
1.3717e+01  2.5472e+01
1.3722e+01  2.5453e+01
1.3727e+01  2.5463e+01
1.3732e+01  2.5561e+01
1.3736e+01  2.5301e+01
1.3741e+01  2.5389e+01
1.3746e+01  2.5290e+01
1.3751e+01  2.5460e+01
1.3755e+01  2.5559e+01
1.3760e+01  2.5283e+01
1.3765e+01  2.5537e+01
1.3770e+01  2.5496e+01
1.3775e+01  2.5564e+01
1.3779e+01  2.5534e+01
1.3784e+01  2.5611e+01
1.3789e+01  2.5515e+01
1.3794e+01  2.5512e+01
1.3799e+01  2.5535e+01
1.3803e+01  2.5736e+01
1.3808e+01  2.5733e+01
1.3813e+01  2.5590e+01
1.3818e+01  2.5501e+01
1.3823e+01  2.6016e+01
1.3827e+01  2.5826e+01
1.3832e+01  2.5655e+01
1.3837e+01  2.5694e+01
1.3842e+01  2.5900e+01
1.3846e+01  2.5656e+01
1.3851e+01  2.5797e+01
1.3856e+01  2.5794e+01
1.3861e+01  2.5936e+01
1.3866e+01  2.5931e+01
1.3870e+01  2.5799e+01
1.3875e+01  2.5900e+01
1.3880e+01  2.6070e+01
1.3885e+01  2.6183e+01
1.3889e+01  2.6244e+01
1.3894e+01  2.6253e+01
1.3899e+01  2.6198e+01
1.3904e+01  2.6570e+01
1.3909e+01  2.6708e+01
1.3913e+01  2.6854e+01
1.3918e+01  2.7176e+01
1.3923e+01  2.7510e+01
1.3928e+01  2.8127e+01
1.3932e+01  2.9724e+01
1.3937e+01  3.3006e+01
1.3942e+01  4.0633e+01
1.3947e+01  5.3254e+01
1.3952e+01  6.8034e+01
1.3956e+01  7.9383e+01
1.3961e+01  8.5532e+01
1.3966e+01  8.8471e+01
1.3971e+01  8.9166e+01
1.3975e+01  8.8605e+01
1.3980e+01  8.5532e+01
1.3985e+01  7.7309e+01
1.3990e+01  6.2456e+01
1.3995e+01  4.6160e+01
1.3999e+01  3.4772e+01
1.4004e+01  2.9721e+01
1.4009e+01  2.7772e+01
1.4014e+01  2.7079e+01
1.4018e+01  2.6978e+01
1.4023e+01  2.6745e+01
1.4028e+01  2.6517e+01
1.4033e+01  2.6259e+01
1.4037e+01  2.6442e+01
1.4042e+01  2.6358e+01
1.4047e+01  2.6202e+01
1.4052e+01  2.6508e+01
1.4056e+01  2.6020e+01
1.4061e+01  2.6335e+01
1.4066e+01  2.6348e+01
1.4071e+01  2.6059e+01
1.4076e+01  2.6227e+01
1.4080e+01  2.6127e+01
1.4085e+01  2.6021e+01
1.4090e+01  2.6128e+01
1.4095e+01  2.6112e+01
1.4099e+01  2.6270e+01
1.4104e+01  2.6079e+01
1.4109e+01  2.6098e+01
1.4114e+01  2.6002e+01
1.4118e+01  2.6053e+01
1.4123e+01  2.6016e+01
1.4128e+01  2.6212e+01
1.4133e+01  2.6177e+01
1.4137e+01  2.6206e+01
1.4142e+01  2.6204e+01
1.4147e+01  2.6347e+01
1.4152e+01  2.6367e+01
1.4156e+01  2.6367e+01
1.4161e+01  2.6535e+01
1.4166e+01  2.6492e+01
1.4171e+01  2.6976e+01
1.4175e+01  2.7888e+01
1.4180e+01  3.0328e+01
1.4185e+01  3.4162e+01
1.4190e+01  3.9390e+01
1.4194e+01  4.4058e+01
1.4199e+01  4.6846e+01
1.4204e+01  4.8341e+01
1.4209e+01  4.8895e+01
1.4213e+01  4.9103e+01
1.4218e+01  4.8511e+01
1.4223e+01  4.6849e+01
1.4228e+01  4.2661e+01
1.4232e+01  3.6891e+01
1.4237e+01  3.0913e+01
1.4242e+01  2.8721e+01
1.4247e+01  2.7239e+01
1.4251e+01  2.6907e+01
1.4256e+01  2.6293e+01
1.4261e+01  2.6641e+01
1.4266e+01  2.6387e+01
1.4270e+01  2.6212e+01
1.4275e+01  2.6209e+01
1.4280e+01  2.6045e+01
1.4285e+01  2.6339e+01
1.4289e+01  2.6032e+01
1.4294e+01  2.6136e+01
1.4299e+01  2.6295e+01
1.4304e+01  2.6026e+01
1.4308e+01  2.6157e+01
1.4313e+01  2.5927e+01
1.4318e+01  2.6010e+01
1.4323e+01  2.6227e+01
1.4327e+01  2.6145e+01
1.4332e+01  2.5925e+01
1.4337e+01  2.6000e+01
1.4342e+01  2.6102e+01
1.4346e+01  2.6065e+01
1.4351e+01  2.6083e+01
1.4356e+01  2.6051e+01
1.4360e+01  2.6021e+01
1.4365e+01  2.6056e+01
1.4370e+01  2.6146e+01
1.4375e+01  2.6175e+01
1.4379e+01  2.6160e+01
1.4384e+01  2.6170e+01
1.4389e+01  2.5906e+01
1.4394e+01  2.6232e+01
1.4398e+01  2.6022e+01
1.4403e+01  2.6109e+01
1.4408e+01  2.6151e+01
1.4413e+01  2.6251e+01
1.4417e+01  2.6294e+01
1.4422e+01  2.6084e+01
1.4427e+01  2.6221e+01
1.4431e+01  2.6493e+01
1.4436e+01  2.6252e+01
1.4441e+01  2.6484e+01
1.4446e+01  2.6215e+01
1.4450e+01  2.6357e+01
1.4455e+01  2.6490e+01
1.4460e+01  2.6543e+01
1.4465e+01  2.6490e+01
1.4469e+01  2.6529e+01
1.4474e+01  2.6489e+01
1.4479e+01  2.6854e+01
1.4483e+01  2.6598e+01
1.4488e+01  2.7049e+01
1.4493e+01  2.6777e+01
1.4498e+01  2.7072e+01
1.4502e+01  2.7129e+01
1.4507e+01  2.7039e+01
1.4512e+01  2.6953e+01
1.4516e+01  2.6867e+01
1.4521e+01  2.6930e+01
1.4526e+01  2.6649e+01
1.4531e+01  2.6739e+01
1.4535e+01  2.6612e+01
1.4540e+01  2.6627e+01
1.4545e+01  2.6406e+01
1.4549e+01  2.6743e+01
1.4554e+01  2.6482e+01
1.4559e+01  2.6274e+01
1.4564e+01  2.6408e+01
1.4568e+01  2.6405e+01
1.4573e+01  2.6335e+01
1.4578e+01  2.6226e+01
1.4582e+01  2.6259e+01
1.4587e+01  2.6343e+01
1.4592e+01  2.6372e+01
1.4597e+01  2.6397e+01
1.4601e+01  2.6437e+01
1.4606e+01  2.6045e+01
1.4611e+01  2.6271e+01
1.4615e+01  2.6388e+01
1.4620e+01  2.6511e+01
1.4625e+01  2.6406e+01
1.4630e+01  2.6096e+01
1.4634e+01  2.6756e+01
1.4639e+01  2.6799e+01
1.4644e+01  2.7243e+01
1.4648e+01  2.8453e+01
1.4653e+01  3.0492e+01
1.4658e+01  3.2769e+01
1.4663e+01  3.4962e+01
1.4667e+01  3.6881e+01
1.4672e+01  3.7307e+01
1.4677e+01  3.8061e+01
1.4681e+01  3.8005e+01
1.4686e+01  3.7773e+01
1.4691e+01  3.6500e+01
1.4695e+01  3.5181e+01
1.4700e+01  3.2639e+01
1.4705e+01  2.9978e+01
1.4710e+01  2.8037e+01
1.4714e+01  2.6907e+01
1.4719e+01  2.6724e+01
1.4724e+01  2.6597e+01
1.4728e+01  2.6466e+01
1.4733e+01  2.6745e+01
1.4738e+01  2.6683e+01
1.4743e+01  2.6370e+01
1.4747e+01  2.6693e+01
1.4752e+01  2.6148e+01
1.4757e+01  2.6583e+01
1.4761e+01  2.6423e+01
1.4766e+01  2.6556e+01
1.4771e+01  2.6942e+01
1.4775e+01  2.7019e+01
1.4780e+01  2.6445e+01
1.4785e+01  2.6701e+01
1.4789e+01  2.6429e+01
1.4794e+01  2.6338e+01
1.4799e+01  2.6994e+01
1.4804e+01  2.6763e+01
1.4808e+01  2.6764e+01
1.4813e+01  2.6817e+01
1.4818e+01  2.7221e+01
1.4822e+01  2.6687e+01
1.4827e+01  2.6701e+01
1.4832e+01  2.6697e+01
1.4836e+01  2.6827e+01
1.4841e+01  2.6619e+01
1.4846e+01  2.6522e+01
1.4850e+01  2.7162e+01
1.4855e+01  2.7053e+01
1.4860e+01  2.7117e+01
1.4865e+01  2.7534e+01
1.4869e+01  2.9033e+01
1.4874e+01  3.1504e+01
1.4879e+01  3.4593e+01
1.4883e+01  4.2891e+01
1.4888e+01  5.0670e+01
1.4893e+01  5.8929e+01
1.4897e+01  6.3955e+01
1.4902e+01  6.6761e+01
1.4907e+01  6.7363e+01
1.4911e+01  6.8004e+01
1.4916e+01  6.6246e+01
1.4921e+01  6.3352e+01
1.4925e+01  5.7600e+01
1.4930e+01  4.8870e+01
1.4935e+01  3.8574e+01
1.4939e+01  3.2509e+01
1.4944e+01  2.9166e+01
1.4949e+01  2.8640e+01
1.4953e+01  2.7579e+01
1.4958e+01  2.7429e+01
1.4963e+01  2.6796e+01
1.4968e+01  2.6920e+01
1.4972e+01  2.6903e+01
1.4977e+01  2.6731e+01
1.4982e+01  2.6937e+01
1.4986e+01  2.6750e+01
1.4991e+01  2.6429e+01
1.4996e+01  2.6368e+01
1.5000e+01  2.6716e+01
1.5005e+01  2.6688e+01
1.5010e+01  2.6982e+01
1.5014e+01  2.6645e+01
1.5019e+01  2.6627e+01
1.5024e+01  2.6469e+01
1.5028e+01  2.6608e+01
1.5033e+01  2.6283e+01
1.5038e+01  2.7178e+01
1.5042e+01  2.6639e+01
1.5047e+01  2.7048e+01
1.5052e+01  2.7425e+01
1.5056e+01  2.6114e+01
1.5061e+01  2.7035e+01
1.5066e+01  2.6485e+01
1.5070e+01  2.6886e+01
1.5075e+01  2.6313e+01
1.5080e+01  2.6773e+01
1.5084e+01  2.6813e+01
1.5089e+01  2.7711e+01
1.5094e+01  2.8361e+01
1.5098e+01  2.9664e+01
1.5103e+01  3.2924e+01
1.5108e+01  3.8574e+01
1.5112e+01  4.6666e+01
1.5117e+01  5.5685e+01
1.5122e+01  5.9456e+01
1.5126e+01  6.2714e+01
1.5131e+01  6.3904e+01
1.5136e+01  6.5557e+01
1.5140e+01  6.4873e+01
1.5145e+01  6.4024e+01
1.5150e+01  6.0105e+01
1.5154e+01  5.3887e+01
1.5159e+01  4.2697e+01
1.5164e+01  3.6142e+01
1.5168e+01  2.9811e+01
1.5173e+01  2.7634e+01
1.5178e+01  2.7536e+01
1.5182e+01  2.6992e+01
1.5187e+01  2.6653e+01
1.5191e+01  2.6913e+01
1.5196e+01  2.5502e+01
1.5201e+01  2.6532e+01
1.5205e+01  2.6524e+01
1.5210e+01  2.5280e+01
1.5215e+01  2.5483e+01
1.5219e+01  2.5371e+01
1.5224e+01  2.5750e+01
1.5229e+01  2.6063e+01
1.5233e+01  2.5865e+01
1.5238e+01  2.5517e+01
1.5243e+01  2.5861e+01
1.5247e+01  2.5694e+01
1.5252e+01  2.5574e+01
1.5257e+01  2.5548e+01
1.5261e+01  2.6027e+01
1.5266e+01  2.5311e+01
1.5271e+01  2.6402e+01
1.5275e+01  2.6539e+01
1.5280e+01  2.4581e+01
1.5284e+01  2.7475e+01
1.5289e+01  2.6665e+01
1.5294e+01  2.6043e+01
1.5298e+01  2.6481e+01
1.5303e+01  2.5159e+01
1.5308e+01  2.5129e+01
1.5312e+01  2.7485e+01
1.5317e+01  2.7044e+01
1.5322e+01  3.0803e+01
1.5326e+01  3.0638e+01
1.5331e+01  3.2281e+01
1.5336e+01  3.6580e+01
1.5340e+01  5.1902e+01
1.5345e+01  4.5999e+01
1.5349e+01  5.2468e+01
1.5354e+01  0.0000e+00
1.5359e+01  0.0000e+00
1.5363e+01  0.0000e+00
1.5368e+01  0.0000e+00
1.5373e+01  0.0000e+00
1.5377e+01  0.0000e+00
1.5382e+01  0.0000e+00
1.5387e+01  0.0000e+00
1.5391e+01  0.0000e+00
1.5396e+01  0.0000e+00
1.5400e+01  0.0000e+00
1.5405e+01  0.0000e+00
1.5410e+01  0.0000e+00
1.5414e+01  0.0000e+00
1.5419e+01  0.0000e+00
1.5424e+01  0.0000e+00
1.5428e+01  0.0000e+00
1.5433e+01  0.0000e+00
1.5438e+01  0.0000e+00
1.5442e+01  0.0000e+00
1.5489e+01  0.0000e+00
