# Configuration of all atom types in feff.inp.
  # Atomic occupation numbers including core hole, screening, and ionicity (but no SCF).
# iph, z,name,  iocc/ival (i=1,29)
  0   28  Ni   1.00   2.00   2.00   4.00   2.00   2.00   4.00   4.00   5.00   1.00   1.00   0.00   0.00   0.00   0.00   0.00   0.00   0.00   0.00   0.00   0.00   0.00   0.00   0.00   0.00   0.00   0.00   0.00   0.00
               0.00   0.00   0.00   0.00   0.00   0.00   0.00   4.00   5.00   1.00   1.00   0.00   0.00   0.00   0.00   0.00   0.00   0.00   0.00   0.00   0.00   0.00   0.00   0.00   0.00   0.00   0.00   0.00   0.00
  1   28  Ni   2.00   2.00   2.00   4.00   2.00   2.00   4.00   4.00   4.00   1.00   1.00   0.00   0.00   0.00   0.00   0.00   0.00   0.00   0.00   0.00   0.00   0.00   0.00   0.00   0.00   0.00   0.00   0.00   0.00
               0.00   0.00   0.00   0.00   0.00   0.00   0.00   4.00   4.00   1.00   1.00   0.00   0.00   0.00   0.00   0.00   0.00   0.00   0.00   0.00   0.00   0.00   0.00   0.00   0.00   0.00   0.00   0.00   0.00
  2   30  Zn   2.00   2.00   2.00   4.00   2.00   2.00   4.00   4.00   6.00   1.00   1.00   0.00   0.00   0.00   0.00   0.00   0.00   0.00   0.00   0.00   0.00   0.00   0.00   0.00   0.00   0.00   0.00   0.00   0.00
               0.00   0.00   0.00   0.00   0.00   0.00   0.00   4.00   6.00   1.00   1.00   0.00   0.00   0.00   0.00   0.00   0.00   0.00   0.00   0.00   0.00   0.00   0.00   0.00   0.00   0.00   0.00   0.00   0.00
  3   19  K    2.00   2.00   2.00   4.00   2.00   2.00   4.00   0.00   0.00   1.00   0.00   0.00   0.00   0.00   0.00   0.00   0.00   0.00   0.00   0.00   0.00   0.00   0.00   0.00   0.00   0.00   0.00   0.00   0.00
               0.00   0.00   0.00   0.00   2.00   2.00   4.00   0.00   0.00   1.00   0.00   0.00   0.00   0.00   0.00   0.00   0.00   0.00   0.00   0.00   0.00   0.00   0.00   0.00   0.00   0.00   0.00   0.00   0.00
  4   17  Cl   2.00   2.00   2.00   4.00   2.00   2.00   3.00   0.00   0.00   0.00   0.00   0.00   0.00   0.00   0.00   0.00   0.00   0.00   0.00   0.00   0.00   0.00   0.00   0.00   0.00   0.00   0.00   0.00   0.00
               0.00   0.00   0.00   0.00   2.00   2.00   3.00   0.00   0.00   0.00   0.00   0.00   0.00   0.00   0.00   0.00   0.00   0.00   0.00   0.00   0.00   0.00   0.00   0.00   0.00   0.00   0.00   0.00   0.00
