# # xx                                                           FEFF 9.9.1  
# # POT  SCF 100  5.0000   0, core-hole, AFOLP (folp(0)= 1.150)
# # Abs   Z=28 Rmt= 1.320 Rnm= 1.527 K  shell
# # Pot 1 Z=28 Rmt= 1.302 Rnm= 1.519
# # Pot 2 Z=30 Rmt= 1.280 Rnm= 1.497
# # Pot 3 Z=19 Rmt= 2.061 Rnm= 2.170
# # Pot 4 Z=17 Rmt= 1.374 Rnm= 1.582
# # Gam_ch=1.576E+00 H-L exch Vi= 0.000E+00 Vr= 0.000E+00
# # Mu=-7.123E+00eV kf=1.540E+00 Vint=-1.059E+01eV Rs_int= 2.355
# # PATH  Rmax= 5.000,  Keep_limit= 0.00, Heap_limit 0.00  Pwcrit= 2.50%
#  S02=1.000  Temp=   0.00  Debye_temp=   0.00  Global_sig2= 0.00000
#  Energy zero shift, vr, vi    0.00000E+00   0.00000E+00
#  Curved wave amplitude ratio filter   4.000%
#     file         sig2 tot  cw amp ratio   deg  nlegs   reff  inp sig2
#           1       0.00000    100.00      1.00     2   2.2463
#           2       0.00000     91.60      1.00     2   2.3355
#           3       0.00000     86.95      1.00     2   2.3891
#           4       0.00000     84.35      1.00     2   2.4208
#           5       0.00000     29.01      1.00     2   3.7168
#           6       0.00000     26.68      1.00     2   3.8394
#           7       0.00000     12.65      2.00     3   4.0191
#           8       0.00000     12.79      2.00     3   4.0234
#           9       0.00000     23.41      1.00     2   4.0357
#          10       0.00000     22.73      1.00     2   4.0594
#          11       0.00000     15.65      1.00     2   4.1582
#          12       0.00000     13.28      2.00     3   4.2204
#          13       0.00000      9.77      2.00     3   4.2360
#          14       0.00000     17.79      1.00     2   4.4385
#          15       0.00000     10.96      2.00     3   4.4404
#          16       0.00000     17.83      1.00     2   4.4634
#          17       0.00000     19.38      2.00     3   4.4658
#          18       0.00000     11.46      2.00     3   4.4787
#          19       0.00000     13.41      1.00     4   4.4926
#          20       0.00000     12.43      2.00     3   4.5004
#          21       0.00000      9.41      2.00     3   4.5398
#          22       0.00000      6.75      2.00     4   4.5818
#          23       0.00000     12.58      2.00     3   4.6188
#          24       0.00000      4.14      2.00     4   4.6354
#          25       0.00000     14.04      2.00     4   4.6671
#          26       0.00000     10.83      1.00     4   4.6710
#          27       0.00000      9.18      2.00     3   4.7524
#          29       0.00000      9.56      1.00     4   4.7783
#          31       0.00000      5.58      2.00     4   4.8099
#          32       0.00000      8.90      1.00     4   4.8416
#          33       0.00000     10.38      2.00     3   4.9811
#    31/  33 paths used
#  -----------------------------------------------------------------------
#       k          chi          mag           phase @#
     0.0000   -4.965499E-01  9.883638E-01 -2.615225E+00
     0.0500   -5.004697E-01  9.827738E-01 -2.607289E+00
     0.1000   -5.043141E-01  9.771644E-01 -2.599302E+00
     0.1500   -5.152423E-01  9.611711E-01 -2.575834E+00
     0.2000   -5.254983E-01  9.450095E-01 -2.551934E+00
     0.2500   -5.412002E-01  9.207816E-01 -2.513303E+00
     0.3000   -5.550624E-01  8.960902E-01 -2.473580E+00
     0.3500   -5.713776E-01  8.644137E-01 -2.419442E+00
     0.4000   -5.840946E-01  8.319313E-01 -2.363258E+00
     0.4500   -5.984553E-01  8.003013E-01 -2.296869E+00
     0.5000   -6.072508E-01  7.671842E-01 -2.228281E+00
     0.5500   -6.167691E-01  7.360108E-01 -2.148005E+00
     0.6000   -6.185153E-01  7.029406E-01 -2.065947E+00
     0.6500   -6.208910E-01  6.745280E-01 -1.972280E+00
     0.7000   -6.142768E-01  6.442850E-01 -1.877202E+00
     0.7500   -6.074748E-01  6.196156E-01 -1.769081E+00
     0.8000   -5.906784E-01  5.930286E-01 -1.659854E+00
     0.8500   -5.718107E-01  5.721585E-01 -1.535927E+00
     0.9000   -5.423371E-01  5.493443E-01 -1.410904E+00
     0.9500   -5.076384E-01  5.314948E-01 -1.270047E+00
     1.0000   -4.623011E-01  5.117065E-01 -1.127750E+00
     1.0500   -4.080185E-01  4.954869E-01 -9.674996E-01
     1.1000   -3.440324E-01  4.772677E-01 -8.050096E-01
     1.1500   -2.694850E-01  4.615484E-01 -6.234894E-01
     1.2000   -1.881361E-01  4.435600E-01 -4.380233E-01
     1.2500   -9.543103E-02  4.267800E-01 -2.255137E-01
     1.3000   -2.688607E-03  4.058680E-01 -6.624388E-03
     1.3500    8.771158E-02  3.795871E-01  2.331783E-01
     1.4000    1.591983E-01  3.493517E-01  4.731544E-01
     1.4500    2.096082E-01  3.151328E-01  7.276844E-01
     1.5000    2.310828E-01  2.789459E-01  9.762706E-01
     1.5500    2.279400E-01  2.417471E-01  1.231191E+00
     1.6000    2.043707E-01  2.053977E-01  1.470755E+00
     1.6500    1.710493E-01  1.727222E-01  1.710090E+00
     1.7000    1.345555E-01  1.434289E-01  1.924392E+00
     1.7500    1.003860E-01  1.200602E-01  2.151402E+00
     1.8000    7.086303E-02  1.004453E-01  2.358480E+00
     1.8500    4.259274E-02  8.526322E-02  2.618520E+00
     1.9000    1.830078E-02  7.174466E-02  2.883660E+00
     1.9500   -6.631318E-03  5.996816E-02  3.252400E+00
     2.0000   -2.225881E-02  4.753228E-02  3.628945E+00
     2.0500   -3.816407E-02  4.502762E-02  4.152982E+00
     2.1000   -4.233536E-02  4.235149E-02  4.684785E+00
     2.1500   -3.438736E-02  3.952493E-02  5.227949E+00
     2.2000   -1.747963E-02  3.666684E-02  5.786272E+00
     2.2500   -5.697686E-03  4.193562E-02  6.146896E+00
     2.3000    1.010459E-02  4.719308E-02  6.498968E+00
     2.3500    2.791247E-02  5.242127E-02  6.844695E+00
     2.4000    4.521012E-02  5.761290E-02  7.185433E+00
     2.4500    5.587409E-02  6.113689E-02  7.436019E+00
     2.5000    6.342437E-02  6.440521E-02  7.679236E+00
     2.5500    6.740210E-02  6.753204E-02  7.916025E+00
     2.6000    6.761015E-02  7.063225E-02  8.147563E+00
     2.6500    6.378391E-02  7.284402E-02  8.358053E+00
     2.7000    5.638321E-02  7.444688E-02  8.565515E+00
     2.7500    4.624590E-02  7.560441E-02  8.766592E+00
     2.8000    3.437636E-02  7.659107E-02  8.959323E+00
     2.8500    2.144305E-02  7.780988E-02  9.145582E+00
     2.9000    7.242634E-03  7.871981E-02  9.332642E+00
     2.9500   -7.221472E-03  7.933248E-02  9.515932E+00
     3.0000   -2.108897E-02  7.990282E-02  9.691875E+00
     3.0500   -3.467433E-02  8.075032E-02  9.868608E+00
     3.1000   -4.739546E-02  8.159034E-02  1.004461E+01
     3.1500   -5.884846E-02  8.245611E-02  1.021954E+01
     3.2000   -6.871584E-02  8.339277E-02  1.039322E+01
     3.2500   -7.671119E-02  8.428447E-02  1.056841E+01
     3.3000   -8.249486E-02  8.518469E-02  1.074361E+01
     3.3500   -8.586975E-02  8.612435E-02  1.091866E+01
     3.4000   -8.671924E-02  8.713766E-02  1.109361E+01
     3.4500   -8.452541E-02  8.781096E-02  1.126999E+01
     3.5000   -7.968051E-02  8.852944E-02  1.144650E+01
     3.5500   -7.229568E-02  8.932270E-02  1.162328E+01
     3.6000   -6.252666E-02  9.021484E-02  1.180061E+01
     3.6500   -5.033629E-02  9.082750E-02  1.197897E+01
     3.7000   -3.629150E-02  9.153105E-02  1.215868E+01
     3.7500   -2.071542E-02  9.232089E-02  1.234006E+01
     3.8000   -3.997647E-03  9.318237E-02  1.252346E+01
     3.8500    1.339734E-02  9.381524E-02  1.270967E+01
     3.9000    3.081201E-02  9.443681E-02  1.289873E+01
     3.9500    4.756499E-02  9.500400E-02  1.309074E+01
     4.0000    6.290424E-02  9.547063E-02  1.328571E+01
     4.0500    7.589073E-02  9.551940E-02  1.348456E+01
     4.1000    8.581420E-02  9.533610E-02  1.368642E+01
     4.1500    9.201766E-02  9.487780E-02  1.389100E+01
     4.2000    9.403559E-02  9.410783E-02  1.409798E+01
     4.2500    9.152499E-02  9.286634E-02  1.430734E+01
     4.3000    8.470216E-02  9.124861E-02  1.451826E+01
     4.3500    7.400249E-02  8.924499E-02  1.473028E+01
     4.4000    6.015819E-02  8.685512E-02  1.494284E+01
     4.4500    4.412824E-02  8.407992E-02  1.515544E+01
     4.5000    2.705583E-02  8.096259E-02  1.536723E+01
     4.5500    1.008914E-02  7.753219E-02  1.557746E+01
     4.6000   -5.702113E-03  7.382765E-02  1.578528E+01
     4.6500   -1.947988E-02  6.999773E-02  1.598998E+01
     4.7000   -3.062922E-02  6.603223E-02  1.619030E+01
     4.7500   -3.883997E-02  6.199180E-02  1.638506E+01
     4.8000   -4.409969E-02  5.794717E-02  1.657287E+01
     4.8500   -4.682139E-02  5.412944E-02  1.675309E+01
     4.9000   -4.736453E-02  5.051299E-02  1.692383E+01
     4.9500   -4.630022E-02  4.719140E-02  1.708411E+01
     5.0000   -4.421267E-02  4.425807E-02  1.723346E+01
     5.0500   -4.174154E-02  4.193134E-02  1.737394E+01
     5.1000   -3.912200E-02  4.015636E-02  1.750622E+01
     5.1500   -3.654650E-02  3.897451E-02  1.763360E+01
     5.2000   -3.401803E-02  3.838456E-02  1.776039E+01
     5.2500   -3.141158E-02  3.843442E-02  1.789289E+01
     5.3000   -2.836080E-02  3.893934E-02  1.803367E+01
     5.3500   -2.453110E-02  3.978356E-02  1.818512E+01
     5.4000   -1.963092E-02  4.084499E-02  1.834819E+01
     5.4500   -1.350843E-02  4.214599E-02  1.852328E+01
     5.5000   -6.065719E-03  4.344378E-02  1.870948E+01
     5.5500    2.490925E-03  4.464890E-02  1.890537E+01
     5.6000    1.174369E-02  4.569082E-02  1.910950E+01
     5.6500    2.114541E-02  4.657699E-02  1.932079E+01
     5.7000    2.997793E-02  4.720965E-02  1.953756E+01
     5.7500    3.752450E-02  4.756296E-02  1.975864E+01
     5.8000    4.314027E-02  4.762221E-02  1.998302E+01
     5.8500    4.641173E-02  4.745799E-02  2.020998E+01
     5.9000    4.698416E-02  4.699186E-02  2.043845E+01
     5.9500    4.482729E-02  4.623355E-02  2.066763E+01
     6.0000    4.016732E-02  4.519957E-02  2.089672E+01
     6.0500    3.349490E-02  4.400456E-02  2.112604E+01
     6.1000    2.532963E-02  4.256108E-02  2.135371E+01
     6.1500    1.639588E-02  4.090344E-02  2.157871E+01
     6.2000    7.425801E-03  3.907540E-02  2.179995E+01
     6.2500   -9.358962E-04  3.712799E-02  2.201636E+01
     6.3000   -8.203921E-03  3.511628E-02  2.222695E+01
     6.3500   -1.408770E-02  3.309550E-02  2.243085E+01
     6.4000   -1.848802E-02  3.111746E-02  2.262734E+01
     6.4500   -2.146415E-02  2.922831E-02  2.281587E+01
     6.5000   -2.318635E-02  2.746818E-02  2.299606E+01
     6.5500   -2.392014E-02  2.589399E-02  2.316896E+01
     6.6000   -2.390198E-02  2.454440E-02  2.333265E+01
     6.6500   -2.339688E-02  2.345987E-02  2.348865E+01
     6.7000   -2.259530E-02  2.266368E-02  2.363965E+01
     6.7500   -2.158736E-02  2.215689E-02  2.378917E+01
     6.8000   -2.036098E-02  2.191699E-02  2.394103E+01
     6.8500   -1.882250E-02  2.190120E-02  2.409859E+01
     6.9000   -1.683443E-02  2.205354E-02  2.426427E+01
     6.9500   -1.426192E-02  2.231306E-02  2.443932E+01
     7.0000   -1.101830E-02  2.262087E-02  2.462399E+01
     7.0500   -7.017897E-03  2.296043E-02  2.482212E+01
     7.1000   -2.415660E-03  2.325507E-02  2.502868E+01
     7.1500    2.572992E-03  2.346867E-02  2.524260E+01
     7.2000    7.638550E-03  2.357372E-02  2.546273E+01
     7.2500    1.241335E-02  2.355083E-02  2.568791E+01
     7.3000    1.651975E-02  2.338800E-02  2.591705E+01
     7.3500    1.962227E-02  2.307982E-02  2.614909E+01
     7.4000    2.147458E-02  2.262672E-02  2.638305E+01
     7.4500    2.195354E-02  2.203417E-02  2.661796E+01
     7.5000    2.107467E-02  2.131201E-02  2.685292E+01
     7.5500    1.900771E-02  2.052691E-02  2.709068E+01
     7.6000    1.594076E-02  1.963049E-02  2.732669E+01
     7.6500    1.221362E-02  1.864031E-02  2.755985E+01
     7.7000    8.200472E-03  1.757666E-02  2.778894E+01
     7.7500    4.259884E-03  1.646246E-02  2.801259E+01
     7.8000    6.907194E-04  1.532311E-02  2.822924E+01
     7.8500   -2.299565E-03  1.418646E-02  2.843715E+01
     7.9000   -4.609970E-03  1.308268E-02  2.863444E+01
     7.9500   -6.243180E-03  1.204396E-02  2.881927E+01
     8.0000   -7.286878E-03  1.110370E-02  2.899018E+01
     8.0500   -7.914468E-03  1.032857E-02  2.914735E+01
     8.1000   -8.250712E-03  9.707278E-03  2.929023E+01
     8.1500   -8.448779E-03  9.266439E-03  2.942189E+01
     8.2000   -8.623729E-03  9.019278E-03  2.954787E+01
     8.2500   -8.831969E-03  8.960980E-03  2.967524E+01
     8.3000   -9.063349E-03  9.068726E-03  2.981070E+01
     8.3500   -9.246592E-03  9.306883E-03  2.995902E+01
     8.4000   -9.266508E-03  9.634585E-03  3.012244E+01
     8.4500   -8.989512E-03  1.001226E-02  3.030106E+01
     8.5000   -8.292708E-03  1.040543E-02  3.049368E+01
     8.5500   -7.110353E-03  1.082424E-02  3.069924E+01
     8.6000   -5.381282E-03  1.121157E-02  3.091530E+01
     8.6500   -3.146573E-03  1.155056E-02  3.114002E+01
     8.7000   -5.220259E-04  1.182907E-02  3.137178E+01
     8.7500    2.312274E-03  1.203891E-02  3.160919E+01
     8.8000    5.132609E-03  1.217514E-02  3.185110E+01
     8.8500    7.699161E-03  1.223547E-02  3.209651E+01
     8.9000    9.786126E-03  1.221984E-02  3.234462E+01
     8.9500    1.120989E-02  1.212999E-02  3.259472E+01
     9.0000    1.185121E-02  1.196918E-02  3.284621E+01
     9.0500    1.169700E-02  1.177404E-02  3.310118E+01
     9.1000    1.073247E-02  1.151247E-02  3.335694E+01
     9.1500    9.065840E-03  1.118957E-02  3.361302E+01
     9.2000    6.869688E-03  1.081119E-02  3.386896E+01
     9.2500    4.358722E-03  1.038375E-02  3.412433E+01
     9.3000    1.763503E-03  9.914101E-03  3.437869E+01
     9.3500   -6.960447E-04  9.409372E-03  3.463156E+01
     9.4000   -2.833846E-03  8.876867E-03  3.488245E+01
     9.4500   -4.514781E-03  8.323947E-03  3.513079E+01
     9.5000   -5.663989E-03  7.757939E-03  3.537597E+01
     9.5500   -6.283048E-03  7.189706E-03  3.562068E+01
     9.6000   -6.382094E-03  6.618026E-03  3.586050E+01
     9.6500   -6.046892E-03  6.050408E-03  3.609422E+01
     9.7000   -5.393428E-03  5.494456E-03  3.632038E+01
     9.7500   -4.549335E-03  4.957955E-03  3.653715E+01
     9.8000   -3.636264E-03  4.448986E-03  3.674236E+01
     9.8500   -2.755513E-03  3.976079E-03  3.693344E+01
     9.9000   -1.978525E-03  3.548338E-03  3.710763E+01
     9.9500   -1.342950E-03  3.175390E-03  3.726244E+01
    10.0000   -8.540922E-04  2.866879E-03  3.739660E+01
    10.0500   -4.919773E-04  2.643619E-03  3.751192E+01
    10.1000   -2.158073E-04  2.499833E-03  3.761268E+01
    10.1500    2.341755E-05  2.436016E-03  3.770873E+01
    10.2000    2.738528E-04  2.444500E-03  3.781138E+01
    10.2500    5.734422E-04  2.511136E-03  3.792950E+01
    10.3000    9.431088E-04  2.619170E-03  3.806746E+01
    10.3500    1.383265E-03  2.752843E-03  3.822558E+01
    10.4000    1.873830E-03  2.899295E-03  3.840184E+01
    10.4500    2.377420E-03  3.048955E-03  3.859338E+01
    10.5000    2.844938E-03  3.195155E-03  3.879732E+01
    10.5500    3.222561E-03  3.333525E-03  3.901117E+01
    10.6000    3.459036E-03  3.461406E-03  3.923290E+01
    10.6500    3.512319E-03  3.577389E-03  3.946093E+01
    10.7000    3.354798E-03  3.680945E-03  3.969404E+01
    10.7500    2.976678E-03  3.772144E-03  3.993133E+01
    10.8000    2.387370E-03  3.851444E-03  4.017214E+01
    10.8500    1.615012E-03  3.919524E-03  4.041601E+01
    10.9000    7.043987E-04  3.977143E-03  4.066265E+01
    10.9500   -2.863144E-04  4.025047E-03  4.091190E+01
    11.0000   -1.289800E-03  4.063882E-03  4.116367E+01
    11.0500   -2.262635E-03  4.118721E-03  4.142230E+01
    11.1000   -3.107931E-03  4.162340E-03  4.168376E+01
    11.1500   -3.752000E-03  4.194610E-03  4.194797E+01
    11.2000   -4.134128E-03  4.215348E-03  4.221488E+01
    11.2500   -4.213077E-03  4.224311E-03  4.248444E+01
    11.3000   -3.972269E-03  4.221207E-03  4.275664E+01
    11.3500   -3.423002E-03  4.205703E-03  4.303147E+01
    11.4000   -2.605165E-03  4.177440E-03  4.330892E+01
    11.4500   -1.585084E-03  4.136051E-03  4.358900E+01
    11.5000   -4.504249E-04  4.081178E-03  4.387171E+01
    11.5500    6.976240E-04  4.012496E-03  4.415705E+01
    11.6000    1.754245E-03  3.929726E-03  4.444504E+01
    11.6500    2.622016E-03  3.832656E-03  4.473570E+01
    11.7000    3.221812E-03  3.721157E-03  4.502906E+01
    11.7500    3.502221E-03  3.595198E-03  4.532517E+01
    11.8000    3.446151E-03  3.454859E-03  4.562411E+01
    11.8500    3.073543E-03  3.300341E-03  4.592598E+01
    11.9000    2.439565E-03  3.131980E-03  4.623095E+01
    11.9500    1.628234E-03  2.950253E-03  4.653925E+01
    12.0000    7.420618E-04  2.755794E-03  4.685125E+01
    12.0500   -1.152079E-04  2.546839E-03  4.716914E+01
    12.1000   -8.359854E-04  2.325576E-03  4.749159E+01
    12.1500   -1.341721E-03  2.093140E-03  4.781970E+01
    12.2000   -1.588088E-03  1.850953E-03  4.815522E+01
    12.2500   -1.570942E-03  1.600831E-03  4.850114E+01
    12.3000   -1.326258E-03  1.345235E-03  4.886285E+01
    12.3500   -9.239038E-04  1.087880E-03  4.925088E+01
    12.4000   -4.560206E-04  8.354503E-04  4.968809E+01
    12.4500   -2.175221E-05  6.031947E-04  5.022941E+01
    12.5000    2.893191E-04  4.338317E-04  5.099551E+01
    12.5500    4.123562E-04  4.174686E-04  5.199294E+01
    12.6000    3.185481E-04  5.666527E-04  5.281008E+01
    12.6500    2.053738E-05  7.895656E-04  5.338106E+01
    12.7000   -4.290390E-04  1.035240E-03  5.383440E+01
    12.7500   -9.458060E-04  1.285450E-03  5.423389E+01
    12.8000   -1.427477E-03  1.532291E-03  5.460585E+01
    12.8500   -1.771064E-03  1.771281E-03  5.496222E+01
    12.9000   -1.890677E-03  1.999294E-03  5.530901E+01
    12.9500   -1.732949E-03  2.213858E-03  5.564956E+01
    13.0000   -1.287485E-03  2.412878E-03  5.598583E+01
    13.0500   -5.925353E-04  2.605776E-03  5.631927E+01
    13.1000    2.839683E-04  2.783064E-03  5.665088E+01
    13.1500    1.233615E-03  2.943014E-03  5.698120E+01
    13.2000    2.128929E-03  3.083987E-03  5.731059E+01
    13.2500    2.842179E-03  3.204454E-03  5.763936E+01
    13.3000    3.265049E-03  3.303014E-03  5.796770E+01
    13.3500    3.326033E-03  3.378417E-03  5.829579E+01
    13.4000    3.002638E-03  3.429593E-03  5.862377E+01
    13.4500    2.326275E-03  3.455674E-03  5.895177E+01
    13.5000    1.378795E-03  3.456018E-03  5.927988E+01
    13.5500    2.810263E-04  3.430234E-03  5.960824E+01
    13.6000   -8.249877E-04  3.378196E-03  5.993696E+01
    13.6500   -1.797278E-03  3.300062E-03  6.026620E+01
    13.7000   -2.515318E-03  3.196288E-03  6.059611E+01
    13.7500   -2.897986E-03  3.067629E-03  6.092694E+01
    13.8000   -2.915141E-03  2.915147E-03  6.125897E+01
    13.8500   -2.590946E-03  2.740212E-03  6.159264E+01
    13.9000   -1.998415E-03  2.544502E-03  6.192853E+01
    13.9500   -1.246210E-03  2.330005E-03  6.226752E+01
    14.0000   -4.599722E-04  2.099038E-03  6.261093E+01
    14.0500    2.334709E-04  1.865348E-03  6.295734E+01
    14.1000    7.502093E-04  1.619702E-03  6.331343E+01
    14.1500    1.028638E-03  1.365316E-03  6.368508E+01
    14.2000    1.051056E-03  1.106893E-03  6.408367E+01
    14.2500    8.453309E-04  8.526206E-04  6.453351E+01
    14.3000    4.790172E-04  6.204753E-04  6.509144E+01
    14.3500    4.680510E-05  4.578675E-04  6.587104E+01
    14.4000   -3.466685E-04  4.531089E-04  6.684462E+01
    14.4500   -6.057541E-04  6.082785E-04  6.763538E+01
    14.5000   -6.611752E-04  8.338321E-04  6.819943E+01
    14.5500   -4.827692E-04  1.080026E-03  6.865163E+01
    14.6000   -8.527815E-05  1.327879E-03  6.905077E+01
    14.6500    4.738550E-04  1.568677E-03  6.942190E+01
    14.7000    1.104253E-03  1.797365E-03  6.977663E+01
    14.7500    1.698105E-03  2.010505E-03  7.012089E+01
    14.8000    2.148562E-03  2.205563E-03  7.045799E+01
    14.8500    2.367738E-03  2.380626E-03  7.078994E+01
    14.9000    2.301267E-03  2.534264E-03  7.111800E+01
    14.9500    1.937103E-03  2.665445E-03  7.144306E+01
    15.0000    1.307416E-03  2.773469E-03  7.176575E+01
    15.0500    4.802263E-04  2.873749E-03  7.208874E+01
    15.1000   -4.528879E-04  2.950814E-03  7.241072E+01
    15.1500   -1.374819E-03  3.003876E-03  7.273202E+01
    15.2000   -2.167303E-03  3.032296E-03  7.305288E+01
    15.2500   -2.728237E-03  3.035615E-03  7.337352E+01
    15.3000   -2.986833E-03  3.013573E-03  7.369411E+01
    15.3500   -2.914235E-03  2.966147E-03  7.401479E+01
    15.4000   -2.527805E-03  2.893577E-03  7.433569E+01
    15.4500   -1.888254E-03  2.796397E-03  7.465693E+01
    15.5000   -1.089943E-03  2.675449E-03  7.497863E+01
    15.5500   -2.458576E-04  2.531900E-03  7.530097E+01
    15.6000    5.302695E-04  2.367234E-03  7.562414E+01
    15.6500    1.141646E-03  2.183243E-03  7.594849E+01
    15.7000    1.522898E-03  1.982002E-03  7.627450E+01
    15.7500    1.648884E-03  1.765842E-03  7.660302E+01
    15.8000    1.536455E-03  1.537321E-03  7.693545E+01
    15.8500    1.239115E-03  1.299225E-03  7.727440E+01
    15.9000    8.357820E-04  1.054646E-03  7.762496E+01
    15.9500    4.159277E-04  8.073292E-04  7.799859E+01
    16.0000    6.382662E-05  5.630785E-04  7.842622E+01
    16.0500   -1.633059E-04  3.372723E-04  7.904526E+01
    16.1000   -2.172928E-04  2.194932E-04  8.025233E+01
    16.1500   -9.067662E-05  3.477402E-04  8.141760E+01
    16.2000    1.889048E-04  5.726546E-04  8.201758E+01
    16.2500    5.636704E-04  8.128242E-04  8.244771E+01
    16.3000    9.556168E-04  1.051910E-03  8.282099E+01
    16.3500    1.279770E-03  1.284178E-03  8.316933E+01
    16.4000    1.458622E-03  1.506349E-03  8.350460E+01
    16.4500    1.435417E-03  1.716006E-03  8.383216E+01
    16.5000    1.184181E-03  1.911154E-03  8.415475E+01
    16.5500    7.148806E-04  2.090078E-03  8.447392E+01
    16.6000    7.291183E-05  2.251287E-03  8.479061E+01
    16.6500   -6.670040E-04  2.393501E-03  8.510541E+01
    16.7000   -1.411550E-03  2.515642E-03  8.541873E+01
    16.7500   -2.062487E-03  2.616836E-03  8.573082E+01
    16.8000   -2.531151E-03  2.696419E-03  8.604187E+01
    16.8500   -2.751527E-03  2.753932E-03  8.635200E+01
    16.9000   -2.689920E-03  2.789130E-03  8.666132E+01
    16.9500   -2.349781E-03  2.801976E-03  8.696986E+01
    17.0000   -1.771010E-03  2.792644E-03  8.727766E+01
    17.0500   -1.024871E-03  2.762791E-03  8.758456E+01
    17.1000   -1.997891E-04  2.711625E-03  8.789085E+01
    17.1500    6.068007E-04  2.639831E-03  8.819653E+01
    17.2000    1.303586E-03  2.548275E-03  8.850159E+01
    17.2500    1.817704E-03  2.437994E-03  8.880599E+01
    17.3000    2.103989E-03  2.310182E-03  8.910968E+01
    17.3500    2.149870E-03  2.166183E-03  8.941259E+01
    17.4000    1.975314E-03  2.007467E-03  8.971461E+01
    17.4500    1.628028E-03  1.835626E-03  9.001558E+01
    17.5000    1.174808E-03  1.652347E-03  9.031528E+01
    17.5500    6.905077E-04  1.459401E-03  9.061333E+01
    17.6000    2.463974E-04  1.258624E-03  9.090915E+01
    17.6500   -1.002835E-04  1.051908E-03  9.120167E+01
    17.7000   -3.140407E-04  8.411907E-04  9.148878E+01
    17.7500   -3.850437E-04  6.284935E-04  9.176559E+01
    17.8000   -3.288276E-04  4.161046E-04  9.201741E+01
    17.8500   -1.820263E-04  2.080061E-04  9.217183E+01
    17.9000    5.006626E-06  5.960265E-05  9.102209E+01
    17.9500    1.773873E-04  2.220973E-04  9.018107E+01
    18.0000    2.851765E-04  4.163907E-04  9.035175E+01
    18.0500    2.950063E-04  6.085058E-04  9.060005E+01
    18.1000    1.842623E-04  7.924851E-04  9.087153E+01
    18.1500   -4.416729E-05  9.666287E-04  9.115189E+01
    18.2000   -3.661414E-04  1.129682E-03  9.143626E+01
    18.2500   -7.402135E-04  1.280633E-03  9.172247E+01
    18.3000   -1.114125E-03  1.418661E-03  9.200943E+01
    18.3500   -1.432760E-03  1.543127E-03  9.229648E+01
    18.4000   -1.646302E-03  1.653564E-03  9.258323E+01
    18.4500   -1.717390E-03  1.749673E-03  9.286938E+01
    18.5000   -1.626275E-03  1.831319E-03  9.315473E+01
    18.5500   -1.373345E-03  1.898522E-03  9.343910E+01
    18.6000   -9.787924E-04  1.951450E-03  9.372236E+01
    18.6500   -4.796526E-04  1.990409E-03  9.400440E+01
    18.7000    7.522865E-05  2.015826E-03  9.428511E+01
    18.7500    6.314790E-04  2.028237E-03  9.456439E+01
    18.8000    1.135812E-03  2.028271E-03  9.484215E+01
    18.8500    1.542085E-03  2.016632E-03  9.511833E+01
    18.9000    1.816079E-03  1.994079E-03  9.539284E+01
    18.9500    1.938509E-03  1.961408E-03  9.566562E+01
    19.0000    1.906082E-03  1.919435E-03  9.593660E+01
    19.0500    1.732089E-03  1.870627E-03  9.620585E+01
    19.1000    1.438720E-03  1.813727E-03  9.647326E+01
    19.1500    1.059629E-03  1.749468E-03  9.673874E+01
    19.2000    6.337648E-04  1.678545E-03  9.700220E+01
    19.2500    2.010495E-04  1.601601E-03  9.726351E+01
    19.3000   -2.016197E-04  1.519227E-03  9.752248E+01
    19.3500   -5.437091E-04  1.431964E-03  9.777884E+01
    19.4000   -8.034715E-04  1.340315E-03  9.803220E+01
    19.4500   -9.693216E-04  1.244758E-03  9.828200E+01
    19.5000   -1.040130E-03  1.145776E-03  9.852737E+01
    19.5500   -1.024483E-03  1.043894E-03  9.876702E+01
    19.6000   -9.390335E-04  9.397421E-04  9.899900E+01
    19.6500   -8.061066E-04  8.341575E-04  9.922024E+01
    19.7000   -6.508054E-04  7.283575E-04  9.942583E+01
    19.7500   -4.978785E-04  6.242669E-04  9.960776E+01
    19.8000   -3.686640E-04  5.251595E-04  9.975276E+01
    19.8500   -2.784364E-04  4.369030E-04  9.983998E+01
    19.9000   -2.344705E-04  3.698795E-04  9.984437E+01
    19.9500   -2.350912E-04  3.391269E-04  9.976501E+01
    20.0000   -2.698872E-04  3.555560E-04  9.966910E+01
