# xx                                                               FEFF 9.9.1
# POT  SCF 100  5.0000   0, core-hole, AFOLP (folp(0)= 1.150)
# Abs   Z=28 Rmt= 1.320 Rnm= 1.527 K  shell
# Pot 1 Z=28 Rmt= 1.302 Rnm= 1.519
# Pot 2 Z=30 Rmt= 1.280 Rnm= 1.497
# Pot 3 Z=19 Rmt= 2.061 Rnm= 2.170
# Pot 4 Z=17 Rmt= 1.374 Rnm= 1.582
# Gam_ch=1.576E+00 H-L exch Vi= 0.000E+00 Vr= 0.000E+00
# Mu=-7.123E+00eV kf=1.540E+00 Vint=-1.059E+01eV Rs_int= 2.355
# PATH  Rmax= 5.000,  Keep_limit= 0.00, Heap_limit 0.00  Pwcrit= 2.50%
 S02  1.000                                        Global sig2  0.00000
 Debye-waller factor    0.0000000000000000        0.0000000000000000     
 -----------------------------------------------------------------------
       k         chi           mag          phase        phase-2kr  @#
     0.0000    8.149464E-03  4.176477E-02  1.963877E-01  1.963877E-01
     0.0500    8.785388E-03  4.165733E-02  2.124921E-01 -1.934511E-01
     0.1000    9.415652E-03  4.154989E-02  2.285965E-01 -5.832899E-01
     0.1500    1.126965E-02  4.124195E-02  2.767772E-01 -9.410524E-01
     0.2000    1.306896E-02  4.093402E-02  3.249579E-01 -1.298815E+00
     0.2500    1.593891E-02  4.046369E-02  4.048779E-01 -1.624838E+00
     0.3000    1.863809E-02  3.999337E-02  4.847979E-01 -1.950861E+00
     0.3500    2.212250E-02  3.941459E-02  5.959277E-01 -2.245675E+00
     0.4000    2.522773E-02  3.883582E-02  7.070574E-01 -2.540488E+00
     0.4500    2.865674E-02  3.819476E-02  8.484843E-01 -2.805004E+00
     0.5000    3.139405E-02  3.755371E-02  9.899113E-01 -3.069521E+00
     0.5500    3.383376E-02  3.689424E-02  1.160611E+00 -3.304764E+00
     0.6000    3.520065E-02  3.623478E-02  1.331311E+00 -3.540007E+00
     0.6500    3.555307E-02  3.558274E-02  1.529955E+00 -3.747306E+00
     0.7000    3.449667E-02  3.493069E-02  1.728600E+00 -3.954605E+00
     0.7500    3.181324E-02  3.429619E-02  1.953649E+00 -4.135499E+00
     0.8000    2.763114E-02  3.366170E-02  2.178698E+00 -4.316393E+00
     0.8500    2.161432E-02  3.304093E-02  2.428510E+00 -4.472524E+00
     0.9000    1.448780E-02  3.242015E-02  2.678322E+00 -4.628655E+00
     0.9500    6.013516E-03  3.179893E-02  2.951336E+00 -4.761585E+00
     1.0000   -2.577254E-03  3.117771E-02  3.224350E+00 -4.894514E+00
     1.0500   -1.126091E-02  3.053540E-02  3.519291E+00 -5.005516E+00
     1.1000   -1.862497E-02  2.989309E-02  3.814232E+00 -5.116519E+00
     1.1500   -2.439642E-02  2.920507E-02  4.130360E+00 -5.206334E+00
     1.2000   -2.751484E-02  2.851705E-02  4.446488E+00 -5.296149E+00
     1.2500   -2.768553E-02  2.775614E-02  4.783733E+00 -5.364847E+00
     1.3000   -2.477305E-02  2.699524E-02  5.120978E+00 -5.433545E+00
     1.3500   -1.880444E-02  2.613435E-02  5.480060E+00 -5.480406E+00
     1.4000   -1.085732E-02  2.527347E-02  5.839143E+00 -5.527267E+00
     1.4500   -1.500605E-03  2.428554E-02  6.221356E+00 -5.550997E+00
     1.5000    7.337135E-03  2.329761E-02  6.603569E+00 -5.574727E+00
     1.5500    1.473612E-02  2.216303E-02  7.010541E+00 -5.573699E+00
     1.6000    1.905704E-02  2.102846E-02  7.417512E+00 -5.572670E+00
     1.6500    1.974789E-02  1.974799E-02  7.850822E+00 -5.545304E+00
     1.7000    1.678519E-02  1.846752E-02  8.284131E+00 -5.517938E+00
     1.7500    1.073332E-02  1.707842E-02  8.745190E+00 -5.462822E+00
     1.8000    3.401355E-03  1.568933E-02  9.206249E+00 -5.407707E+00
     1.8500   -4.196300E-03  1.418003E-02  9.725207E+00 -5.294691E+00
     1.9000   -9.258859E-03  1.267073E-02  1.024417E+01 -5.181676E+00
     1.9500   -1.007298E-02  1.035383E-02  1.076213E+01 -5.069658E+00
     2.0000   -7.713837E-03  8.036938E-03  1.128009E+01 -4.957639E+00
     2.0500   -5.198167E-03  7.053405E-03  1.173779E+01 -4.905881E+00
     2.1000   -2.199936E-03  6.069872E-03  1.219549E+01 -4.854124E+00
     2.1500    4.410486E-04  5.086340E-03  1.265319E+01 -4.802366E+00
     2.2000    2.125294E-03  4.102808E-03  1.311089E+01 -4.750608E+00
     2.2500    3.260532E-03  3.839465E-03  1.358087E+01 -4.686576E+00
     2.3000    3.562807E-03  3.576123E-03  1.405084E+01 -4.622545E+00
     2.3500    3.071956E-03  3.312781E-03  1.452082E+01 -4.558513E+00
     2.4000    2.004260E-03  3.049439E-03  1.499079E+01 -4.494482E+00
     2.4500    8.364813E-04  3.060848E-03  1.543116E+01 -4.460059E+00
     2.5000   -5.002624E-04  3.072258E-03  1.587152E+01 -4.425636E+00
     2.5500   -1.751149E-03  3.083667E-03  1.631189E+01 -4.391214E+00
     2.6000   -2.675908E-03  3.095077E-03  1.675226E+01 -4.356791E+00
     2.6500   -3.153177E-03  3.182753E-03  1.714233E+01 -4.372663E+00
     2.7000   -3.165795E-03  3.270429E-03  1.753240E+01 -4.388536E+00
     2.7500   -2.686066E-03  3.358105E-03  1.792247E+01 -4.404408E+00
     2.8000   -1.762775E-03  3.445781E-03  1.831254E+01 -4.420280E+00
     2.8500   -6.050006E-04  3.541419E-03  1.867788E+01 -4.460884E+00
     2.9000    6.999622E-04  3.637057E-03  1.904322E+01 -4.501489E+00
     2.9500    1.979593E-03  3.732695E-03  1.940856E+01 -4.542093E+00
     3.0000    3.055862E-03  3.828333E-03  1.977389E+01 -4.582697E+00
     3.0500    3.749647E-03  3.913405E-03  2.013004E+01 -4.632495E+00
     3.1000    3.989815E-03  3.998476E-03  2.048619E+01 -4.682292E+00
     3.1500    3.725338E-03  4.083548E-03  2.084233E+01 -4.732089E+00
     3.2000    2.969017E-03  4.168620E-03  2.119848E+01 -4.781887E+00
     3.2500    1.803123E-03  4.236113E-03  2.155146E+01 -4.834845E+00
     3.3000    3.726613E-04  4.303606E-03  2.190445E+01 -4.887804E+00
     3.3500   -1.150243E-03  4.371099E-03  2.225743E+01 -4.940763E+00
     3.4000   -2.576331E-03  4.438592E-03  2.261042E+01 -4.993722E+00
     3.4500   -3.702469E-03  4.483400E-03  2.296280E+01 -5.047283E+00
     3.5000   -4.391039E-03  4.528208E-03  2.331518E+01 -5.100844E+00
     3.5500   -4.547534E-03  4.573017E-03  2.366756E+01 -5.154405E+00
     3.6000   -4.141904E-03  4.617825E-03  2.401995E+01 -5.207965E+00
     3.6500   -3.195234E-03  4.637964E-03  2.437273E+01 -5.261125E+00
     3.7000   -1.844917E-03  4.658103E-03  2.472551E+01 -5.314285E+00
     3.7500   -2.545818E-04  4.678243E-03  2.507830E+01 -5.367444E+00
     3.8000    1.381007E-03  4.698382E-03  2.543108E+01 -5.420604E+00
     3.8500    2.847665E-03  4.695078E-03  2.578442E+01 -5.473208E+00
     3.9000    3.960661E-03  4.691774E-03  2.613776E+01 -5.525811E+00
     3.9500    4.583072E-03  4.688471E-03  2.649110E+01 -5.578415E+00
     4.0000    4.638737E-03  4.685167E-03  2.684444E+01 -5.631019E+00
     4.0500    4.102186E-03  4.660271E-03  2.719795E+01 -5.683446E+00
     4.1000    3.066467E-03  4.635376E-03  2.755147E+01 -5.735874E+00
     4.1500    1.664423E-03  4.610480E-03  2.790498E+01 -5.788301E+00
     4.2000    7.260341E-05  4.585584E-03  2.825850E+01 -5.840729E+00
     4.2500   -1.506708E-03  4.550989E-03  2.861177E+01 -5.893398E+00
     4.3000   -2.877338E-03  4.516393E-03  2.896505E+01 -5.946068E+00
     4.3500   -3.874138E-03  4.481798E-03  2.931832E+01 -5.998737E+00
     4.4000   -4.380408E-03  4.447203E-03  2.967160E+01 -6.051407E+00
     4.4500   -4.337719E-03  4.409315E-03  3.002558E+01 -6.103362E+00
     4.5000   -3.761851E-03  4.371428E-03  3.037957E+01 -6.155318E+00
     4.5500   -2.732876E-03  4.333541E-03  3.073356E+01 -6.207274E+00
     4.6000   -1.385400E-03  4.295654E-03  3.108754E+01 -6.259230E+00
     4.6500    1.162842E-04  4.256663E-03  3.144325E+01 -6.309470E+00
     4.7000    1.576263E-03  4.217672E-03  3.179895E+01 -6.359709E+00
     4.7500    2.813709E-03  4.178681E-03  3.215466E+01 -6.409949E+00
     4.8000    3.678811E-03  4.139690E-03  3.251036E+01 -6.460189E+00
     4.8500    4.071172E-03  4.099894E-03  3.286829E+01 -6.508205E+00
     4.9000    3.944220E-03  4.060098E-03  3.322621E+01 -6.556222E+00
     4.9500    3.323953E-03  4.020302E-03  3.358414E+01 -6.604238E+00
     5.0000    2.298061E-03  3.980506E-03  3.394207E+01 -6.652255E+00
     5.0500    9.970392E-04  3.940232E-03  3.430170E+01 -6.698566E+00
     5.1000   -4.041262E-04  3.899958E-03  3.466133E+01 -6.744878E+00
     5.1500   -1.725390E-03  3.859684E-03  3.502096E+01 -6.791190E+00
     5.2000   -2.800539E-03  3.819410E-03  3.538059E+01 -6.837501E+00
     5.2500   -3.499080E-03  3.777664E-03  3.574187E+01 -6.882166E+00
     5.3000   -3.734736E-03  3.735919E-03  3.610315E+01 -6.926830E+00
     5.3500   -3.487462E-03  3.694173E-03  3.646443E+01 -6.971494E+00
     5.4000   -2.799659E-03  3.652428E-03  3.682571E+01 -7.016159E+00
     5.4500   -1.767453E-03  3.611254E-03  3.718768E+01 -7.060132E+00
     5.5000   -5.316180E-04  3.570080E-03  3.754965E+01 -7.104106E+00
     5.5500    7.442775E-04  3.528906E-03  3.791162E+01 -7.148079E+00
     5.6000    1.895211E-03  3.487732E-03  3.827359E+01 -7.192053E+00
     5.6500    2.777189E-03  3.446849E-03  3.863600E+01 -7.235583E+00
     5.7000    3.281207E-03  3.405965E-03  3.899841E+01 -7.279113E+00
     5.7500    3.351184E-03  3.365082E-03  3.936082E+01 -7.322644E+00
     5.8000    2.988434E-03  3.324199E-03  3.972324E+01 -7.366174E+00
     5.8500    2.250845E-03  3.284773E-03  4.008578E+01 -7.409578E+00
     5.9000    1.241010E-03  3.245348E-03  4.044832E+01 -7.452982E+00
     5.9500    9.568032E-05  3.205923E-03  4.081086E+01 -7.496386E+00
     6.0000   -1.034136E-03  3.166497E-03  4.117339E+01 -7.539790E+00
     6.0500   -2.006446E-03  3.130073E-03  4.153653E+01 -7.582594E+00
     6.1000   -2.697200E-03  3.093648E-03  4.189967E+01 -7.625397E+00
     6.1500   -3.023491E-03  3.057223E-03  4.226281E+01 -7.668201E+00
     6.2000   -2.951602E-03  3.020799E-03  4.262595E+01 -7.711004E+00
     6.2500   -2.500249E-03  2.984374E-03  4.298909E+01 -7.753808E+00
     6.3000   -1.736924E-03  2.947949E-03  4.335223E+01 -7.796612E+00
     6.3500   -7.679640E-04  2.911525E-03  4.371537E+01 -7.839415E+00
     6.4000    2.761990E-04  2.875100E-03  4.407851E+01 -7.882219E+00
     6.4500    1.258581E-03  2.838675E-03  4.444165E+01 -7.925022E+00
     6.5000    2.053614E-03  2.802251E-03  4.480479E+01 -7.967826E+00
     6.5500    2.569305E-03  2.769298E-03  4.517072E+01 -8.007839E+00
     6.6000    2.735975E-03  2.736345E-03  4.553665E+01 -8.047851E+00
     6.6500    2.539966E-03  2.703392E-03  4.590258E+01 -8.087864E+00
     6.7000    2.015696E-03  2.670439E-03  4.626851E+01 -8.127877E+00
     6.7500    1.239982E-03  2.637486E-03  4.663444E+01 -8.167890E+00
     6.8000    3.208852E-04  2.604533E-03  4.700037E+01 -8.207902E+00
     6.8500   -6.172994E-04  2.571580E-03  4.736630E+01 -8.247915E+00
     6.9000   -1.450850E-03  2.538627E-03  4.773223E+01 -8.287928E+00
     6.9500   -2.072931E-03  2.505674E-03  4.809816E+01 -8.327941E+00
     7.0000   -2.407271E-03  2.472721E-03  4.846410E+01 -8.367953E+00
     7.0500   -2.417448E-03  2.441157E-03  4.883417E+01 -8.403823E+00
     7.1000   -2.103480E-03  2.409593E-03  4.920424E+01 -8.439692E+00
     7.1500   -1.515840E-03  2.378029E-03  4.957432E+01 -8.475561E+00
     7.2000   -7.405497E-04  2.346465E-03  4.994439E+01 -8.511430E+00
     7.2500    1.133447E-04  2.314901E-03  5.031447E+01 -8.547299E+00
     7.3000    9.290874E-04  2.283337E-03  5.068454E+01 -8.583169E+00
     7.3500    1.598176E-03  2.251773E-03  5.105461E+01 -8.619038E+00
     7.4000    2.034789E-03  2.220209E-03  5.142469E+01 -8.654907E+00
     7.4500    2.186759E-03  2.188645E-03  5.179476E+01 -8.690776E+00
     7.5000    2.041698E-03  2.157082E-03  5.216484E+01 -8.726646E+00
     7.5500    1.626149E-03  2.127930E-03  5.253729E+01 -8.760138E+00
     7.6000    1.001301E-03  2.098778E-03  5.290974E+01 -8.793630E+00
     7.6500    2.577970E-04  2.069627E-03  5.328219E+01 -8.827122E+00
     7.7000   -5.000055E-04  2.040475E-03  5.365464E+01 -8.860614E+00
     7.7500   -1.168676E-03  2.011324E-03  5.402709E+01 -8.894105E+00
     7.8000   -1.659825E-03  1.982172E-03  5.439954E+01 -8.927597E+00
     7.8500   -1.911776E-03  1.953020E-03  5.477199E+01 -8.961089E+00
     7.9000   -1.897240E-03  1.923869E-03  5.514444E+01 -8.994581E+00
     7.9500   -1.626065E-03  1.894717E-03  5.551690E+01 -9.028073E+00
     8.0000   -1.142808E-03  1.865565E-03  5.588935E+01 -9.061565E+00
     8.0500   -5.207438E-04  1.841906E-03  5.626204E+01 -9.094817E+00
     8.1000    1.562910E-04  1.818246E-03  5.663473E+01 -9.128068E+00
     8.1500    7.947008E-04  1.794586E-03  5.700742E+01 -9.161319E+00
     8.2000    1.308550E-03  1.770926E-03  5.738011E+01 -9.194571E+00
     8.2500    1.631127E-03  1.747267E-03  5.775281E+01 -9.227822E+00
     8.3000    1.723576E-03  1.723607E-03  5.812550E+01 -9.261073E+00
     8.3500    1.579482E-03  1.699947E-03  5.849819E+01 -9.294324E+00
     8.4000    1.224899E-03  1.676287E-03  5.887088E+01 -9.327576E+00
     8.4500    7.139003E-04  1.652628E-03  5.924357E+01 -9.360827E+00
     8.5000    1.204237E-04  1.628968E-03  5.961627E+01 -9.394078E+00
     8.5500   -4.744440E-04  1.609139E-03  5.998955E+01 -9.426736E+00
     8.6000   -9.901463E-04  1.589310E-03  6.036284E+01 -9.459393E+00
     8.6500   -1.358161E-03  1.569481E-03  6.073612E+01 -9.492051E+00
     8.7000   -1.531867E-03  1.549652E-03  6.110941E+01 -9.524709E+00
     8.7500   -1.492401E-03  1.529822E-03  6.148269E+01 -9.557366E+00
     8.8000   -1.250564E-03  1.509993E-03  6.185598E+01 -9.590024E+00
     8.8500   -8.445898E-04  1.490164E-03  6.222927E+01 -9.622682E+00
     8.9000   -3.342042E-04  1.470335E-03  6.260255E+01 -9.655339E+00
     8.9500    2.081279E-04  1.450506E-03  6.297584E+01 -9.687997E+00
     9.0000    7.074815E-04  1.430677E-03  6.334912E+01 -9.720655E+00
     9.0500    1.099705E-03  1.412966E-03  6.372380E+01 -9.751920E+00
     9.1000    1.331207E-03  1.395256E-03  6.409848E+01 -9.783186E+00
     9.1500    1.374122E-03  1.377545E-03  6.447316E+01 -9.814451E+00
     9.2000    1.227294E-03  1.359834E-03  6.484783E+01 -9.845717E+00
     9.2500    9.157615E-04  1.342124E-03  6.522251E+01 -9.876982E+00
     9.3000    4.866455E-04  1.324413E-03  6.559719E+01 -9.908248E+00
     9.3500    2.064507E-06  1.306702E-03  6.597187E+01 -9.939513E+00
     9.4000   -4.698398E-04  1.288992E-03  6.634654E+01 -9.970779E+00
     9.4500   -8.644829E-04  1.271281E-03  6.672122E+01 -1.000204E+01
     9.5000   -1.129676E-03  1.253570E-03  6.709590E+01 -1.003331E+01
     9.5500   -1.233878E-03  1.237067E-03  6.747243E+01 -1.006272E+01
     9.6000   -1.164332E-03  1.220563E-03  6.784896E+01 -1.009213E+01
     9.6500   -9.352942E-04  1.204059E-03  6.822549E+01 -1.012154E+01
     9.7000   -5.828559E-04  1.187555E-03  6.860203E+01 -1.015095E+01
     9.7500   -1.593286E-04  1.171052E-03  6.897856E+01 -1.018037E+01
     9.8000    2.744982E-04  1.154548E-03  6.935509E+01 -1.020978E+01
     9.8500    6.580766E-04  1.138044E-03  6.973162E+01 -1.023919E+01
     9.9000    9.395505E-04  1.121541E-03  7.010816E+01 -1.026860E+01
     9.9500    1.082757E-03  1.105037E-03  7.048469E+01 -1.029801E+01
    10.0000    1.071834E-03  1.088533E-03  7.086122E+01 -1.032742E+01
    10.0500    9.152880E-04  1.075992E-03  7.123942E+01 -1.035517E+01
    10.1000    6.342462E-04  1.063450E-03  7.161762E+01 -1.038291E+01
    10.1500    2.709957E-04  1.050909E-03  7.199582E+01 -1.041065E+01
    10.2000   -1.216081E-04  1.038368E-03  7.237402E+01 -1.043840E+01
    10.2500   -4.878262E-04  1.025826E-03  7.275221E+01 -1.046614E+01
    10.3000   -7.769485E-04  1.013285E-03  7.313041E+01 -1.049389E+01
    10.3500   -9.503134E-04  1.000743E-03  7.350861E+01 -1.052163E+01
    10.4000   -9.864602E-04  9.882021E-04  7.388681E+01 -1.054938E+01
    10.4500   -8.837327E-04  9.756607E-04  7.426501E+01 -1.057712E+01
    10.5000   -6.600252E-04  9.631193E-04  7.464321E+01 -1.060486E+01
    10.5500   -3.497762E-04  9.505780E-04  7.502141E+01 -1.063261E+01
    10.6000    1.297393E-06  9.380366E-04  7.539961E+01 -1.066035E+01
    10.6500    3.429259E-04  9.254952E-04  7.577781E+01 -1.068810E+01
    10.7000    6.274835E-04  9.129538E-04  7.615600E+01 -1.071584E+01
    10.7500    8.166267E-04  9.004124E-04  7.653420E+01 -1.074359E+01
    10.8000    8.864484E-04  8.878711E-04  7.691240E+01 -1.077133E+01
    10.8500    8.304574E-04  8.753297E-04  7.729060E+01 -1.079907E+01
    10.9000    6.600189E-04  8.627883E-04  7.766880E+01 -1.082682E+01
    10.9500    4.022598E-04  8.502469E-04  7.804700E+01 -1.085456E+01
    11.0000    9.580597E-05  8.377056E-04  7.842520E+01 -1.088231E+01
    11.0500   -2.171596E-04  8.287363E-04  7.880495E+01 -1.090850E+01
    11.1000   -4.927659E-04  8.197671E-04  7.918470E+01 -1.093469E+01
    11.1500   -6.928459E-04  8.107978E-04  7.956445E+01 -1.096089E+01
    11.2000   -7.907515E-04  8.018285E-04  7.994420E+01 -1.098708E+01
    11.2500   -7.748850E-04  7.928593E-04  8.032395E+01 -1.101327E+01
    11.3000   -6.500164E-04  7.838900E-04  8.070370E+01 -1.103946E+01
    11.3500   -4.362465E-04  7.749207E-04  8.108345E+01 -1.106566E+01
    11.4000   -1.658135E-04  7.659515E-04  8.146320E+01 -1.109185E+01
    11.4500    1.217535E-04  7.569822E-04  8.184295E+01 -1.111804E+01
    11.5000    3.854094E-04  7.480129E-04  8.222270E+01 -1.114424E+01
    11.5500    5.884510E-04  7.390437E-04  8.260245E+01 -1.117043E+01
    11.6000    7.036239E-04  7.300744E-04  8.298220E+01 -1.119662E+01
    11.6500    7.167669E-04  7.211052E-04  8.336195E+01 -1.122281E+01
    11.7000    6.285092E-04  7.121359E-04  8.374170E+01 -1.124901E+01
    11.7500    4.538246E-04  7.031666E-04  8.412145E+01 -1.127520E+01
    11.8000    2.195558E-04  6.941974E-04  8.450120E+01 -1.130139E+01
    11.8500   -3.968827E-05  6.852281E-04  8.488095E+01 -1.132759E+01
    11.9000   -2.866389E-04  6.762588E-04  8.526070E+01 -1.135378E+01
    11.9500   -4.867249E-04  6.672896E-04  8.564045E+01 -1.137997E+01
    12.0000   -6.129107E-04  6.583203E-04  8.602020E+01 -1.140616E+01
    12.0500   -6.510775E-04  6.510971E-04  8.640157E+01 -1.143074E+01
    12.1000   -5.957349E-04  6.438740E-04  8.678294E+01 -1.145532E+01
    12.1500   -4.568331E-04  6.366508E-04  8.716431E+01 -1.147989E+01
    12.2000   -2.560354E-04  6.294277E-04  8.754567E+01 -1.150447E+01
    12.2500   -2.336073E-05  6.222045E-04  8.792704E+01 -1.152904E+01
    12.3000    2.072976E-04  6.149813E-04  8.830841E+01 -1.155362E+01
    12.3500    4.031080E-04  6.077582E-04  8.868977E+01 -1.157820E+01
    12.4000    5.369733E-04  6.005350E-04  8.907114E+01 -1.160277E+01
    12.4500    5.912752E-04  5.933118E-04  8.945251E+01 -1.162735E+01
    12.5000    5.601736E-04  5.860887E-04  8.983388E+01 -1.165192E+01
    12.5500    4.501638E-04  5.788655E-04  9.021524E+01 -1.167650E+01
    12.6000    2.788516E-04  5.716424E-04  9.059661E+01 -1.170108E+01
    12.6500    7.216593E-05  5.644192E-04  9.097798E+01 -1.172565E+01
    12.7000   -1.395564E-04  5.571960E-04  9.135934E+01 -1.175023E+01
    12.7500   -3.260210E-04  5.499729E-04  9.174071E+01 -1.177481E+01
    12.8000   -4.613105E-04  5.427497E-04  9.212208E+01 -1.179938E+01
    12.8500   -5.274830E-04  5.355266E-04  9.250345E+01 -1.182396E+01
    12.9000   -5.169349E-04  5.283034E-04  9.288481E+01 -1.184853E+01
    12.9500   -4.332195E-04  5.210802E-04  9.326618E+01 -1.187311E+01
    13.0000   -2.902442E-04  5.138571E-04  9.364755E+01 -1.189769E+01
    13.0500   -1.092935E-04  5.085606E-04  9.403118E+01 -1.191999E+01
    13.1000    8.367404E-05  5.032642E-04  9.441482E+01 -1.194230E+01
    13.1500    2.605674E-04  4.979678E-04  9.479845E+01 -1.196461E+01
    13.2000    3.962008E-04  4.926714E-04  9.518209E+01 -1.198692E+01
    13.2500    4.718779E-04  4.873750E-04  9.556572E+01 -1.200922E+01
    13.3000    4.779616E-04  4.820785E-04  9.594936E+01 -1.203153E+01
    13.3500    4.150763E-04  4.767821E-04  9.633300E+01 -1.205384E+01
    13.4000    2.937981E-04  4.714857E-04  9.671663E+01 -1.207615E+01
    13.4500    1.329084E-04  4.661893E-04  9.710027E+01 -1.209846E+01
    13.5000   -4.350309E-05  4.608929E-04  9.748390E+01 -1.212076E+01
    13.5500   -2.096430E-04  4.555964E-04  9.786754E+01 -1.214307E+01
    13.6000   -3.417849E-04  4.503000E-04  9.825117E+01 -1.216538E+01
    13.6500   -4.216567E-04  4.450036E-04  9.863481E+01 -1.218769E+01
    13.7000   -4.389608E-04  4.397072E-04  9.901844E+01 -1.220999E+01
    13.7500   -3.926796E-04  4.344107E-04  9.940208E+01 -1.223230E+01
    13.8000   -2.910064E-04  4.291143E-04  9.978571E+01 -1.225461E+01
    13.8500   -1.499405E-04  4.238179E-04  1.001694E+02 -1.227692E+01
    13.9000    9.215334E-06  4.185215E-04  1.005530E+02 -1.229923E+01
    13.9500    1.630675E-04  4.132251E-04  1.009366E+02 -1.232153E+01
    14.0000    2.895699E-04  4.079286E-04  1.013203E+02 -1.234384E+01
    14.0500    3.720420E-04  4.032414E-04  1.017058E+02 -1.236423E+01
    14.1000    3.985325E-04  3.985541E-04  1.020914E+02 -1.238463E+01
    14.1500    3.664752E-04  3.938668E-04  1.024769E+02 -1.240502E+01
    14.2000    2.819051E-04  3.891795E-04  1.028625E+02 -1.242541E+01
    14.2500    1.583772E-04  3.844922E-04  1.032480E+02 -1.244581E+01
    14.3000    1.480946E-05  3.798050E-04  1.036336E+02 -1.246620E+01
    14.3500   -1.274097E-04  3.751177E-04  1.040191E+02 -1.248659E+01
    14.4000   -2.476072E-04  3.704304E-04  1.044047E+02 -1.250699E+01
    14.4500   -3.288297E-04  3.657431E-04  1.047902E+02 -1.252738E+01
    14.5000   -3.602312E-04  3.610558E-04  1.051758E+02 -1.254777E+01
    14.5500   -3.385067E-04  3.563686E-04  1.055613E+02 -1.256817E+01
    14.6000   -2.681860E-04  3.516813E-04  1.059469E+02 -1.258856E+01
    14.6500   -1.607718E-04  3.469940E-04  1.063324E+02 -1.260895E+01
    14.7000   -3.287784E-05  3.423067E-04  1.067180E+02 -1.262935E+01
    14.7500    9.633390E-05  3.376194E-04  1.071035E+02 -1.264974E+01
    14.8000    2.080233E-04  3.329322E-04  1.074891E+02 -1.267013E+01
    14.8500    2.864189E-04  3.282449E-04  1.078746E+02 -1.269053E+01
    14.9000    3.210414E-04  3.235576E-04  1.082602E+02 -1.271092E+01
    14.9500    3.080910E-04  3.188703E-04  1.086457E+02 -1.273131E+01
    15.0000    2.508166E-04  3.141831E-04  1.090313E+02 -1.275171E+01
    15.0500    1.581685E-04  3.108465E-04  1.094219E+02 -1.276699E+01
    15.1000    4.387411E-05  3.075100E-04  1.098126E+02 -1.278227E+01
    15.1500   -7.451640E-05  3.041735E-04  1.102032E+02 -1.279755E+01
    15.2000   -1.792146E-04  3.008369E-04  1.105939E+02 -1.281283E+01
    15.2500   -2.548666E-04  2.975004E-04  1.109846E+02 -1.282811E+01
    15.3000   -2.908029E-04  2.941639E-04  1.113752E+02 -1.284339E+01
    15.3500   -2.825362E-04  2.908273E-04  1.117659E+02 -1.285867E+01
    15.4000   -2.322975E-04  2.874908E-04  1.121566E+02 -1.287395E+01
    15.4500   -1.485519E-04  2.841542E-04  1.125472E+02 -1.288923E+01
    15.5000   -4.458771E-05  2.808177E-04  1.129379E+02 -1.290451E+01
    15.5500    6.358633E-05  2.774812E-04  1.133285E+02 -1.291979E+01
    15.6000    1.597053E-04  2.741446E-04  1.137192E+02 -1.293507E+01
    15.6500    2.296934E-04  2.708081E-04  1.141099E+02 -1.295035E+01
    15.7000    2.637239E-04  2.674716E-04  1.145005E+02 -1.296563E+01
    15.7500    2.575908E-04  2.641350E-04  1.148912E+02 -1.298091E+01
    15.8000    2.132044E-04  2.607985E-04  1.152819E+02 -1.299619E+01
    15.8500    1.381546E-04  2.574620E-04  1.156725E+02 -1.301147E+01
    15.9000    4.443097E-05  2.541254E-04  1.160632E+02 -1.302675E+01
    15.9500   -5.348581E-05  2.507889E-04  1.164538E+02 -1.304203E+01
    16.0000   -1.408604E-04  2.474524E-04  1.168445E+02 -1.305731E+01
    16.0500   -2.061861E-04  2.452042E-04  1.172378E+02 -1.306994E+01
    16.1000   -2.390921E-04  2.429561E-04  1.176311E+02 -1.308257E+01
    16.1500   -2.351799E-04  2.407079E-04  1.180245E+02 -1.309520E+01
    16.2000   -1.957201E-04  2.384597E-04  1.184178E+02 -1.310783E+01
    16.2500   -1.273560E-04  2.362116E-04  1.188111E+02 -1.312046E+01
    16.3000   -4.099451E-05  2.339634E-04  1.192044E+02 -1.313309E+01
    16.3500    4.993081E-05  2.317153E-04  1.195977E+02 -1.314572E+01
    16.4000    1.315484E-04  2.294671E-04  1.199910E+02 -1.315835E+01
    16.4500    1.916650E-04  2.272190E-04  1.203843E+02 -1.317098E+01
    16.5000    2.215867E-04  2.249708E-04  1.207776E+02 -1.318361E+01
    16.5500    2.173717E-04  2.227227E-04  1.211710E+02 -1.319624E+01
    16.6000    1.803370E-04  2.204745E-04  1.215643E+02 -1.320887E+01
    16.6500    1.167541E-04  2.182263E-04  1.219576E+02 -1.322150E+01
    16.7000    3.679727E-05  2.159782E-04  1.223509E+02 -1.323413E+01
    16.7500   -4.708087E-05  2.137300E-04  1.227442E+02 -1.324676E+01
    16.8000   -1.220883E-04  2.114819E-04  1.231375E+02 -1.325939E+01
    16.8500   -1.770444E-04  2.092337E-04  1.235308E+02 -1.327202E+01
    16.9000   -2.040454E-04  2.069856E-04  1.239242E+02 -1.328464E+01
    16.9500   -1.995968E-04  2.047374E-04  1.243175E+02 -1.329727E+01
    17.0000   -1.650512E-04  2.024893E-04  1.247108E+02 -1.330990E+01
    17.0500   -1.067913E-04  2.012491E-04  1.251043E+02 -1.332228E+01
    17.1000   -3.300898E-05  2.000089E-04  1.254979E+02 -1.333467E+01
    17.1500    4.488241E-05  1.987688E-04  1.258915E+02 -1.334705E+01
    17.2000    1.149846E-04  1.975286E-04  1.262850E+02 -1.335943E+01
    17.2500    1.667320E-04  1.962885E-04  1.266786E+02 -1.337181E+01
    17.3000    1.924837E-04  1.950483E-04  1.270722E+02 -1.338419E+01
    17.3500    1.886505E-04  1.938082E-04  1.274657E+02 -1.339657E+01
    17.4000    1.561901E-04  1.925680E-04  1.278593E+02 -1.340895E+01
    17.4500    1.004043E-04  1.913278E-04  1.282528E+02 -1.342133E+01
    17.5000    3.007602E-05  1.900877E-04  1.286464E+02 -1.343371E+01
    17.5500   -4.391174E-05  1.888475E-04  1.290400E+02 -1.344609E+01
    17.6000   -1.102602E-04  1.876074E-04  1.294335E+02 -1.345847E+01
    17.6500   -1.589801E-04  1.863672E-04  1.298271E+02 -1.347085E+01
    17.7000   -1.828952E-04  1.851271E-04  1.302207E+02 -1.348324E+01
    17.7500   -1.786979E-04  1.838869E-04  1.306142E+02 -1.349562E+01
    17.8000   -1.474017E-04  1.826467E-04  1.310078E+02 -1.350800E+01
    17.8500   -9.412905E-05  1.814066E-04  1.314013E+02 -1.352038E+01
    17.9000   -2.727694E-05  1.801664E-04  1.317949E+02 -1.353276E+01
    17.9500    4.280569E-05  1.789263E-04  1.321885E+02 -1.354514E+01
    18.0000    1.054197E-04  1.776861E-04  1.325820E+02 -1.355752E+01
    18.0500    1.515412E-04  1.768466E-04  1.329761E+02 -1.356937E+01
    18.1000    1.740970E-04  1.760071E-04  1.333702E+02 -1.358121E+01
    18.1500    1.698668E-04  1.751676E-04  1.337643E+02 -1.359306E+01
    18.2000    1.397510E-04  1.743281E-04  1.341584E+02 -1.360490E+01
    18.2500    8.859494E-05  1.734886E-04  1.345525E+02 -1.361675E+01
    18.3000    2.441037E-05  1.726491E-04  1.349466E+02 -1.362859E+01
    18.3500   -4.287842E-05  1.718096E-04  1.353407E+02 -1.364044E+01
    18.4000   -1.029691E-04  1.709701E-04  1.357348E+02 -1.365228E+01
    18.4500   -1.467585E-04  1.701306E-04  1.361289E+02 -1.366413E+01
    18.5000   -1.677218E-04  1.692911E-04  1.365230E+02 -1.367597E+01
    18.5500   -1.628835E-04  1.684516E-04  1.369171E+02 -1.368782E+01
    18.6000   -1.332373E-04  1.676121E-04  1.373112E+02 -1.369966E+01
    18.6500   -8.355524E-05  1.667726E-04  1.377053E+02 -1.371151E+01
    18.7000   -2.162095E-05  1.659331E-04  1.380994E+02 -1.372335E+01
    18.7500    4.298892E-05  1.650936E-04  1.384935E+02 -1.373520E+01
    18.8000    1.003856E-04  1.642541E-04  1.388876E+02 -1.374704E+01
    18.8500    1.418815E-04  1.634146E-04  1.392817E+02 -1.375889E+01
    18.9000    1.613051E-04  1.625751E-04  1.396758E+02 -1.377073E+01
    18.9500    1.559181E-04  1.617356E-04  1.400699E+02 -1.378258E+01
    19.0000    1.267982E-04  1.608961E-04  1.404640E+02 -1.379442E+01
    19.0500    7.871433E-05  1.604894E-04  1.408590E+02 -1.380531E+01
    19.1000    1.877755E-05  1.600828E-04  1.412541E+02 -1.381620E+01
    19.1500   -4.374101E-05  1.596761E-04  1.416492E+02 -1.382709E+01
    19.2000   -9.922032E-05  1.592694E-04  1.420442E+02 -1.383799E+01
    19.2500   -1.391701E-04  1.588627E-04  1.424393E+02 -1.384888E+01
    19.3000   -1.575302E-04  1.584561E-04  1.428343E+02 -1.385977E+01
    19.3500   -1.515894E-04  1.580494E-04  1.432294E+02 -1.387066E+01
    19.4000   -1.223851E-04  1.576427E-04  1.436244E+02 -1.388155E+01
    19.4500   -7.452509E-05  1.572360E-04  1.440195E+02 -1.389244E+01
    19.5000   -1.546028E-05  1.568294E-04  1.444145E+02 -1.390333E+01
    19.5500    4.567464E-05  1.564227E-04  1.448096E+02 -1.391422E+01
    19.6000    9.947413E-05  1.560160E-04  1.452046E+02 -1.392511E+01
    19.6500    1.377087E-04  1.556093E-04  1.455997E+02 -1.393600E+01
    19.7000    1.545839E-04  1.552027E-04  1.459947E+02 -1.394689E+01
    19.7500    1.476179E-04  1.547960E-04  1.463898E+02 -1.395778E+01
    19.8000    1.180059E-04  1.543893E-04  1.467848E+02 -1.396867E+01
    19.8500    7.041730E-05  1.539826E-04  1.471799E+02 -1.397956E+01
    19.9000    1.225945E-05  1.535760E-04  1.475749E+02 -1.399045E+01
    19.9500   -4.747492E-05  1.531693E-04  1.479700E+02 -1.400134E+01
    20.0000   -9.959829E-05  1.527626E-04  1.483650E+02 -1.401223E+01
