# xx                                                               FEFF 9.9.1
# POT  SCF 100  5.0000   0, core-hole, AFOLP (folp(0)= 1.150)
# Abs   Z=28 Rmt= 1.320 Rnm= 1.527 K  shell
# Pot 1 Z=28 Rmt= 1.302 Rnm= 1.519
# Pot 2 Z=30 Rmt= 1.280 Rnm= 1.497
# Pot 3 Z=19 Rmt= 2.061 Rnm= 2.170
# Pot 4 Z=17 Rmt= 1.374 Rnm= 1.582
# Gam_ch=1.576E+00 H-L exch Vi= 0.000E+00 Vr= 0.000E+00
# Mu=-7.123E+00eV kf=1.540E+00 Vint=-1.059E+01eV Rs_int= 2.355
# PATH  Rmax= 5.000,  Keep_limit= 0.00, Heap_limit 0.00  Pwcrit= 2.50%
 S02  1.000                                        Global sig2  0.00000
 Debye-waller factor    0.0000000000000000        0.0000000000000000     
 -----------------------------------------------------------------------
       k         chi           mag          phase        phase-2kr  @#
     0.0000   -2.578322E-02  3.200090E-02 -2.204731E+00 -2.204731E+00
     0.0500   -2.601327E-02  3.192829E-02 -2.189311E+00 -2.611348E+00
     0.1000   -2.623584E-02  3.185569E-02 -2.173891E+00 -3.017964E+00
     0.1500   -2.686227E-02  3.164681E-02 -2.127854E+00 -3.393964E+00
     0.2000   -2.742161E-02  3.143794E-02 -2.081817E+00 -3.769964E+00
     0.2500   -2.822010E-02  3.111699E-02 -2.005718E+00 -4.115901E+00
     0.3000   -2.883468E-02  3.079604E-02 -1.929618E+00 -4.461838E+00
     0.3500   -2.942274E-02  3.040552E-02 -1.825739E+00 -4.779996E+00
     0.4000   -2.967318E-02  3.001500E-02 -1.721860E+00 -5.098154E+00
     0.4500   -2.956853E-02  2.957324E-02 -1.588646E+00 -5.386976E+00
     0.5000   -2.893784E-02  2.913148E-02 -1.455432E+00 -5.675798E+00
     0.5500   -2.760687E-02  2.868660E-02 -1.295561E+00 -5.937964E+00
     0.6000   -2.561031E-02  2.824172E-02 -1.135690E+00 -6.200130E+00
     0.6500   -2.263736E-02  2.782354E-02 -9.503252E-01 -6.436802E+00
     0.7000   -1.897844E-02  2.740535E-02 -7.649604E-01 -6.673474E+00
     0.7500   -1.425378E-02  2.703034E-02 -5.554493E-01 -6.885999E+00
     0.8000   -9.038273E-03  2.665533E-02 -3.459382E-01 -7.098525E+00
     0.8500   -2.978203E-03  2.632713E-02 -1.133657E-01 -7.287989E+00
     0.9000    3.091916E-03  2.599893E-02  1.192069E-01 -7.477453E+00
     0.9500    9.395384E-03  2.571029E-02  3.740978E-01 -7.644599E+00
     1.0000    1.495625E-02  2.542165E-02  6.289887E-01 -7.811744E+00
     1.0500    1.978720E-02  2.514528E-02  9.057938E-01 -7.956976E+00
     1.1000    2.301849E-02  2.486891E-02  1.182599E+00 -8.102207E+00
     1.1500    2.447392E-02  2.457151E-02  1.481640E+00 -8.225203E+00
     1.2000    2.374141E-02  2.427410E-02  1.780681E+00 -8.348199E+00
     1.2500    2.059572E-02  2.390109E-02  2.102970E+00 -8.447946E+00
     1.3000    1.544909E-02  2.352808E-02  2.425259E+00 -8.547693E+00
     1.3500    8.317873E-03  2.302896E-02  2.772047E+00 -8.622943E+00
     1.4000    5.126956E-04  2.252984E-02  3.118834E+00 -8.698192E+00
     1.4500   -7.484858E-03  2.182818E-02  3.491594E+00 -8.747469E+00
     1.5000   -1.397429E-02  2.112652E-02  3.864353E+00 -8.796746E+00
     1.5500   -1.816447E-02  2.015983E-02  4.263715E+00 -8.819421E+00
     1.6000   -1.916981E-02  1.919314E-02  4.663077E+00 -8.842095E+00
     1.6500   -1.669250E-02  1.794189E-02  5.087779E+00 -8.839430E+00
     1.7000   -1.162738E-02  1.669064E-02  5.512481E+00 -8.836765E+00
     1.7500   -4.857216E-03  1.521962E-02  5.958362E+00 -8.812921E+00
     1.8000    1.660305E-03  1.374861E-02  6.404242E+00 -8.789077E+00
     1.8500    6.871101E-03  1.211339E-02  6.886326E+00 -8.729030E+00
     1.9000    9.266978E-03  1.047817E-02  7.368410E+00 -8.668982E+00
     1.9500    8.483852E-03  8.488419E-03  7.821177E+00 -8.638252E+00
     2.0000    5.933967E-03  6.498673E-03  8.273944E+00 -8.607522E+00
     2.0500    3.929256E-03  5.565408E-03  8.640924E+00 -8.662579E+00
     2.1000    1.875574E-03  4.632142E-03  9.007904E+00 -8.717635E+00
     2.1500    1.844750E-04  3.698877E-03  9.374884E+00 -8.772692E+00
     2.2000   -8.623157E-04  2.765612E-03  9.741864E+00 -8.827748E+00
     2.2500   -1.408779E-03  2.421692E-03  1.004564E+01 -8.946013E+00
     2.3000   -1.658889E-03  2.077771E-03  1.034941E+01 -9.064277E+00
     2.3500   -1.633207E-03  1.733851E-03  1.065318E+01 -9.182542E+00
     2.4000   -1.388895E-03  1.389931E-03  1.095695E+01 -9.300806E+00
     2.4500   -1.249107E-03  1.293752E-03  1.125905E+01 -9.420750E+00
     2.5000   -1.011094E-03  1.197572E-03  1.156114E+01 -9.540694E+00
     2.5500   -7.121780E-04  1.101393E-03  1.186323E+01 -9.660638E+00
     2.6000   -3.924175E-04  1.005214E-03  1.216532E+01 -9.780582E+00
     2.6500   -5.914864E-05  9.905329E-04  1.250662E+01 -9.861321E+00
     2.7000    2.711334E-04  9.758521E-04  1.284792E+01 -9.942061E+00
     2.7500    5.606975E-04  9.611714E-04  1.318922E+01 -1.002280E+01
     2.8000    7.775989E-04  9.464907E-04  1.353051E+01 -1.010354E+01
     2.8500    9.303915E-04  9.585457E-04  1.389420E+01 -1.016189E+01
     2.9000    9.635370E-04  9.706007E-04  1.425789E+01 -1.022024E+01
     2.9500    8.696034E-04  9.826557E-04  1.462157E+01 -1.027859E+01
     3.0000    6.579176E-04  9.947107E-04  1.498526E+01 -1.033694E+01
     3.0500    3.525314E-04  1.017054E-03  1.535400E+01 -1.039024E+01
     3.1000   -1.535603E-05  1.039398E-03  1.572274E+01 -1.044353E+01
     3.1500   -3.972843E-04  1.061741E-03  1.609148E+01 -1.049683E+01
     3.2000   -7.407405E-04  1.084085E-03  1.646022E+01 -1.055013E+01
     3.2500   -9.985176E-04  1.109056E-03  1.682849E+01 -1.060389E+01
     3.3000   -1.130217E-03  1.134026E-03  1.719677E+01 -1.065765E+01
     3.3500   -1.111824E-03  1.158997E-03  1.756505E+01 -1.071141E+01
     3.4000   -9.392577E-04  1.183967E-03  1.793332E+01 -1.076517E+01
     3.4500   -6.294662E-04  1.206617E-03  1.830074E+01 -1.081979E+01
     3.5000   -2.217700E-04  1.229266E-03  1.866815E+01 -1.087441E+01
     3.5500    2.315330E-04  1.251915E-03  1.903557E+01 -1.092903E+01
     3.6000    6.699212E-04  1.274565E-03  1.940299E+01 -1.098365E+01
     3.6500    1.027672E-03  1.291159E-03  1.977010E+01 -1.103858E+01
     3.7000    1.255682E-03  1.307753E-03  2.013721E+01 -1.109350E+01
     3.7500    1.319681E-03  1.324347E-03  2.050432E+01 -1.114842E+01
     3.8000    1.206814E-03  1.340942E-03  2.087144E+01 -1.120335E+01
     3.8500    9.228960E-04  1.348838E-03  2.123762E+01 -1.125920E+01
     3.9000    5.124791E-04  1.356735E-03  2.160381E+01 -1.131505E+01
     3.9500    2.887201E-05  1.364631E-03  2.196999E+01 -1.137091E+01
     4.0000   -4.642170E-04  1.372528E-03  2.233617E+01 -1.142676E+01
     4.0500   -8.916174E-04  1.370041E-03  2.269978E+01 -1.148519E+01
     4.1000   -1.201087E-03  1.367554E-03  2.306339E+01 -1.154362E+01
     4.1500   -1.352656E-03  1.365067E-03  2.342700E+01 -1.160205E+01
     4.2000   -1.327114E-03  1.362580E-03  2.379060E+01 -1.166047E+01
     4.2500   -1.127037E-03  1.354576E-03  2.415000E+01 -1.172312E+01
     4.3000   -7.860686E-04  1.346573E-03  2.450940E+01 -1.178576E+01
     4.3500   -3.492269E-04  1.338569E-03  2.486879E+01 -1.184840E+01
     4.4000    1.268046E-04  1.330566E-03  2.522819E+01 -1.191104E+01
     4.4500    5.764965E-04  1.319743E-03  2.558481E+01 -1.197645E+01
     4.5000    9.468471E-04  1.308920E-03  2.594143E+01 -1.204187E+01
     4.5500    1.192833E-03  1.298097E-03  2.629805E+01 -1.210729E+01
     4.6000    1.285737E-03  1.287274E-03  2.665467E+01 -1.217270E+01
     4.6500    1.215310E-03  1.274848E-03  2.701036E+01 -1.223905E+01
     4.7000    9.953528E-04  1.262422E-03  2.736605E+01 -1.230539E+01
     4.7500    6.561106E-04  1.249996E-03  2.772175E+01 -1.237173E+01
     4.8000    2.420965E-04  1.237570E-03  2.807744E+01 -1.243808E+01
     4.8500   -1.941997E-04  1.223675E-03  2.843371E+01 -1.250384E+01
     4.9000   -5.965361E-04  1.209779E-03  2.878998E+01 -1.256961E+01
     4.9500   -9.155209E-04  1.195884E-03  2.914625E+01 -1.263538E+01
     5.0000   -1.113289E-03  1.181988E-03  2.950251E+01 -1.270115E+01
     5.0500   -1.167040E-03  1.167161E-03  2.985952E+01 -1.276618E+01
     5.1000   -1.073772E-03  1.152334E-03  3.021652E+01 -1.283122E+01
     5.1500   -8.488584E-04  1.137508E-03  3.057352E+01 -1.289625E+01
     5.2000   -5.237987E-04  1.122681E-03  3.093053E+01 -1.296128E+01
     5.2500   -1.395870E-04  1.106416E-03  3.128943E+01 -1.302442E+01
     5.3000    2.510783E-04  1.090152E-03  3.164833E+01 -1.308756E+01
     5.3500    5.986297E-04  1.073887E-03  3.200723E+01 -1.315069E+01
     5.4000    8.604106E-04  1.057623E-03  3.236613E+01 -1.321383E+01
     5.4500    1.006013E-03  1.041057E-03  3.272652E+01 -1.327548E+01
     5.5000    1.019354E-03  1.024491E-03  3.308691E+01 -1.333712E+01
     5.5500    9.028948E-04  1.007925E-03  3.344730E+01 -1.339877E+01
     5.6000    6.756229E-04  9.913594E-04  3.380769E+01 -1.346041E+01
     5.6500    3.683587E-04  9.741631E-04  3.416975E+01 -1.352040E+01
     5.7000    2.461171E-05  9.569669E-04  3.453180E+01 -1.358038E+01
     5.7500   -3.101487E-04  9.397706E-04  3.489385E+01 -1.364036E+01
     5.8000   -5.931973E-04  9.225743E-04  3.525590E+01 -1.370035E+01
     5.8500   -7.909599E-04  9.056359E-04  3.561961E+01 -1.375868E+01
     5.9000   -8.793713E-04  8.886975E-04  3.598331E+01 -1.381701E+01
     5.9500   -8.509931E-04  8.717591E-04  3.634702E+01 -1.387534E+01
     6.0000   -7.138939E-04  8.548207E-04  3.671073E+01 -1.393367E+01
     6.0500   -4.891705E-04  8.390725E-04  3.707671E+01 -1.398973E+01
     6.1000   -2.088123E-04  8.233243E-04  3.744269E+01 -1.404578E+01
     6.1500    8.830106E-05  8.075761E-04  3.780867E+01 -1.410184E+01
     6.2000    3.625147E-04  7.918279E-04  3.817465E+01 -1.415789E+01
     6.2500    5.786908E-04  7.760797E-04  3.854064E+01 -1.421395E+01
     6.3000    7.107064E-04  7.603316E-04  3.890662E+01 -1.427000E+01
     6.3500    7.445807E-04  7.445834E-04  3.927260E+01 -1.432606E+01
     6.4000    6.798624E-04  7.288352E-04  3.963858E+01 -1.438211E+01
     6.4500    5.291555E-04  7.130870E-04  4.000456E+01 -1.443817E+01
     6.5000    3.159153E-04  6.973388E-04  4.037054E+01 -1.449422E+01
     6.5500    6.946694E-05  6.844124E-04  4.073903E+01 -1.454777E+01
     6.6000   -1.770434E-04  6.714860E-04  4.110752E+01 -1.460132E+01
     6.6500   -3.908023E-04  6.585596E-04  4.147601E+01 -1.465487E+01
     6.7000   -5.445992E-04  6.456332E-04  4.184449E+01 -1.470842E+01
     6.7500   -6.202801E-04  6.327068E-04  4.221298E+01 -1.476197E+01
     6.8000   -6.108496E-04  6.197804E-04  4.258147E+01 -1.481552E+01
     6.8500   -5.209857E-04  6.068540E-04  4.294995E+01 -1.486907E+01
     6.9000   -3.659530E-04  5.939276E-04  4.331844E+01 -1.492262E+01
     6.9500   -1.691245E-04  5.810012E-04  4.368693E+01 -1.497616E+01
     7.0000    4.150049E-05  5.680748E-04  4.405542E+01 -1.502971E+01
     7.0500    2.396859E-04  5.577004E-04  4.442654E+01 -1.508063E+01
     7.1000    3.984413E-04  5.473260E-04  4.479767E+01 -1.513154E+01
     7.1500    4.977861E-04  5.369516E-04  4.516879E+01 -1.518245E+01
     7.2000    5.265314E-04  5.265771E-04  4.553991E+01 -1.523336E+01
     7.2500    4.834852E-04  5.162027E-04  4.591104E+01 -1.528428E+01
     7.3000    3.772442E-04  5.058283E-04  4.628216E+01 -1.533519E+01
     7.3500    2.246506E-04  4.954539E-04  4.665329E+01 -1.538610E+01
     7.4000    4.817558E-05  4.850795E-04  4.702441E+01 -1.543701E+01
     7.4500   -1.273714E-04  4.747050E-04  4.739554E+01 -1.548793E+01
     7.5000   -2.783266E-04  4.643306E-04  4.776666E+01 -1.553884E+01
     7.5500   -3.873031E-04  4.555703E-04  4.814016E+01 -1.558737E+01
     7.6000   -4.395089E-04  4.468099E-04  4.851366E+01 -1.563591E+01
     7.6500   -4.299604E-04  4.380495E-04  4.888716E+01 -1.568445E+01
     7.7000   -3.623482E-04  4.292892E-04  4.926066E+01 -1.573298E+01
     7.7500   -2.482004E-04  4.205288E-04  4.963416E+01 -1.578152E+01
     7.8000   -1.049894E-04  4.117684E-04  5.000766E+01 -1.583005E+01
     7.8500    4.651691E-05  4.030081E-04  5.038116E+01 -1.587859E+01
     7.9000    1.852589E-04  3.942477E-04  5.075467E+01 -1.592712E+01
     7.9500    2.928126E-04  3.854873E-04  5.112817E+01 -1.597566E+01
     8.0000    3.558329E-04  3.767270E-04  5.150167E+01 -1.602420E+01
     8.0500    3.688683E-04  3.691812E-04  5.187745E+01 -1.607045E+01
     8.1000    3.306514E-04  3.616354E-04  5.225324E+01 -1.611669E+01
     8.1500    2.485310E-04  3.540897E-04  5.262903E+01 -1.616294E+01
     8.2000    1.356701E-04  3.465439E-04  5.300482E+01 -1.620919E+01
     8.2500    8.971267E-06  3.389981E-04  5.338061E+01 -1.625544E+01
     8.3000   -1.134429E-04  3.314523E-04  5.375640E+01 -1.630169E+01
     8.3500   -2.148204E-04  3.239066E-04  5.413218E+01 -1.634794E+01
     8.4000   -2.820718E-04  3.163608E-04  5.450797E+01 -1.639418E+01
     8.4500   -3.074485E-04  3.088150E-04  5.488376E+01 -1.644043E+01
     8.5000   -2.893964E-04  3.012692E-04  5.525955E+01 -1.648668E+01
     8.5500   -2.333858E-04  2.951465E-04  5.563664E+01 -1.653163E+01
     8.6000   -1.473398E-04  2.890238E-04  5.601373E+01 -1.657657E+01
     8.6500   -4.446846E-05  2.829010E-04  5.639083E+01 -1.662151E+01
     8.7000    6.019870E-05  2.767783E-04  5.676792E+01 -1.666646E+01
     8.7500    1.520056E-04  2.706555E-04  5.714501E+01 -1.671140E+01
     8.8000    2.187217E-04  2.645328E-04  5.752210E+01 -1.675635E+01
     8.8500    2.521665E-04  2.584101E-04  5.789919E+01 -1.680129E+01
     8.9000    2.491914E-04  2.522873E-04  5.827629E+01 -1.684624E+01
     8.9500    2.119037E-04  2.461646E-04  5.865338E+01 -1.689118E+01
     9.0000    1.471337E-04  2.400419E-04  5.903047E+01 -1.693613E+01
     9.0500    6.537335E-05  2.353751E-04  5.940882E+01 -1.697981E+01
     9.1000   -2.232188E-05  2.307084E-04  5.978717E+01 -1.702350E+01
     9.1500   -1.034283E-04  2.260416E-04  6.016551E+01 -1.706719E+01
     9.2000   -1.668394E-04  2.213749E-04  6.054386E+01 -1.711088E+01
     9.2500   -2.043856E-04  2.167081E-04  6.092221E+01 -1.715457E+01
     9.3000   -2.118760E-04  2.120414E-04  6.130055E+01 -1.719826E+01
     9.3500   -1.895333E-04  2.073746E-04  6.167890E+01 -1.724195E+01
     9.4000   -1.417807E-04  2.027079E-04  6.205725E+01 -1.728564E+01
     9.4500   -7.643764E-05  1.980411E-04  6.243560E+01 -1.732933E+01
     9.5000   -3.463201E-06  1.933744E-04  6.281394E+01 -1.737302E+01
     9.5500    6.725412E-05  1.897641E-04  6.319414E+01 -1.741486E+01
     9.6000    1.258610E-04  1.861539E-04  6.357433E+01 -1.745671E+01
     9.6500    1.645190E-04  1.825436E-04  6.395452E+01 -1.749855E+01
     9.7000    1.785205E-04  1.789333E-04  6.433471E+01 -1.754040E+01
     9.7500    1.668450E-04  1.753230E-04  6.471490E+01 -1.758224E+01
     9.8000    1.321649E-04  1.717128E-04  6.509510E+01 -1.762409E+01
     9.8500    8.032064E-05  1.681025E-04  6.547529E+01 -1.766593E+01
     9.9000    1.935936E-05  1.644922E-04  6.585548E+01 -1.770778E+01
     9.9500   -4.170579E-05  1.608819E-04  6.623567E+01 -1.774962E+01
    10.0000   -9.422686E-05  1.572717E-04  6.661587E+01 -1.779146E+01
    10.0500   -1.321026E-04  1.545609E-04  6.699841E+01 -1.783095E+01
    10.1000   -1.498302E-04  1.518501E-04  6.738096E+01 -1.787044E+01
    10.1500   -1.455686E-04  1.491392E-04  6.776350E+01 -1.790994E+01
    10.2000   -1.207029E-04  1.464284E-04  6.814605E+01 -1.794943E+01
    10.2500   -7.953348E-05  1.437176E-04  6.852860E+01 -1.798892E+01
    10.3000   -2.855190E-05  1.410068E-04  6.891114E+01 -1.802841E+01
    10.3500    2.457542E-05  1.382960E-04  6.929369E+01 -1.806790E+01
    10.4000    7.215839E-05  1.355852E-04  6.967624E+01 -1.810739E+01
    10.4500    1.075963E-04  1.328744E-04  7.005878E+01 -1.814688E+01
    10.5000    1.262921E-04  1.301636E-04  7.044133E+01 -1.818637E+01
    10.5500    1.262404E-04  1.274527E-04  7.082387E+01 -1.822586E+01
    10.6000    1.082171E-04  1.247419E-04  7.120642E+01 -1.826535E+01
    10.6500    7.555605E-05  1.220311E-04  7.158897E+01 -1.830484E+01
    10.7000    3.356138E-05  1.193203E-04  7.197151E+01 -1.834433E+01
    10.7500   -1.134301E-05  1.166095E-04  7.235406E+01 -1.838382E+01
    10.8000   -5.259339E-05  1.138987E-04  7.273660E+01 -1.842331E+01
    10.8500   -8.444544E-05  1.111879E-04  7.311915E+01 -1.846280E+01
    10.9000   -1.027730E-04  1.084770E-04  7.350170E+01 -1.850229E+01
    10.9500   -1.055956E-04  1.057662E-04  7.388424E+01 -1.854178E+01
    11.0000   -9.326754E-05  1.030554E-04  7.426679E+01 -1.858127E+01
    11.0500   -6.883821E-05  1.013433E-04  7.465147E+01 -1.861863E+01
    11.1000   -3.529021E-05  9.963111E-05  7.503616E+01 -1.865598E+01
    11.1500    2.214275E-06  9.791895E-05  7.542084E+01 -1.869333E+01
    11.2000    3.811041E-05  9.620679E-05  7.580552E+01 -1.873069E+01
    11.2500    6.725622E-05  9.449463E-05  7.619021E+01 -1.876804E+01
    11.3000    8.566886E-05  9.278247E-05  7.657489E+01 -1.880539E+01
    11.3500    9.106624E-05  9.107031E-05  7.695957E+01 -1.884275E+01
    11.4000    8.314077E-05  8.935815E-05  7.734425E+01 -1.888010E+01
    11.4500    6.353396E-05  8.764599E-05  7.772894E+01 -1.891745E+01
    11.5000    3.552591E-05  8.593383E-05  7.811362E+01 -1.895481E+01
    11.5500    3.495279E-06  8.422167E-05  7.849830E+01 -1.899216E+01
    11.6000   -2.776231E-05  8.250951E-05  7.888299E+01 -1.902952E+01
    11.6500   -5.375192E-05  8.079735E-05  7.926767E+01 -1.906687E+01
    11.7000   -7.092546E-05  7.908519E-05  7.965235E+01 -1.910422E+01
    11.7500   -7.716369E-05  7.737303E-05  8.003704E+01 -1.914158E+01
    11.8000   -7.202881E-05  7.566087E-05  8.042172E+01 -1.917893E+01
    11.8500   -5.675919E-05  7.394871E-05  8.080640E+01 -1.921628E+01
    11.9000   -3.401704E-05  7.223655E-05  8.119108E+01 -1.925364E+01
    11.9500   -7.436417E-06  7.052439E-05  8.157577E+01 -1.929099E+01
    12.0000    1.895329E-05  6.881223E-05  8.196045E+01 -1.932834E+01
    12.0500    4.186527E-05  6.771992E-05  8.234787E+01 -1.936296E+01
    12.1000    5.792287E-05  6.662762E-05  8.273530E+01 -1.939757E+01
    12.1500    6.498672E-05  6.553533E-05  8.312272E+01 -1.943218E+01
    12.2000    6.231107E-05  6.444303E-05  8.351015E+01 -1.946680E+01
    12.2500    5.060964E-05  6.335073E-05  8.389757E+01 -1.950141E+01
    12.3000    3.190282E-05  6.225843E-05  8.428499E+01 -1.953602E+01
    12.3500    9.175832E-06  6.116613E-05  8.467242E+01 -1.957063E+01
    12.4000   -1.409527E-05  6.007383E-05  8.505984E+01 -1.960525E+01
    12.4500   -3.447474E-05  5.898153E-05  8.544727E+01 -1.963986E+01
    12.5000   -4.907436E-05  5.788923E-05  8.583469E+01 -1.967447E+01
    12.5500   -5.596193E-05  5.679693E-05  8.622211E+01 -1.970908E+01
    12.6000   -5.441331E-05  5.570464E-05  8.660954E+01 -1.974370E+01
    12.6500   -4.497572E-05  5.461234E-05  8.699696E+01 -1.977831E+01
    12.7000   -2.933961E-05  5.352004E-05  8.738439E+01 -1.981292E+01
    12.7500   -1.004478E-05  5.242774E-05  8.777181E+01 -1.984754E+01
    12.8000    9.928909E-06  5.133544E-05  8.815923E+01 -1.988215E+01
    12.8500    2.762108E-05  5.024314E-05  8.854666E+01 -1.991676E+01
    12.9000    4.052956E-05  4.915084E-05  8.893408E+01 -1.995137E+01
    12.9500    4.696346E-05  4.805854E-05  8.932150E+01 -1.998599E+01
    13.0000    4.626081E-05  4.696624E-05  8.970893E+01 -2.002060E+01
    13.0500    3.909878E-05  4.624233E-05  9.009865E+01 -2.005291E+01
    13.1000    2.636682E-05  4.551842E-05  9.048837E+01 -2.008523E+01
    13.1500    1.012902E-05  4.479451E-05  9.087809E+01 -2.011755E+01
    13.2000   -7.092014E-06  4.407061E-05  9.126781E+01 -2.014986E+01
    13.2500   -2.270655E-05  4.334670E-05  9.165753E+01 -2.018218E+01
    13.3000   -3.444723E-05  4.262279E-05  9.204726E+01 -2.021449E+01
    13.3500   -4.069791E-05  4.189888E-05  9.243698E+01 -2.024681E+01
    13.4000   -4.071437E-05  4.117497E-05  9.282670E+01 -2.027912E+01
    13.4500   -3.470694E-05  4.045106E-05  9.321642E+01 -2.031144E+01
    13.5000   -2.377706E-05  3.972715E-05  9.360614E+01 -2.034375E+01
    13.5500   -9.722005E-06  3.900324E-05  9.399586E+01 -2.037607E+01
    13.6000    5.258351E-06  3.827933E-05  9.438558E+01 -2.040838E+01
    13.6500    1.890526E-05  3.755542E-05  9.477530E+01 -2.044070E+01
    13.7000    2.924165E-05  3.683151E-05  9.516503E+01 -2.047302E+01
    13.7500    3.485823E-05  3.610760E-05  9.555475E+01 -2.050533E+01
    13.8000    3.510367E-05  3.538369E-05  9.594447E+01 -2.053765E+01
    13.8500    3.015368E-05  3.465978E-05  9.633419E+01 -2.056996E+01
    13.9000    2.095277E-05  3.393588E-05  9.672391E+01 -2.060228E+01
    13.9500    9.042279E-06  3.321197E-05  9.711363E+01 -2.063459E+01
    14.0000   -3.694994E-06  3.248806E-05  9.750335E+01 -2.066691E+01
    14.0500   -1.556060E-05  3.205951E-05  9.789615E+01 -2.069614E+01
    14.1000   -2.476919E-05  3.163096E-05  9.828896E+01 -2.072538E+01
    14.1500   -3.000090E-05  3.120241E-05  9.868176E+01 -2.075461E+01
    14.2000   -3.057274E-05  3.077386E-05  9.907456E+01 -2.078385E+01
    14.2500   -2.652521E-05  3.034531E-05  9.946736E+01 -2.081308E+01
    14.3000   -1.859674E-05  2.991676E-05  9.986016E+01 -2.084232E+01
    14.3500   -8.092609E-06  2.948822E-05  1.002530E+02 -2.087156E+01
    14.4000    3.328695E-06  2.905967E-05  1.006458E+02 -2.090079E+01
    14.4500    1.391706E-05  2.863112E-05  1.010386E+02 -2.093003E+01
    14.5000    2.209887E-05  2.820257E-05  1.014314E+02 -2.095926E+01
    14.5500    2.671077E-05  2.777402E-05  1.018242E+02 -2.098850E+01
    14.6000    2.716420E-05  2.734547E-05  1.022170E+02 -2.101773E+01
    14.6500    2.351771E-05  2.691692E-05  1.026098E+02 -2.104697E+01
    14.7000    1.644861E-05  2.648837E-05  1.030026E+02 -2.107620E+01
    14.7500    7.131228E-06  2.605983E-05  1.033954E+02 -2.110544E+01
    14.8000   -2.956820E-06  2.563128E-05  1.037882E+02 -2.113467E+01
    14.8500   -1.226860E-05  2.520273E-05  1.041810E+02 -2.116391E+01
    14.9000   -1.942505E-05  2.477418E-05  1.045738E+02 -2.119314E+01
    14.9500   -2.341908E-05  2.434563E-05  1.049666E+02 -2.122238E+01
    15.0000   -2.375627E-05  2.391708E-05  1.053594E+02 -2.125161E+01
    15.0500   -2.069527E-05  2.368920E-05  1.057516E+02 -2.128147E+01
    15.1000   -1.457650E-05  2.346131E-05  1.061438E+02 -2.131132E+01
    15.1500   -6.380819E-06  2.323343E-05  1.065359E+02 -2.134117E+01
    15.2000    2.616272E-06  2.300554E-05  1.069281E+02 -2.137102E+01
    15.2500    1.104302E-05  2.277766E-05  1.073203E+02 -2.140087E+01
    15.3000    1.764055E-05  2.254977E-05  1.077125E+02 -2.143072E+01
    15.3500    2.145090E-05  2.232188E-05  1.081047E+02 -2.146058E+01
    15.4000    2.195578E-05  2.209400E-05  1.084969E+02 -2.149043E+01
    15.4500    1.914619E-05  2.186611E-05  1.088890E+02 -2.152028E+01
    15.5000    1.351343E-05  2.163823E-05  1.092812E+02 -2.155013E+01
    15.5500    5.964743E-06  2.141034E-05  1.096734E+02 -2.157998E+01
    15.6000   -2.322377E-06  2.118246E-05  1.100656E+02 -2.160983E+01
    15.6500   -1.008370E-05  2.095457E-05  1.104578E+02 -2.163968E+01
    15.7000   -1.616113E-05  2.072669E-05  1.108500E+02 -2.166954E+01
    15.7500   -1.967546E-05  2.049880E-05  1.112422E+02 -2.169939E+01
    15.8000   -2.015325E-05  2.027092E-05  1.116343E+02 -2.172924E+01
    15.8500   -1.758955E-05  2.004303E-05  1.120265E+02 -2.175909E+01
    15.9000   -1.243843E-05  1.981515E-05  1.124187E+02 -2.178894E+01
    15.9500   -5.534165E-06  1.958726E-05  1.128109E+02 -2.181879E+01
    16.0000    2.043345E-06  1.935938E-05  1.132031E+02 -2.184865E+01
    16.0500    9.075623E-06  1.916984E-05  1.135905E+02 -2.188324E+01
    16.1000    1.463637E-05  1.898030E-05  1.139780E+02 -2.191784E+01
    16.1500    1.793624E-05  1.879076E-05  1.143654E+02 -2.195244E+01
    16.2000    1.853453E-05  1.860122E-05  1.147528E+02 -2.198704E+01
    16.2500    1.639738E-05  1.841168E-05  1.151403E+02 -2.202164E+01
    16.3000    1.189461E-05  1.822214E-05  1.155277E+02 -2.205624E+01
    16.3500    5.737081E-06  1.803260E-05  1.159152E+02 -2.209083E+01
    16.4000   -1.135132E-06  1.784306E-05  1.163026E+02 -2.212543E+01
    16.4500   -7.696140E-06  1.765352E-05  1.166900E+02 -2.216003E+01
    16.5000   -1.298737E-05  1.746398E-05  1.170775E+02 -2.219463E+01
    16.5500   -1.625761E-05  1.727444E-05  1.174649E+02 -2.222923E+01
    16.6000   -1.706939E-05  1.708491E-05  1.178523E+02 -2.226382E+01
    16.6500   -1.535691E-05  1.689537E-05  1.182398E+02 -2.229842E+01
    16.7000   -1.142763E-05  1.670583E-05  1.186272E+02 -2.233302E+01
    16.7500   -5.908783E-06  1.651629E-05  1.190147E+02 -2.236762E+01
    16.8000    3.522383E-07  1.632675E-05  1.194021E+02 -2.240222E+01
    16.8500    6.417854E-06  1.613721E-05  1.197895E+02 -2.243681E+01
    16.9000    1.140068E-05  1.594767E-05  1.201770E+02 -2.247141E+01
    16.9500    1.459331E-05  1.575813E-05  1.205644E+02 -2.250601E+01
    17.0000    1.556859E-05  1.556859E-05  1.209519E+02 -2.254061E+01
    17.0500    1.420022E-05  1.534871E-05  1.213406E+02 -2.257388E+01
    17.1000    1.077575E-05  1.512882E-05  1.217294E+02 -2.260714E+01
    17.1500    5.860028E-06  1.490894E-05  1.221182E+02 -2.264041E+01
    17.2000    2.229835E-07  1.468905E-05  1.225069E+02 -2.267367E+01
    17.2500   -5.280665E-06  1.446917E-05  1.228957E+02 -2.270694E+01
    17.3000   -9.840986E-06  1.424928E-05  1.232845E+02 -2.274021E+01
    17.3500   -1.281200E-05  1.402940E-05  1.236732E+02 -2.277347E+01
    17.4000   -1.380292E-05  1.380951E-05  1.240620E+02 -2.280674E+01
    17.4500   -1.272864E-05  1.358963E-05  1.244508E+02 -2.284000E+01
    17.5000   -9.813009E-06  1.336975E-05  1.248396E+02 -2.287327E+01
    17.5500   -5.546023E-06  1.314986E-05  1.252283E+02 -2.290654E+01
    17.6000   -6.024466E-07  1.292998E-05  1.256171E+02 -2.293980E+01
    17.6500    4.264530E-06  1.271009E-05  1.260059E+02 -2.297307E+01
    17.7000    8.338001E-06  1.249021E-05  1.263946E+02 -2.300634E+01
    17.7500    1.104293E-05  1.227032E-05  1.267834E+02 -2.303960E+01
    17.8000    1.202704E-05  1.205044E-05  1.271722E+02 -2.307287E+01
    17.8500    1.120576E-05  1.183055E-05  1.275609E+02 -2.310613E+01
    17.9000    8.765489E-06  1.161067E-05  1.279497E+02 -2.313940E+01
    17.9500    5.126301E-06  1.139078E-05  1.283385E+02 -2.317267E+01
    18.0000    8.708804E-07  1.117090E-05  1.287273E+02 -2.320593E+01
    18.0500   -3.387592E-06  1.100721E-05  1.291181E+02 -2.323709E+01
    18.1000   -7.016371E-06  1.084353E-05  1.295090E+02 -2.326825E+01
    18.1500   -9.491632E-06  1.067984E-05  1.298999E+02 -2.329941E+01
    18.2000   -1.047790E-05  1.051616E-05  1.302908E+02 -2.333057E+01
    18.2500   -9.872950E-06  1.035247E-05  1.306816E+02 -2.336173E+01
    18.3000   -7.816182E-06  1.018879E-05  1.310725E+02 -2.339289E+01
    18.3500   -4.660354E-06  1.002510E-05  1.314634E+02 -2.342404E+01
    18.4000   -9.119422E-07  9.861418E-06  1.318543E+02 -2.345520E+01
    18.4500    2.849843E-06  9.697733E-06  1.322452E+02 -2.348636E+01
    18.5000    6.062507E-06  9.534047E-06  1.326360E+02 -2.351752E+01
    18.5500    8.264378E-06  9.370362E-06  1.330269E+02 -2.354868E+01
    18.6000    9.160781E-06  9.206677E-06  1.334178E+02 -2.357984E+01
    18.6500    8.662840E-06  9.042992E-06  1.338087E+02 -2.361100E+01
    18.7000    6.893892E-06  8.879307E-06  1.341996E+02 -2.364215E+01
    18.7500    4.163608E-06  8.715622E-06  1.345904E+02 -2.367331E+01
    18.8000    9.148192E-07  8.551937E-06  1.349813E+02 -2.370447E+01
    18.8500   -2.347958E-06  8.388252E-06  1.353722E+02 -2.373563E+01
    18.9000   -5.136803E-06  8.224566E-06  1.357631E+02 -2.376679E+01
    18.9500   -7.053352E-06  8.060881E-06  1.361539E+02 -2.379795E+01
    19.0000   -7.845520E-06  7.897196E-06  1.365448E+02 -2.382911E+01
    19.0500   -7.460941E-06  7.757313E-06  1.369366E+02 -2.385937E+01
    19.1000   -5.975017E-06  7.617430E-06  1.373284E+02 -2.388963E+01
    19.1500   -3.649932E-06  7.477547E-06  1.377201E+02 -2.391989E+01
    19.2000   -8.649887E-07  7.337664E-06  1.381119E+02 -2.395015E+01
    19.2500    1.944952E-06  7.197781E-06  1.385037E+02 -2.398042E+01
    19.3000    4.357317E-06  7.057898E-06  1.388955E+02 -2.401068E+01
    19.3500    6.025363E-06  6.918015E-06  1.392872E+02 -2.404094E+01
    19.4000    6.727872E-06  6.778133E-06  1.396790E+02 -2.407120E+01
    19.4500    6.397892E-06  6.638250E-06  1.400708E+02 -2.410146E+01
    19.5000    5.126896E-06  6.498367E-06  1.404626E+02 -2.413172E+01
    19.5500    3.144637E-06  6.358484E-06  1.408543E+02 -2.416199E+01
    19.6000    7.787005E-07  6.218601E-06  1.412461E+02 -2.419225E+01
    19.6500   -1.599253E-06  6.078718E-06  1.416379E+02 -2.422251E+01
    19.7000   -3.631806E-06  5.938835E-06  1.420297E+02 -2.425277E+01
    19.7500   -5.029494E-06  5.798952E-06  1.424214E+02 -2.428303E+01
    19.8000   -5.611868E-06  5.659069E-06  1.428132E+02 -2.431329E+01
    19.8500   -5.330082E-06  5.519186E-06  1.432050E+02 -2.434356E+01
    19.9000   -4.268328E-06  5.379303E-06  1.435968E+02 -2.437382E+01
    19.9500   -2.624789E-06  5.239420E-06  1.439885E+02 -2.440408E+01
    20.0000   -6.759545E-07  5.099537E-06  1.443803E+02 -2.443434E+01
