# xx                                                               FEFF 9.9.1
# POT  SCF 100  5.0000   0, core-hole, AFOLP (folp(0)= 1.150)
# Abs   Z=28 Rmt= 1.320 Rnm= 1.527 K  shell
# Pot 1 Z=28 Rmt= 1.302 Rnm= 1.519
# Pot 2 Z=30 Rmt= 1.280 Rnm= 1.497
# Pot 3 Z=19 Rmt= 2.061 Rnm= 2.170
# Pot 4 Z=17 Rmt= 1.374 Rnm= 1.582
# Gam_ch=1.576E+00 H-L exch Vi= 0.000E+00 Vr= 0.000E+00
# Mu=-7.123E+00eV kf=1.540E+00 Vint=-1.059E+01eV Rs_int= 2.355
# PATH  Rmax= 5.000,  Keep_limit= 0.00, Heap_limit 0.00  Pwcrit= 2.50%
 S02  1.000                                        Global sig2  0.00000
 Debye-waller factor    0.0000000000000000        0.0000000000000000     
 -----------------------------------------------------------------------
       k         chi           mag          phase        phase-2kr  @#
     0.0000   -2.557825E-02  2.614468E-02 -1.779334E+00 -1.779334E+00
     0.0500   -2.560725E-02  2.608886E-02 -1.763240E+00 -2.207280E+00
     0.1000   -2.562928E-02  2.603304E-02 -1.747146E+00 -2.635225E+00
     0.1500   -2.566007E-02  2.587261E-02 -1.699061E+00 -3.031178E+00
     0.2000   -2.562957E-02  2.571217E-02 -1.650975E+00 -3.427132E+00
     0.2500   -2.546608E-02  2.546608E-02 -1.571380E+00 -3.791576E+00
     0.3000   -2.514131E-02  2.521999E-02 -1.491784E+00 -4.156020E+00
     0.3500   -2.447341E-02  2.491367E-02 -1.382522E+00 -4.490797E+00
     0.4000   -2.352614E-02  2.460735E-02 -1.273260E+00 -4.825573E+00
     0.4500   -2.198562E-02  2.427116E-02 -1.133342E+00 -5.129695E+00
     0.5000   -2.005513E-02  2.393498E-02 -9.934251E-01 -5.433817E+00
     0.5500   -1.733543E-02  2.359721E-02 -8.251346E-01 -5.709566E+00
     0.6000   -1.420269E-02  2.325944E-02 -6.568441E-01 -5.985315E+00
     0.6500   -1.021424E-02  2.294297E-02 -4.613990E-01 -6.233909E+00
     0.7000   -5.946917E-03  2.262651E-02 -2.659538E-01 -6.482503E+00
     0.7500   -9.982698E-04  2.234276E-02 -4.469467E-02 -6.705283E+00
     0.8000    3.874631E-03  2.205901E-02  1.765644E-01 -6.928063E+00
     0.8500    8.942619E-03  2.180938E-02  4.224928E-01 -7.126174E+00
     0.9000    1.336161E-02  2.155976E-02  6.684212E-01 -7.324285E+00
     0.9500    1.720733E-02  2.133655E-02  9.381610E-01 -7.498585E+00
     1.0000    1.973829E-02  2.111334E-02  1.207901E+00 -7.672884E+00
     1.0500    2.084295E-02  2.089378E-02  1.501028E+00 -7.823796E+00
     1.1000    2.016066E-02  2.067422E-02  1.794155E+00 -7.974708E+00
     1.1500    1.752208E-02  2.042984E-02  2.110870E+00 -8.102033E+00
     1.2000    1.321881E-02  2.018546E-02  2.427585E+00 -8.229357E+00
     1.2500    7.236687E-03  1.987261E-02  2.768868E+00 -8.332112E+00
     1.3000    6.148662E-04  1.955976E-02  3.110152E+00 -8.434868E+00
     1.3500   -6.299831E-03  1.913363E-02  3.477106E+00 -8.511953E+00
     1.4000   -1.208698E-02  1.870751E-02  3.844061E+00 -8.589038E+00
     1.4500   -1.610907E-02  1.810706E-02  4.238185E+00 -8.638953E+00
     1.5000   -1.745052E-02  1.750662E-02  4.632310E+00 -8.688868E+00
     1.5500   -1.571683E-02  1.668210E-02  5.054234E+00 -8.710982E+00
     1.6000   -1.145287E-02  1.585758E-02  5.476159E+00 -8.733096E+00
     1.6500   -5.192365E-03  1.479639E-02  5.924631E+00 -8.728664E+00
     1.7000    1.233366E-03  1.373521E-02  6.373102E+00 -8.724232E+00
     1.7500    6.645334E-03  1.249486E-02  6.843964E+00 -8.697410E+00
     1.8000    9.657961E-03  1.125450E-02  7.314825E+00 -8.670588E+00
     1.8500    9.884047E-03  9.888191E-03  7.825028E+00 -8.604424E+00
     1.9000    7.553944E-03  8.521880E-03  8.335231E+00 -8.538260E+00
     1.9500    3.904357E-03  6.841485E-03  8.817434E+00 -8.500096E+00
     2.0000    6.441782E-04  5.161091E-03  9.299637E+00 -8.461932E+00
     2.0500   -1.141163E-03  4.392485E-03  9.687592E+00 -8.518017E+00
     2.1000   -2.195340E-03  3.623879E-03  1.007555E+01 -8.574101E+00
     2.1500   -2.460553E-03  2.855273E-03  1.046350E+01 -8.630185E+00
     2.2000   -2.065036E-03  2.086668E-03  1.085146E+01 -8.686270E+00
     2.2500   -1.787488E-03  1.814150E-03  1.116723E+01 -8.814536E+00
     2.3000   -1.362093E-03  1.541631E-03  1.148300E+01 -8.942802E+00
     2.3500   -8.812794E-04  1.269113E-03  1.179878E+01 -9.071068E+00
     2.4000   -4.351174E-04  9.965946E-04  1.211455E+01 -9.199333E+00
     2.4500   -1.299555E-04  9.277109E-04  1.242583E+01 -9.332096E+00
     2.5000    1.459183E-04  8.588272E-04  1.273710E+01 -9.464859E+00
     2.5500    3.661864E-04  7.899435E-04  1.304838E+01 -9.597621E+00
     2.6000    5.138721E-04  7.210600E-04  1.335966E+01 -9.730384E+00
     2.6500    6.542756E-04  7.159396E-04  1.371909E+01 -9.814993E+00
     2.7000    7.095969E-04  7.108192E-04  1.407852E+01 -9.899603E+00
     2.7500    6.740171E-04  7.056987E-04  1.443795E+01 -9.984212E+00
     2.8000    5.533616E-04  7.005784E-04  1.479738E+01 -1.006882E+01
     2.8500    3.585149E-04  7.153198E-04  1.518298E+01 -1.012725E+01
     2.9000    1.014209E-04  7.300612E-04  1.556859E+01 -1.018568E+01
     2.9500   -1.815495E-04  7.448027E-04  1.595420E+01 -1.024412E+01
     3.0000   -4.486121E-04  7.595441E-04  1.633981E+01 -1.030255E+01
     3.0500   -6.675978E-04  7.821554E-04  1.673070E+01 -1.035570E+01
     3.1000   -7.948472E-04  8.047667E-04  1.712159E+01 -1.040884E+01
     3.1500   -8.048829E-04  8.273780E-04  1.751248E+01 -1.046199E+01
     3.2000   -6.895034E-04  8.499893E-04  1.790337E+01 -1.051514E+01
     3.2500   -4.618078E-04  8.746479E-04  1.829332E+01 -1.056923E+01
     3.3000   -1.488534E-04  8.993064E-04  1.868327E+01 -1.062332E+01
     3.3500    2.049394E-04  9.239650E-04  1.907322E+01 -1.067741E+01
     3.4000    5.462423E-04  9.486235E-04  1.946317E+01 -1.073150E+01
     3.4500    8.184232E-04  9.711965E-04  1.985183E+01 -1.078688E+01
     3.5000    9.777372E-04  9.937695E-04  2.024048E+01 -1.084226E+01
     3.5500    9.942705E-04  1.016342E-03  2.062914E+01 -1.089765E+01
     3.6000    8.589505E-04  1.038915E-03  2.101780E+01 -1.095303E+01
     3.6500    5.834877E-04  1.056116E-03  2.140581E+01 -1.100906E+01
     3.7000    2.104273E-04  1.073317E-03  2.179382E+01 -1.106509E+01
     3.7500   -2.066809E-04  1.090517E-03  2.218183E+01 -1.112112E+01
     3.8000   -6.058411E-04  1.107718E-03  2.256984E+01 -1.117714E+01
     3.8500   -9.186914E-04  1.117129E-03  2.295671E+01 -1.123431E+01
     3.9000   -1.099788E-03  1.126539E-03  2.334358E+01 -1.129148E+01
     3.9500   -1.119861E-03  1.135950E-03  2.373045E+01 -1.134865E+01
     4.0000   -9.732129E-04  1.145361E-03  2.411733E+01 -1.140581E+01
     4.0500   -6.759459E-04  1.145424E-03  2.450152E+01 -1.146565E+01
     4.1000   -2.800865E-04  1.145487E-03  2.488572E+01 -1.152549E+01
     4.1500    1.566557E-04  1.145549E-03  2.526992E+01 -1.158533E+01
     4.2000    5.706039E-04  1.145612E-03  2.565412E+01 -1.164517E+01
     4.2500    8.942618E-04  1.140338E-03  2.603416E+01 -1.170918E+01
     4.3000    1.087882E-03  1.135064E-03  2.641420E+01 -1.177318E+01
     4.3500    1.125146E-03  1.129790E-03  2.679423E+01 -1.183718E+01
     4.4000    1.002208E-03  1.124515E-03  2.717427E+01 -1.190118E+01
     4.4500    7.383016E-04  1.116305E-03  2.755168E+01 -1.196782E+01
     4.5000    3.750171E-04  1.108095E-03  2.792908E+01 -1.203445E+01
     4.5500   -3.535763E-05  1.099884E-03  2.830649E+01 -1.210108E+01
     4.6000   -4.347077E-04  1.091674E-03  2.868389E+01 -1.216772E+01
     4.6500   -7.655016E-04  1.081669E-03  2.906058E+01 -1.223507E+01
     4.7000   -9.837545E-04  1.071664E-03  2.943726E+01 -1.230242E+01
     4.7500   -1.061143E-03  1.061659E-03  2.981395E+01 -1.236978E+01
     4.8000   -9.895055E-04  1.051654E-03  3.019064E+01 -1.243713E+01
     4.8500   -7.799066E-04  1.040139E-03  3.056815E+01 -1.250365E+01
     4.9000   -4.660880E-04  1.028624E-03  3.094567E+01 -1.257018E+01
     4.9500   -9.419669E-05  1.017108E-03  3.132318E+01 -1.263670E+01
     5.0000    2.825078E-04  1.005593E-03  3.170070E+01 -1.270323E+01
     5.0500    6.114793E-04  9.931432E-04  3.207920E+01 -1.276876E+01
     5.1000    8.466369E-04  9.806933E-04  3.245771E+01 -1.283429E+01
     5.1500    9.572972E-04  9.682434E-04  3.283621E+01 -1.289983E+01
     5.2000    9.310589E-04  9.557935E-04  3.321472E+01 -1.296536E+01
     5.2500    7.729122E-04  9.420950E-04  3.359538E+01 -1.302874E+01
     5.3000    5.099360E-04  9.283965E-04  3.397603E+01 -1.309212E+01
     5.3500    1.824638E-04  9.146979E-04  3.435669E+01 -1.315551E+01
     5.4000   -1.611555E-04  9.009994E-04  3.473735E+01 -1.321889E+01
     5.4500   -4.728417E-04  8.870793E-04  3.511970E+01 -1.328058E+01
     5.5000   -7.074522E-04  8.731593E-04  3.550205E+01 -1.334227E+01
     5.5500   -8.338052E-04  8.592392E-04  3.588440E+01 -1.340396E+01
     5.6000   -8.372325E-04  8.453192E-04  3.626675E+01 -1.346565E+01
     5.6500   -7.200175E-04  8.309171E-04  3.665090E+01 -1.352554E+01
     5.7000   -5.032369E-04  8.165151E-04  3.703505E+01 -1.358543E+01
     5.7500   -2.216027E-04  8.021131E-04  3.741920E+01 -1.364532E+01
     5.8000    8.195865E-05  7.877111E-04  3.780335E+01 -1.370520E+01
     5.8500    3.641435E-04  7.735838E-04  3.818922E+01 -1.376337E+01
     5.9000    5.833948E-04  7.594565E-04  3.857510E+01 -1.382153E+01
     5.9500    7.100433E-04  7.453293E-04  3.896097E+01 -1.387970E+01
     6.0000    7.290390E-04  7.312020E-04  3.934685E+01 -1.393786E+01
     6.0500    6.418531E-04  7.181026E-04  3.973492E+01 -1.399383E+01
     6.1000    4.636576E-04  7.050032E-04  4.012299E+01 -1.404980E+01
     6.1500    2.239758E-04  6.919038E-04  4.051106E+01 -1.410577E+01
     6.2000   -3.963544E-05  6.788044E-04  4.089913E+01 -1.416174E+01
     6.2500   -2.874553E-04  6.657050E-04  4.128720E+01 -1.421771E+01
     6.3000   -4.835835E-04  6.526056E-04  4.167527E+01 -1.427367E+01
     6.3500   -6.011369E-04  6.395062E-04  4.206334E+01 -1.432964E+01
     6.4000   -6.259080E-04  6.264068E-04  4.245141E+01 -1.438561E+01
     6.4500   -5.579907E-04  6.133074E-04  4.283948E+01 -1.444158E+01
     6.5000   -4.112045E-04  6.002080E-04  4.322755E+01 -1.449755E+01
     6.5500   -2.100553E-04  5.893537E-04  4.361787E+01 -1.455127E+01
     6.6000    1.497359E-05  5.784995E-04  4.400818E+01 -1.460500E+01
     6.6500    2.294932E-04  5.676452E-04  4.439850E+01 -1.465872E+01
     6.7000    4.019374E-04  5.567909E-04  4.478882E+01 -1.471244E+01
     6.7500    5.082054E-04  5.459366E-04  4.517913E+01 -1.476617E+01
     6.8000    5.350108E-04  5.350824E-04  4.556945E+01 -1.481989E+01
     6.8500    4.814738E-04  5.242281E-04  4.595976E+01 -1.487361E+01
     6.9000    3.587795E-04  5.133738E-04  4.635008E+01 -1.492734E+01
     6.9500    1.880247E-04  5.025195E-04  4.674039E+01 -1.498106E+01
     7.0000   -3.353568E-06  4.916653E-04  4.713071E+01 -1.503478E+01
     7.0500   -1.878409E-04  4.827774E-04  4.752353E+01 -1.508601E+01
     7.1000   -3.374461E-04  4.738894E-04  4.791634E+01 -1.513723E+01
     7.1500   -4.308705E-04  4.650015E-04  4.830916E+01 -1.518845E+01
     7.2000   -4.561015E-04  4.561136E-04  4.870197E+01 -1.523968E+01
     7.2500   -4.119039E-04  4.472257E-04  4.909479E+01 -1.529090E+01
     7.3000   -3.076112E-04  4.383378E-04  4.948761E+01 -1.534212E+01
     7.3500   -1.613075E-04  4.294499E-04  4.988042E+01 -1.539334E+01
     7.4000    3.262103E-06  4.205619E-04  5.027324E+01 -1.544457E+01
     7.4500    1.605305E-04  4.116740E-04  5.066606E+01 -1.549579E+01
     7.5000    2.870795E-04  4.027861E-04  5.105887E+01 -1.554701E+01
     7.5500    3.666783E-04  3.951704E-04  5.145422E+01 -1.559570E+01
     7.6000    3.875205E-04  3.875547E-04  5.184957E+01 -1.564439E+01
     7.6500    3.486557E-04  3.799390E-04  5.224492E+01 -1.569308E+01
     7.7000    2.583328E-04  3.723233E-04  5.264027E+01 -1.574178E+01
     7.7500    1.323798E-04  3.647076E-04  5.303562E+01 -1.579047E+01
     7.8000   -8.530148E-06  3.570919E-04  5.343097E+01 -1.583916E+01
     7.8500   -1.422597E-04  3.494762E-04  5.382631E+01 -1.588785E+01
     7.9000   -2.486840E-04  3.418605E-04  5.422166E+01 -1.593654E+01
     7.9500   -3.127173E-04  3.342448E-04  5.461701E+01 -1.598523E+01
     8.0000   -3.264348E-04  3.266291E-04  5.501236E+01 -1.603392E+01
     8.0500   -2.906412E-04  3.201062E-04  5.541030E+01 -1.608002E+01
     8.1000   -2.115466E-04  3.135833E-04  5.580823E+01 -1.612613E+01
     8.1500   -1.031247E-04  3.070605E-04  5.620617E+01 -1.617223E+01
     8.2000    1.665112E-05  3.005376E-04  5.660410E+01 -1.621833E+01
     8.2500    1.287771E-04  2.940148E-04  5.700204E+01 -1.626444E+01
     8.3000    2.162340E-04  2.874919E-04  5.739997E+01 -1.631054E+01
     8.3500    2.665677E-04  2.809690E-04  5.779791E+01 -1.635665E+01
     8.4000    2.736461E-04  2.744462E-04  5.819584E+01 -1.640275E+01
     8.4500    2.383467E-04  2.679233E-04  5.859377E+01 -1.644886E+01
     8.5000    1.681089E-04  2.614005E-04  5.899171E+01 -1.649496E+01
     8.5500    7.550971E-05  2.561299E-04  5.939100E+01 -1.653971E+01
     8.6000   -2.505341E-05  2.508594E-04  5.979030E+01 -1.658445E+01
     8.6500   -1.175974E-04  2.455889E-04  6.018959E+01 -1.662920E+01
     8.7000   -1.880423E-04  2.403184E-04  6.058889E+01 -1.667394E+01
     8.7500   -2.263510E-04  2.350479E-04  6.098818E+01 -1.671869E+01
     8.8000   -2.279437E-04  2.297773E-04  6.138747E+01 -1.676343E+01
     8.8500   -1.941911E-04  2.245068E-04  6.178677E+01 -1.680818E+01
     8.9000   -1.319432E-04  2.192363E-04  6.218606E+01 -1.685292E+01
     8.9500   -5.220965E-05  2.139658E-04  6.258536E+01 -1.689767E+01
     9.0000    3.176386E-05  2.086953E-04  6.298465E+01 -1.694241E+01
     9.0500    1.075393E-04  2.046882E-04  6.338502E+01 -1.698609E+01
     9.1000    1.636481E-04  2.006811E-04  6.378538E+01 -1.702976E+01
     9.1500    1.920658E-04  1.966740E-04  6.418575E+01 -1.707343E+01
     9.2000    1.894334E-04  1.926669E-04  6.458612E+01 -1.711710E+01
     9.2500    1.574094E-04  1.886598E-04  6.498648E+01 -1.716078E+01
     9.3000    1.022108E-04  1.846527E-04  6.538685E+01 -1.720445E+01
     9.3500    3.344748E-05  1.806457E-04  6.578722E+01 -1.724812E+01
     9.4000   -3.753643E-05  1.766386E-04  6.618758E+01 -1.729179E+01
     9.4500   -9.953121E-05  1.726315E-04  6.658795E+01 -1.733547E+01
     9.5000   -1.432316E-04  1.686244E-04  6.698832E+01 -1.737914E+01
     9.5500   -1.635422E-04  1.654985E-04  6.739034E+01 -1.742116E+01
     9.6000   -1.574003E-04  1.623725E-04  6.779235E+01 -1.746318E+01
     9.6500   -1.267610E-04  1.592466E-04  6.819437E+01 -1.750520E+01
     9.7000   -7.738969E-05  1.561207E-04  6.859639E+01 -1.754722E+01
     9.7500   -1.780282E-05  1.529947E-04  6.899841E+01 -1.758924E+01
     9.8000    4.219320E-05  1.498688E-04  6.940043E+01 -1.763126E+01
     9.8500    9.311406E-05  1.467429E-04  6.980245E+01 -1.767328E+01
     9.9000    1.272968E-04  1.436169E-04  7.020447E+01 -1.771530E+01
     9.9500    1.400490E-04  1.404910E-04  7.060649E+01 -1.775732E+01
    10.0000    1.302758E-04  1.373651E-04  7.100851E+01 -1.779934E+01
    10.0500    1.008449E-04  1.349929E-04  7.141303E+01 -1.783885E+01
    10.1000    5.637670E-05  1.326207E-04  7.181756E+01 -1.787836E+01
    10.1500    4.498203E-06  1.302485E-04  7.222209E+01 -1.791788E+01
    10.2000   -4.624021E-05  1.278763E-04  7.262662E+01 -1.795739E+01
    10.2500   -8.777346E-05  1.255041E-04  7.303114E+01 -1.799690E+01
    10.3000   -1.138034E-04  1.231320E-04  7.343567E+01 -1.803641E+01
    10.3500   -1.207499E-04  1.207598E-04  7.384020E+01 -1.807593E+01
    10.4000   -1.082285E-04  1.183876E-04  7.424472E+01 -1.811544E+01
    10.4500   -7.899338E-05  1.160154E-04  7.464925E+01 -1.815495E+01
    10.5000   -3.837452E-05  1.136432E-04  7.505378E+01 -1.819446E+01
    10.5500    6.681227E-06  1.112710E-04  7.545830E+01 -1.823397E+01
    10.6000    4.879453E-05  1.088988E-04  7.586283E+01 -1.827349E+01
    10.6500    8.136193E-05  1.065266E-04  7.626736E+01 -1.831300E+01
    10.7000    9.959034E-05  1.041545E-04  7.667189E+01 -1.835251E+01
    10.7500    1.011959E-04  1.017823E-04  7.707641E+01 -1.839202E+01
    10.8000    8.666630E-05  9.941008E-05  7.748094E+01 -1.843154E+01
    10.8500    5.906150E-05  9.703790E-05  7.788547E+01 -1.847105E+01
    10.9000    2.340444E-05  9.466571E-05  7.828999E+01 -1.851056E+01
    10.9500   -1.422129E-05  9.229353E-05  7.869452E+01 -1.855007E+01
    11.0000   -4.770637E-05  8.992135E-05  7.909905E+01 -1.858958E+01
    11.0500   -7.275234E-05  8.843652E-05  7.950587E+01 -1.862680E+01
    11.1000   -8.525431E-05  8.695169E-05  7.991270E+01 -1.866401E+01
    11.1500   -8.360855E-05  8.546686E-05  8.031953E+01 -1.870122E+01
    11.2000   -6.855844E-05  8.398203E-05  8.072635E+01 -1.873844E+01
    11.2500   -4.299572E-05  8.249721E-05  8.113318E+01 -1.877565E+01
    11.3000   -1.141737E-05  8.101238E-05  8.154000E+01 -1.881286E+01
    11.3500    2.086138E-05  7.952755E-05  8.194683E+01 -1.885008E+01
    11.4000    4.860083E-05  7.804272E-05  8.235366E+01 -1.888729E+01
    11.4500    6.748740E-05  7.655789E-05  8.276048E+01 -1.892450E+01
    11.5000    7.480269E-05  7.507306E-05  8.316731E+01 -1.896171E+01
    11.5500    6.980774E-05  7.358824E-05  8.357414E+01 -1.899893E+01
    11.6000    5.378936E-05  7.210341E-05  8.398096E+01 -1.903614E+01
    11.6500    2.977307E-05  7.061858E-05  8.438779E+01 -1.907335E+01
    11.7000    1.962250E-06  6.913375E-05  8.479461E+01 -1.911057E+01
    11.7500   -2.499427E-05  6.764892E-05  8.520144E+01 -1.914778E+01
    11.8000   -4.677886E-05  6.616410E-05  8.560827E+01 -1.918499E+01
    11.8500   -6.009637E-05  6.467927E-05  8.601509E+01 -1.922221E+01
    11.9000   -6.316945E-05  6.319444E-05  8.642192E+01 -1.925942E+01
    11.9500   -5.596396E-05  6.170961E-05  8.682875E+01 -1.929663E+01
    12.0000   -4.011819E-05  6.022478E-05  8.723557E+01 -1.933384E+01
    12.0500   -1.862960E-05  5.927530E-05  8.764489E+01 -1.936857E+01
    12.1000    5.219382E-06  5.832582E-05  8.805420E+01 -1.940329E+01
    12.1500    2.745334E-05  5.737634E-05  8.846352E+01 -1.943802E+01
    12.2000    4.448804E-05  5.642685E-05  8.887283E+01 -1.947274E+01
    12.2500    5.370788E-05  5.547737E-05  8.928214E+01 -1.950747E+01
    12.3000    5.386516E-05  5.452789E-05  8.969146E+01 -1.954219E+01
    12.3500    4.524073E-05  5.357841E-05  9.010077E+01 -1.957692E+01
    12.4000    2.954686E-05  5.262893E-05  9.051009E+01 -1.961164E+01
    12.4500    9.596888E-06  5.167945E-05  9.091940E+01 -1.964637E+01
    12.5000   -1.119600E-05  5.072996E-05  9.132872E+01 -1.968109E+01
    12.5500   -2.940206E-05  4.978048E-05  9.173803E+01 -1.971582E+01
    12.6000   -4.214069E-05  4.883100E-05  9.214735E+01 -1.975054E+01
    12.6500   -4.753533E-05  4.788152E-05  9.255666E+01 -1.978527E+01
    12.7000   -4.498585E-05  4.693204E-05  9.296598E+01 -1.981999E+01
    12.7500   -3.521952E-05  4.598256E-05  9.337529E+01 -1.985472E+01
    12.8000   -2.012039E-05  4.503308E-05  9.378460E+01 -1.988944E+01
    12.8500   -2.373238E-06  4.408359E-05  9.419392E+01 -1.992417E+01
    12.9000    1.501134E-05  4.313411E-05  9.460323E+01 -1.995889E+01
    12.9500    2.920736E-05  4.218463E-05  9.501255E+01 -1.999361E+01
    13.0000    3.803265E-05  4.123515E-05  9.542186E+01 -2.002834E+01
    13.0500    4.060383E-05  4.060830E-05  9.583342E+01 -2.006082E+01
    13.1000    3.640153E-05  3.998145E-05  9.624498E+01 -2.009330E+01
    13.1500    2.632755E-05  3.935461E-05  9.665653E+01 -2.012579E+01
    13.2000    1.222958E-05  3.872776E-05  9.706809E+01 -2.015827E+01
    13.2500   -3.434884E-06  3.810091E-05  9.747965E+01 -2.019075E+01
    13.3000   -1.802624E-05  3.747406E-05  9.789120E+01 -2.022323E+01
    13.3500   -2.916748E-05  3.684721E-05  9.830276E+01 -2.025572E+01
    13.4000   -3.513125E-05  3.622037E-05  9.871432E+01 -2.028820E+01
    13.4500   -3.510596E-05  3.559352E-05  9.912588E+01 -2.032068E+01
    13.5000   -2.930064E-05  3.496667E-05  9.953743E+01 -2.035316E+01
    13.5500   -1.887576E-05  3.433982E-05  9.994899E+01 -2.038564E+01
    13.6000   -5.717558E-06  3.371298E-05  1.003605E+02 -2.041813E+01
    13.6500    7.901231E-06  3.308613E-05  1.007721E+02 -2.045061E+01
    13.7000    1.971349E-05  3.245928E-05  1.011837E+02 -2.048309E+01
    13.7500    2.783512E-05  3.183243E-05  1.015952E+02 -2.051557E+01
    13.8000    3.106491E-05  3.120559E-05  1.020068E+02 -2.054806E+01
    13.8500    2.905925E-05  3.057874E-05  1.024183E+02 -2.058054E+01
    13.9000    2.235676E-05  2.995189E-05  1.028299E+02 -2.061302E+01
    13.9500    1.225440E-05  2.932504E-05  1.032414E+02 -2.064550E+01
    14.0000    5.611747E-07  2.869819E-05  1.036530E+02 -2.067798E+01
    14.0500   -1.087143E-05  2.832884E-05  1.040664E+02 -2.070861E+01
    14.1000   -2.019820E-05  2.795948E-05  1.044798E+02 -2.073923E+01
    14.1500   -2.591649E-05  2.759012E-05  1.048933E+02 -2.076985E+01
    14.2000   -2.716621E-05  2.722076E-05  1.053067E+02 -2.080047E+01
    14.2500   -2.385736E-05  2.685141E-05  1.057201E+02 -2.083109E+01
    14.3000   -1.666486E-05  2.648205E-05  1.061335E+02 -2.086171E+01
    14.3500   -6.895076E-06  2.611269E-05  1.065469E+02 -2.089233E+01
    14.4000    3.750249E-06  2.574333E-05  1.069603E+02 -2.092295E+01
    14.4500    1.347007E-05  2.537397E-05  1.073738E+02 -2.095357E+01
    14.5000    2.066876E-05  2.500462E-05  1.077872E+02 -2.098419E+01
    14.5500    2.421786E-05  2.463526E-05  1.082006E+02 -2.101481E+01
    14.6000    2.363199E-05  2.426590E-05  1.086140E+02 -2.104543E+01
    14.6500    1.913166E-05  2.389654E-05  1.090274E+02 -2.107606E+01
    14.7000    1.158558E-05  2.352719E-05  1.094409E+02 -2.110668E+01
    14.7500    2.345687E-06  2.315783E-05  1.098543E+02 -2.113730E+01
    14.8000   -6.994191E-06  2.278847E-05  1.102677E+02 -2.116792E+01
    14.8500   -1.487314E-05  2.241911E-05  1.106811E+02 -2.119854E+01
    14.9000   -2.002399E-05  2.204975E-05  1.110945E+02 -2.122916E+01
    14.9500   -2.167665E-05  2.168040E-05  1.115080E+02 -2.125978E+01
    15.0000   -1.967141E-05  2.131104E-05  1.119214E+02 -2.129040E+01
    15.0500   -1.458901E-05  2.107234E-05  1.123326E+02 -2.132319E+01
    15.1000   -7.211478E-06  2.083364E-05  1.127439E+02 -2.135597E+01
    15.1500    1.189587E-06  2.059494E-05  1.131551E+02 -2.138876E+01
    15.2000    9.201752E-06  2.035624E-05  1.135664E+02 -2.142155E+01
    15.2500    1.550921E-05  2.011754E-05  1.139776E+02 -2.145433E+01
    15.3000    1.910882E-05  1.987884E-05  1.143889E+02 -2.148712E+01
    15.3500    1.946926E-05  1.964014E-05  1.148001E+02 -2.151990E+01
    15.4000    1.660815E-05  1.940144E-05  1.152114E+02 -2.155269E+01
    15.4500    1.107614E-05  1.916274E-05  1.156226E+02 -2.158548E+01
    15.5000    3.852820E-06  1.892404E-05  1.160339E+02 -2.161826E+01
    15.5500   -3.826145E-06  1.868534E-05  1.164452E+02 -2.165105E+01
    15.6000   -1.068027E-05  1.844664E-05  1.168564E+02 -2.168383E+01
    15.6500   -1.559775E-05  1.820794E-05  1.172677E+02 -2.171662E+01
    15.7000   -1.781572E-05  1.796924E-05  1.176789E+02 -2.174941E+01
    15.7500   -1.703787E-05  1.773054E-05  1.180902E+02 -2.178219E+01
    15.8000   -1.347162E-05  1.749184E-05  1.185014E+02 -2.181498E+01
    15.8500   -7.780591E-06  1.725315E-05  1.189127E+02 -2.184777E+01
    15.9000   -9.624146E-07  1.701445E-05  1.193239E+02 -2.188055E+01
    15.9500    5.825714E-06  1.677575E-05  1.197352E+02 -2.191334E+01
    16.0000    1.146339E-05  1.653705E-05  1.201464E+02 -2.194612E+01
    16.0500    1.505523E-05  1.631253E-05  1.205561E+02 -2.198047E+01
    16.1000    1.608631E-05  1.608800E-05  1.209658E+02 -2.201481E+01
    16.1500    1.445744E-05  1.586348E-05  1.213755E+02 -2.204915E+01
    16.2000    1.050923E-05  1.563896E-05  1.217852E+02 -2.208349E+01
    16.2500    4.954036E-06  1.541444E-05  1.221949E+02 -2.211783E+01
    16.3000   -1.251758E-06  1.518992E-05  1.226046E+02 -2.215218E+01
    16.3500   -7.072106E-06  1.496540E-05  1.230143E+02 -2.218652E+01
    16.4000   -1.156427E-05  1.474088E-05  1.234240E+02 -2.222086E+01
    16.4500   -1.403142E-05  1.451636E-05  1.238337E+02 -2.225520E+01
    16.5000   -1.413030E-05  1.429183E-05  1.242434E+02 -2.228955E+01
    16.5500   -1.191719E-05  1.406731E-05  1.246531E+02 -2.232389E+01
    16.6000   -7.826623E-06  1.384279E-05  1.250628E+02 -2.235823E+01
    16.6500   -2.588153E-06  1.361827E-05  1.254725E+02 -2.239257E+01
    16.7000    2.903092E-06  1.339375E-05  1.258822E+02 -2.242691E+01
    16.7500    7.739211E-06  1.316923E-05  1.262919E+02 -2.246126E+01
    16.8000    1.114964E-05  1.294471E-05  1.267016E+02 -2.249560E+01
    16.8500    1.262374E-05  1.272019E-05  1.271113E+02 -2.252994E+01
    16.9000    1.198641E-05  1.249566E-05  1.275210E+02 -2.256428E+01
    16.9500    9.415678E-06  1.227114E-05  1.279307E+02 -2.259863E+01
    17.0000    5.401194E-06  1.204662E-05  1.283404E+02 -2.263297E+01
    17.0500    6.032543E-07  1.185176E-05  1.287544E+02 -2.266300E+01
    17.1000   -4.140044E-06  1.165691E-05  1.291684E+02 -2.269304E+01
    17.1500   -8.037262E-06  1.146205E-05  1.295824E+02 -2.272307E+01
    17.2000   -1.046468E-05  1.126719E-05  1.299964E+02 -2.275311E+01
    17.2500   -1.106582E-05  1.107234E-05  1.304104E+02 -2.278314E+01
    17.3000   -9.802590E-06  1.087748E-05  1.308244E+02 -2.281317E+01
    17.3500   -6.951006E-06  1.068262E-05  1.312384E+02 -2.284321E+01
    17.4000   -3.043985E-06  1.048776E-05  1.316524E+02 -2.287324E+01
    17.4500    1.227340E-06  1.029291E-05  1.320664E+02 -2.290328E+01
    17.5000    5.135631E-06  1.009805E-05  1.324804E+02 -2.293331E+01
    17.5500    8.041189E-06  9.903190E-06  1.328944E+02 -2.296334E+01
    17.6000    9.496554E-06  9.708333E-06  1.333084E+02 -2.299338E+01
    17.6500    9.314757E-06  9.513476E-06  1.337224E+02 -2.302341E+01
    17.7000    7.590960E-06  9.318618E-06  1.341364E+02 -2.305345E+01
    17.7500    4.675480E-06  9.123761E-06  1.345504E+02 -2.308348E+01
    17.8000    1.104629E-06  8.928903E-06  1.349645E+02 -2.311352E+01
    17.8500   -2.497298E-06  8.734046E-06  1.353785E+02 -2.314355E+01
    17.9000   -5.527037E-06  8.539188E-06  1.357925E+02 -2.317358E+01
    17.9500   -7.503390E-06  8.344331E-06  1.362065E+02 -2.320362E+01
    18.0000   -8.143338E-06  8.149474E-06  1.366205E+02 -2.323365E+01
    18.0500   -7.447742E-06  8.014636E-06  1.370377E+02 -2.326051E+01
    18.1000   -5.515008E-06  7.879798E-06  1.374548E+02 -2.328737E+01
    18.1500   -2.714338E-06  7.744961E-06  1.378720E+02 -2.331423E+01
    18.2000    4.495822E-07  7.610123E-06  1.382892E+02 -2.334109E+01
    18.2500    3.427309E-06  7.475285E-06  1.387064E+02 -2.336795E+01
    18.3000    5.720047E-06  7.340447E-06  1.391235E+02 -2.339481E+01
    18.3500    6.963153E-06  7.205609E-06  1.395407E+02 -2.342168E+01
    18.4000    6.983773E-06  7.070771E-06  1.399579E+02 -2.344854E+01
    18.4500    5.823563E-06  6.935933E-06  1.403751E+02 -2.347540E+01
    18.5000    3.723797E-06  6.801096E-06  1.407923E+02 -2.350226E+01
    18.5500    1.076727E-06  6.666258E-06  1.412094E+02 -2.352912E+01
    18.6000   -1.647200E-06  6.531420E-06  1.416266E+02 -2.355598E+01
    18.6500   -3.982849E-06  6.396582E-06  1.420438E+02 -2.358284E+01
    18.7000   -5.549822E-06  6.261744E-06  1.424610E+02 -2.360970E+01
    18.7500   -6.114241E-06  6.126906E-06  1.428782E+02 -2.363656E+01
    18.8000   -5.622869E-06  5.992068E-06  1.432953E+02 -2.366342E+01
    18.8500   -4.204776E-06  5.857231E-06  1.437125E+02 -2.369028E+01
    18.9000   -2.141513E-06  5.722393E-06  1.441297E+02 -2.371714E+01
    18.9500    1.877535E-07  5.587555E-06  1.445469E+02 -2.374400E+01
    19.0000    2.375609E-06  5.452717E-06  1.449640E+02 -2.377086E+01
    19.0500    4.103380E-06  5.349535E-06  1.453875E+02 -2.379145E+01
    19.1000    5.051904E-06  5.246354E-06  1.458109E+02 -2.381204E+01
    19.1500    5.085161E-06  5.143172E-06  1.462344E+02 -2.383263E+01
    19.2000    4.232848E-06  5.039991E-06  1.466578E+02 -2.385322E+01
    19.2500    2.678850E-06  4.936809E-06  1.470813E+02 -2.387381E+01
    19.3000    7.228717E-07  4.833628E-06  1.475047E+02 -2.389440E+01
    19.3500   -1.276956E-06  4.730446E-06  1.479282E+02 -2.391499E+01
    19.4000   -2.969567E-06  4.627265E-06  1.483516E+02 -2.393559E+01
    19.4500   -4.072587E-06  4.524083E-06  1.487751E+02 -2.395618E+01
    19.5000   -4.419277E-06  4.420902E-06  1.491985E+02 -2.397677E+01
    19.5500   -3.983022E-06  4.317720E-06  1.496220E+02 -2.399736E+01
    19.6000   -2.875920E-06  4.214539E-06  1.500454E+02 -2.401795E+01
    19.6500   -1.322786E-06  4.111357E-06  1.504689E+02 -2.403854E+01
    19.7000    3.837259E-07  4.008176E-06  1.508923E+02 -2.405913E+01
    19.7500    1.938047E-06  3.904994E-06  1.513158E+02 -2.407972E+01
    19.8000    3.076406E-06  3.801813E-06  1.517392E+02 -2.410031E+01
    19.8500    3.621510E-06  3.698631E-06  1.521627E+02 -2.412090E+01
    19.9000    3.509666E-06  3.595450E-06  1.525861E+02 -2.414149E+01
    19.9500    2.796268E-06  3.492268E-06  1.530096E+02 -2.416208E+01
    20.0000    1.639719E-06  3.389086E-06  1.534330E+02 -2.418267E+01
