# xx                                                               FEFF 9.9.1
# POT  SCF 100  5.0000   0, core-hole, AFOLP (folp(0)= 1.150)
# Abs   Z=28 Rmt= 1.320 Rnm= 1.527 K  shell
# Pot 1 Z=28 Rmt= 1.302 Rnm= 1.519
# Pot 2 Z=30 Rmt= 1.280 Rnm= 1.497
# Pot 3 Z=19 Rmt= 2.061 Rnm= 2.170
# Pot 4 Z=17 Rmt= 1.374 Rnm= 1.582
# Gam_ch=1.576E+00 H-L exch Vi= 0.000E+00 Vr= 0.000E+00
# Mu=-7.123E+00eV kf=1.540E+00 Vint=-1.059E+01eV Rs_int= 2.355
# PATH  Rmax= 5.000,  Keep_limit= 0.00, Heap_limit 0.00  Pwcrit= 2.50%
 S02  1.000                                        Global sig2  0.00000
 Debye-waller factor    0.0000000000000000        0.0000000000000000     
 -----------------------------------------------------------------------
       k         chi           mag          phase        phase-2kr  @#
     0.0000   -2.169911E-01  3.321432E-01 -2.429650E+00 -2.429650E+00
     0.0500   -2.170532E-01  3.297166E-01 -2.423031E+00 -2.647661E+00
     0.1000   -2.170816E-01  3.272901E-01 -2.416413E+00 -2.865673E+00
     0.1500   -2.172220E-01  3.203957E-01 -2.396581E+00 -3.070470E+00
     0.2000   -2.170760E-01  3.135012E-01 -2.376748E+00 -3.275268E+00
     0.2500   -2.170179E-01  3.031539E-01 -2.343728E+00 -3.466877E+00
     0.3000   -2.162462E-01  2.928066E-01 -2.310707E+00 -3.658486E+00
     0.3500   -2.151403E-01  2.795349E-01 -2.263321E+00 -3.835730E+00
     0.4000   -2.127487E-01  2.662632E-01 -2.215935E+00 -4.012974E+00
     0.4500   -2.108865E-01  2.530552E-01 -2.156431E+00 -4.178099E+00
     0.5000   -2.074096E-01  2.398472E-01 -2.096926E+00 -4.343225E+00
     0.5500   -2.038639E-01  2.267694E-01 -2.024129E+00 -4.495058E+00
     0.6000   -1.984053E-01  2.136916E-01 -1.951333E+00 -4.646891E+00
     0.6500   -1.928720E-01  2.015857E-01 -1.865892E+00 -4.786080E+00
     0.7000   -1.853307E-01  1.894798E-01 -1.780451E+00 -4.925269E+00
     0.7500   -1.774520E-01  1.785619E-01 -1.682350E+00 -5.051798E+00
     0.8000   -1.676288E-01  1.676440E-01 -1.584250E+00 -5.178327E+00
     0.8500   -1.572241E-01  1.579681E-01 -1.473702E+00 -5.292409E+00
     0.9000   -1.451069E-01  1.482923E-01 -1.363153E+00 -5.406490E+00
     0.9500   -1.322326E-01  1.397734E-01 -1.240819E+00 -5.508786E+00
     1.0000   -1.180555E-01  1.312546E-01 -1.118485E+00 -5.611082E+00
     1.0500   -1.028939E-01  1.236227E-01 -9.832850E-01 -5.700511E+00
     1.1000   -8.699481E-02  1.159907E-01 -8.480850E-01 -5.789941E+00
     1.1500   -7.025861E-02  1.090565E-01 -7.000295E-01 -5.866516E+00
     1.2000   -5.354979E-02  1.021223E-01 -5.519740E-01 -5.943090E+00
     1.2500   -3.626434E-02  9.570511E-02 -3.886263E-01 -6.004372E+00
     1.3000   -1.994494E-02  8.928789E-02 -2.252786E-01 -6.065654E+00
     1.3500   -3.993126E-03  8.313269E-02 -4.805165E-02 -6.113057E+00
     1.4000    9.915964E-03  7.697750E-02  1.291753E-01 -6.160460E+00
     1.4500    2.252293E-02  7.090955E-02  3.232280E-01 -6.191037E+00
     1.5000    3.206537E-02  6.484160E-02  5.172807E-01 -6.221614E+00
     1.5500    3.920910E-02  5.875494E-02  7.306219E-01 -6.232903E+00
     1.6000    4.265546E-02  5.266827E-02  9.439631E-01 -6.244192E+00
     1.6500    4.309187E-02  4.660905E-02  1.179823E+00 -6.232961E+00
     1.7000    4.006299E-02  4.054983E-02  1.415684E+00 -6.221731E+00
     1.7500    3.445076E-02  3.465710E-02  1.679972E+00 -6.182072E+00
     1.8000    2.678161E-02  2.876437E-02  1.944261E+00 -6.142413E+00
     1.8500    1.820803E-02  2.339916E-02  2.249879E+00 -6.061425E+00
     1.9000    9.974796E-03  1.803394E-02  2.555497E+00 -5.980437E+00
     1.9500    2.492136E-03  1.416949E-02  2.964793E+00 -5.795771E+00
     2.0000   -2.374349E-03  1.030504E-02  3.374088E+00 -5.611105E+00
     2.0500   -7.685976E-03  1.048890E-02  3.963979E+00 -5.245844E+00
     2.1000   -1.053896E-02  1.067277E-02  4.553871E+00 -4.880582E+00
     2.1500   -9.862092E-03  1.085664E-02  5.143762E+00 -4.515321E+00
     2.2000   -5.766334E-03  1.104051E-02  5.733653E+00 -4.150060E+00
     2.2500   -3.385282E-03  1.289207E-02  6.017484E+00 -4.090859E+00
     2.3000    2.672800E-04  1.474364E-02  6.301315E+00 -4.031658E+00
     2.3500    4.935291E-03  1.659520E-02  6.585146E+00 -3.972456E+00
     2.4000    1.019846E-02  1.844676E-02  6.868977E+00 -3.913255E+00
     2.4500    1.399808E-02  1.955189E-02  7.081162E+00 -3.925700E+00
     2.5000    1.749480E-02  2.065702E-02  7.293347E+00 -3.938145E+00
     2.5500    2.045432E-02  2.176215E-02  7.505532E+00 -3.950590E+00
     2.6000    2.265531E-02  2.286728E-02  7.717717E+00 -3.963035E+00
     2.6500    2.349246E-02  2.352490E-02  7.906504E+00 -3.998877E+00
     2.7000    2.348184E-02  2.418251E-02  8.095291E+00 -4.034720E+00
     2.7500    2.257782E-02  2.484012E-02  8.284078E+00 -4.070563E+00
     2.8000    2.076858E-02  2.549773E-02  8.472865E+00 -4.106405E+00
     2.8500    1.810164E-02  2.593054E-02  8.652063E+00 -4.151838E+00
     2.9000    1.474450E-02  2.636334E-02  8.831260E+00 -4.197270E+00
     2.9500    1.078725E-02  2.679614E-02  9.010458E+00 -4.242702E+00
     3.0000    6.343308E-03  2.722894E-02  9.189656E+00 -4.288135E+00
     3.0500    1.659882E-03  2.751475E-02  9.364414E+00 -4.338006E+00
     3.1000   -3.173317E-03  2.780057E-02  9.539173E+00 -4.387877E+00
     3.1500   -8.008587E-03  2.808638E-02  9.713932E+00 -4.437748E+00
     3.2000   -1.269516E-02  2.837219E-02  9.888691E+00 -4.487619E+00
     3.2500   -1.695061E-02  2.852219E-02  1.006117E+01 -4.539772E+00
     3.3000   -2.074447E-02  2.867218E-02  1.023364E+01 -4.591925E+00
     3.3500   -2.395828E-02  2.882218E-02  1.040612E+01 -4.644078E+00
     3.4000   -2.648977E-02  2.897217E-02  1.057860E+01 -4.696231E+00
     3.4500   -2.810978E-02  2.897923E-02  1.075000E+01 -4.749461E+00
     3.5000   -2.890658E-02  2.898629E-02  1.092140E+01 -4.802691E+00
     3.5500   -2.885642E-02  2.899334E-02  1.109280E+01 -4.855920E+00
     3.6000   -2.796036E-02  2.900040E-02  1.126420E+01 -4.909150E+00
     3.6500   -2.611873E-02  2.886691E-02  1.143546E+01 -4.962513E+00
     3.7000   -2.353223E-02  2.873342E-02  1.160673E+01 -5.015876E+00
     3.7500   -2.028326E-02  2.859994E-02  1.177800E+01 -5.069239E+00
     3.8000   -1.647287E-02  2.846645E-02  1.194927E+01 -5.122602E+00
     3.8500   -1.215591E-02  2.820989E-02  1.212087E+01 -5.175627E+00
     3.9000   -7.560932E-03  2.795334E-02  1.229247E+01 -5.228652E+00
     3.9500   -2.828196E-03  2.769678E-02  1.246408E+01 -5.281677E+00
     4.0000    1.900459E-03  2.744023E-02  1.263568E+01 -5.334703E+00
     4.0500    6.463135E-03  2.707637E-02  1.280740E+01 -5.387619E+00
     4.1000    1.071496E-02  2.671251E-02  1.297911E+01 -5.440535E+00
     4.1500    1.453772E-02  2.634865E-02  1.315082E+01 -5.493451E+00
     4.2000    1.782917E-02  2.598479E-02  1.332254E+01 -5.546368E+00
     4.2500    2.047746E-02  2.558571E-02  1.349425E+01 -5.599291E+00
     4.3000    2.244174E-02  2.518664E-02  1.366595E+01 -5.652213E+00
     4.3500    2.368407E-02  2.478757E-02  1.383766E+01 -5.705136E+00
     4.4000    2.418960E-02  2.438849E-02  1.400937E+01 -5.758059E+00
     4.4500    2.396666E-02  2.399081E-02  1.418204E+01 -5.810016E+00
     4.5000    2.303705E-02  2.359313E-02  1.435471E+01 -5.861973E+00
     4.5500    2.145176E-02  2.319545E-02  1.452739E+01 -5.913930E+00
     4.6000    1.928044E-02  2.279778E-02  1.470006E+01 -5.965887E+00
     4.6500    1.659030E-02  2.241450E-02  1.487466E+01 -6.015919E+00
     4.7000    1.348525E-02  2.203121E-02  1.504925E+01 -6.065951E+00
     4.7500    1.007545E-02  2.164793E-02  1.522385E+01 -6.115984E+00
     4.8000    6.477142E-03  2.126465E-02  1.539845E+01 -6.166016E+00
     4.8500    2.763178E-03  2.090150E-02  1.557538E+01 -6.213719E+00
     4.9000   -9.103453E-04  2.053835E-02  1.575230E+01 -6.261422E+00
     4.9500   -4.427737E-03  2.017519E-02  1.592923E+01 -6.309125E+00
     5.0000   -7.682171E-03  1.981204E-02  1.610616E+01 -6.356828E+00
     5.0500   -1.062090E-02  1.947476E-02  1.628479E+01 -6.402823E+00
     5.1000   -1.312114E-02  1.913748E-02  1.646343E+01 -6.448817E+00
     5.1500   -1.511654E-02  1.880020E-02  1.664206E+01 -6.494812E+00
     5.2000   -1.655958E-02  1.846292E-02  1.682070E+01 -6.540807E+00
     5.2500   -1.745303E-02  1.814933E-02  1.700086E+01 -6.585269E+00
     5.3000   -1.775064E-02  1.783575E-02  1.718103E+01 -6.629731E+00
     5.3500   -1.746266E-02  1.752217E-02  1.736120E+01 -6.674194E+00
     5.4000   -1.661861E-02  1.720858E-02  1.754137E+01 -6.718656E+00
     5.4500   -1.529140E-02  1.692756E-02  1.772205E+01 -6.762597E+00
     5.5000   -1.350962E-02  1.664654E-02  1.790274E+01 -6.806538E+00
     5.5500   -1.134699E-02  1.636553E-02  1.808343E+01 -6.850480E+00
     5.6000   -8.887691E-03  1.608451E-02  1.826412E+01 -6.894421E+00
     5.6500   -6.229518E-03  1.582942E-02  1.844508E+01 -6.938095E+00
     5.7000   -3.452324E-03  1.557433E-02  1.862603E+01 -6.981770E+00
     5.7500   -6.519251E-04  1.531924E-02  1.880699E+01 -7.025444E+00
     5.8000    2.078030E-03  1.506415E-02  1.898794E+01 -7.069118E+00
     5.8500    4.655560E-03  1.483574E-02  1.916876E+01 -7.112935E+00
     5.9000    7.003300E-03  1.460733E-02  1.934957E+01 -7.156751E+00
     5.9500    9.050607E-03  1.437892E-02  1.953038E+01 -7.200568E+00
     6.0000    1.073899E-02  1.415052E-02  1.971120E+01 -7.244384E+00
     6.0500    1.205119E-02  1.395234E-02  1.989220E+01 -7.288010E+00
     6.1000    1.293368E-02  1.375417E-02  2.007320E+01 -7.331637E+00
     6.1500    1.336932E-02  1.355599E-02  2.025421E+01 -7.375263E+00
     6.2000    1.335634E-02  1.335782E-02  2.043521E+01 -7.418889E+00
     6.2500    1.290804E-02  1.315964E-02  2.061621E+01 -7.462516E+00
     6.3000    1.205187E-02  1.296147E-02  2.079722E+01 -7.506142E+00
     6.3500    1.082819E-02  1.276329E-02  2.097822E+01 -7.549768E+00
     6.4000    9.288496E-03  1.256512E-02  2.115922E+01 -7.593395E+00
     6.4500    7.493369E-03  1.236694E-02  2.134023E+01 -7.637021E+00
     6.5000    5.510172E-03  1.216877E-02  2.152123E+01 -7.680647E+00
     6.5500    3.388860E-03  1.199236E-02  2.170466E+01 -7.721848E+00
     6.6000    1.215576E-03  1.181596E-02  2.188809E+01 -7.763048E+00
     6.6500   -9.344813E-04  1.163955E-02  2.207152E+01 -7.804248E+00
     6.7000   -2.989038E-03  1.146314E-02  2.225495E+01 -7.845448E+00
     6.7500   -4.881178E-03  1.128674E-02  2.243838E+01 -7.886648E+00
     6.8000   -6.551519E-03  1.111033E-02  2.262181E+01 -7.927849E+00
     6.8500   -7.950068E-03  1.093392E-02  2.280524E+01 -7.969049E+00
     6.9000   -9.037693E-03  1.075752E-02  2.298867E+01 -8.010249E+00
     6.9500   -9.787179E-03  1.058111E-02  2.317210E+01 -8.051449E+00
     7.0000   -1.018383E-02  1.040470E-02  2.335553E+01 -8.092649E+00
     7.0500   -1.023945E-02  1.024128E-02  2.354306E+01 -8.129744E+00
     7.1000   -9.934865E-03  1.007785E-02  2.373060E+01 -8.166839E+00
     7.1500   -9.292128E-03  9.914424E-03  2.391813E+01 -8.203934E+00
     7.2000   -8.344798E-03  9.750998E-03  2.410567E+01 -8.241029E+00
     7.2500   -7.136372E-03  9.587572E-03  2.429320E+01 -8.278124E+00
     7.3000   -5.718393E-03  9.424146E-03  2.448074E+01 -8.315219E+00
     7.3500   -4.148328E-03  9.260719E-03  2.466827E+01 -8.352314E+00
     7.4000   -2.487279E-03  9.097293E-03  2.485581E+01 -8.389409E+00
     7.4500   -7.976251E-04  8.933867E-03  2.504334E+01 -8.426504E+00
     7.5000    8.593043E-04  8.770441E-03  2.523088E+01 -8.463599E+00
     7.5500    2.454887E-03  8.632033E-03  2.542111E+01 -8.497991E+00
     7.6000    3.911711E-03  8.493625E-03  2.561135E+01 -8.532383E+00
     7.6500    5.180933E-03  8.355217E-03  2.580159E+01 -8.566774E+00
     7.7000    6.222152E-03  8.216809E-03  2.599183E+01 -8.601166E+00
     7.7500    7.004680E-03  8.078401E-03  2.618207E+01 -8.635558E+00
     7.8000    7.508393E-03  7.939994E-03  2.637230E+01 -8.669949E+00
     7.8500    7.724168E-03  7.801586E-03  2.656254E+01 -8.704341E+00
     7.9000    7.653888E-03  7.663178E-03  2.675278E+01 -8.738733E+00
     7.9500    7.310021E-03  7.524770E-03  2.694302E+01 -8.773124E+00
     8.0000    6.714813E-03  7.386362E-03  2.713326E+01 -8.807516E+00
     8.0500    5.926651E-03  7.284021E-03  2.732393E+01 -8.841474E+00
     8.1000    4.946226E-03  7.181680E-03  2.751460E+01 -8.875433E+00
     8.1500    3.814646E-03  7.079340E-03  2.770527E+01 -8.909391E+00
     8.2000    2.577479E-03  6.976999E-03  2.789594E+01 -8.943349E+00
     8.2500    1.282937E-03  6.874658E-03  2.808662E+01 -8.977308E+00
     8.3000   -1.999627E-05  6.772317E-03  2.827729E+01 -9.011266E+00
     8.3500   -1.283414E-03  6.669976E-03  2.846796E+01 -9.045224E+00
     8.4000   -2.462248E-03  6.567635E-03  2.865863E+01 -9.079183E+00
     8.4500   -3.515874E-03  6.465294E-03  2.884930E+01 -9.113141E+00
     8.5000   -4.409511E-03  6.362953E-03  2.903997E+01 -9.147099E+00
     8.5500   -5.131868E-03  6.278770E-03  2.923111E+01 -9.180595E+00
     8.6000   -5.648888E-03  6.194587E-03  2.942224E+01 -9.214090E+00
     8.6500   -5.947041E-03  6.110404E-03  2.961338E+01 -9.247586E+00
     8.7000   -6.021250E-03  6.026221E-03  2.980451E+01 -9.281082E+00
     8.7500   -5.874858E-03  5.942038E-03  2.999564E+01 -9.314577E+00
     8.8000   -5.519293E-03  5.857855E-03  3.018678E+01 -9.348073E+00
     8.8500   -4.973425E-03  5.773672E-03  3.037791E+01 -9.381568E+00
     8.9000   -4.262664E-03  5.689489E-03  3.056905E+01 -9.415064E+00
     8.9500   -3.417837E-03  5.605306E-03  3.076018E+01 -9.448559E+00
     9.0000   -2.473878E-03  5.521123E-03  3.095132E+01 -9.482055E+00
     9.0500   -1.465538E-03  5.445082E-03  3.114342E+01 -9.514583E+00
     9.1000   -4.312458E-04  5.369041E-03  3.133552E+01 -9.547111E+00
     9.1500    5.899700E-04  5.293001E-03  3.152762E+01 -9.579639E+00
     9.2000    1.560626E-03  5.216960E-03  3.171972E+01 -9.612167E+00
     9.2500    2.446161E-03  5.140919E-03  3.191182E+01 -9.644695E+00
     9.3000    3.216164E-03  5.064878E-03  3.210393E+01 -9.677223E+00
     9.3500    3.845414E-03  4.988837E-03  3.229603E+01 -9.709751E+00
     9.4000    4.314694E-03  4.912796E-03  3.248813E+01 -9.742279E+00
     9.4500    4.611353E-03  4.836755E-03  3.268023E+01 -9.774807E+00
     9.5000    4.729601E-03  4.760714E-03  3.287233E+01 -9.807335E+00
     9.5500    4.676487E-03  4.691342E-03  3.306632E+01 -9.837974E+00
     9.6000    4.450063E-03  4.621971E-03  3.326032E+01 -9.868613E+00
     9.6500    4.063925E-03  4.552599E-03  3.345431E+01 -9.899252E+00
     9.7000    3.537385E-03  4.483227E-03  3.364830E+01 -9.929892E+00
     9.7500    2.894574E-03  4.413855E-03  3.384229E+01 -9.960531E+00
     9.8000    2.163367E-03  4.344484E-03  3.403628E+01 -9.991170E+00
     9.8500    1.374197E-03  4.275112E-03  3.423027E+01 -1.002181E+01
     9.9000    5.588009E-04  4.205740E-03  3.442426E+01 -1.005245E+01
     9.9500   -2.510486E-04  4.136368E-03  3.461825E+01 -1.008309E+01
    10.0000   -1.024783E-03  4.066997E-03  3.481224E+01 -1.011373E+01
    10.0500   -1.751468E-03  4.017521E-03  3.500862E+01 -1.014198E+01
    10.1000   -2.393446E-03  3.968045E-03  3.520500E+01 -1.017022E+01
    10.1500   -2.928018E-03  3.918568E-03  3.540138E+01 -1.019847E+01
    10.2000   -3.337199E-03  3.869092E-03  3.559776E+01 -1.022672E+01
    10.2500   -3.608324E-03  3.819616E-03  3.579414E+01 -1.025497E+01
    10.3000   -3.734406E-03  3.770140E-03  3.599052E+01 -1.028322E+01
    10.3500   -3.714280E-03  3.720664E-03  3.618691E+01 -1.031147E+01
    10.4000   -3.552501E-03  3.671188E-03  3.638329E+01 -1.033972E+01
    10.4500   -3.259028E-03  3.621712E-03  3.657967E+01 -1.036797E+01
    10.5000   -2.848694E-03  3.572236E-03  3.677605E+01 -1.039622E+01
    10.5500   -2.340502E-03  3.522760E-03  3.697243E+01 -1.042447E+01
    10.6000   -1.756767E-03  3.473283E-03  3.716881E+01 -1.045272E+01
    10.6500   -1.122155E-03  3.423807E-03  3.736519E+01 -1.048096E+01
    10.7000   -4.626472E-04  3.374331E-03  3.756157E+01 -1.050921E+01
    10.7500    1.955206E-04  3.324855E-03  3.775795E+01 -1.053746E+01
    10.8000    8.268980E-04  3.275379E-03  3.795433E+01 -1.056571E+01
    10.8500    1.407806E-03  3.225903E-03  3.815071E+01 -1.059396E+01
    10.9000    1.917223E-03  3.176427E-03  3.834709E+01 -1.062221E+01
    10.9500    2.337546E-03  3.126951E-03  3.854347E+01 -1.065046E+01
    11.0000    2.655185E-03  3.077475E-03  3.873986E+01 -1.067871E+01
    11.0500    2.875969E-03  3.042666E-03  3.893736E+01 -1.070583E+01
    11.1000    2.980472E-03  3.007857E-03  3.913486E+01 -1.073296E+01
    11.1500    2.967251E-03  2.973048E-03  3.933237E+01 -1.076008E+01
    11.2000    2.839511E-03  2.938239E-03  3.952987E+01 -1.078721E+01
    11.2500    2.604879E-03  2.903431E-03  3.972738E+01 -1.081433E+01
    11.3000    2.274999E-03  2.868622E-03  3.992488E+01 -1.084146E+01
    11.3500    1.864985E-03  2.833813E-03  4.012239E+01 -1.086859E+01
    11.4000    1.392743E-03  2.799004E-03  4.031989E+01 -1.089571E+01
    11.4500    8.781980E-04  2.764195E-03  4.051740E+01 -1.092284E+01
    11.5000    3.424607E-04  2.729387E-03  4.071490E+01 -1.094996E+01
    11.5500   -1.930394E-04  2.694578E-03  4.091241E+01 -1.097709E+01
    11.6000   -7.074083E-04  2.659769E-03  4.110991E+01 -1.100421E+01
    11.6500   -1.181104E-03  2.624960E-03  4.130742E+01 -1.103134E+01
    11.7000   -1.596676E-03  2.590151E-03  4.150492E+01 -1.105846E+01
    11.7500   -1.939412E-03  2.555342E-03  4.170242E+01 -1.108559E+01
    11.8000   -2.197845E-03  2.520534E-03  4.189993E+01 -1.111271E+01
    11.8500   -2.364135E-03  2.485725E-03  4.209743E+01 -1.113984E+01
    11.9000   -2.434285E-03  2.450916E-03  4.229494E+01 -1.116696E+01
    11.9500   -2.408197E-03  2.416107E-03  4.249244E+01 -1.119409E+01
    12.0000   -2.289579E-03  2.381298E-03  4.268995E+01 -1.122121E+01
    12.0500   -2.090401E-03  2.354219E-03  4.288945E+01 -1.124634E+01
    12.1000   -1.813232E-03  2.327139E-03  4.308896E+01 -1.127146E+01
    12.1500   -1.470858E-03  2.300059E-03  4.328847E+01 -1.129658E+01
    12.2000   -1.078386E-03  2.272979E-03  4.348797E+01 -1.132171E+01
    12.2500   -6.525816E-04  2.245900E-03  4.368748E+01 -1.134683E+01
    12.3000   -2.111594E-04  2.218820E-03  4.388699E+01 -1.137195E+01
    12.3500    2.279547E-04  2.191740E-03  4.408649E+01 -1.139708E+01
    12.4000    6.473502E-04  2.164660E-03  4.428600E+01 -1.142220E+01
    12.4500    1.030822E-03  2.137581E-03  4.448550E+01 -1.144732E+01
    12.5000    1.363998E-03  2.110501E-03  4.468501E+01 -1.147245E+01
    12.5500    1.634871E-03  2.083421E-03  4.488452E+01 -1.149757E+01
    12.6000    1.834234E-03  2.056341E-03  4.508402E+01 -1.152269E+01
    12.6500    1.955979E-03  2.029261E-03  4.528353E+01 -1.154782E+01
    12.7000    1.997270E-03  2.002182E-03  4.548304E+01 -1.157294E+01
    12.7500    1.958577E-03  1.975102E-03  4.568254E+01 -1.159807E+01
    12.8000    1.843570E-03  1.948022E-03  4.588205E+01 -1.162319E+01
    12.8500    1.658894E-03  1.920942E-03  4.608156E+01 -1.164831E+01
    12.9000    1.413821E-03  1.893863E-03  4.628106E+01 -1.167344E+01
    12.9500    1.119801E-03  1.866783E-03  4.648057E+01 -1.169856E+01
    13.0000    7.899465E-04  1.839703E-03  4.668007E+01 -1.172368E+01
    13.0500    4.369921E-04  1.820696E-03  4.688151E+01 -1.174688E+01
    13.1000    7.374966E-05  1.801688E-03  4.708294E+01 -1.177007E+01
    13.1500   -2.848758E-04  1.782681E-03  4.728438E+01 -1.179327E+01
    13.2000   -6.244730E-04  1.763674E-03  4.748581E+01 -1.181646E+01
    13.2500   -9.317041E-04  1.744667E-03  4.768725E+01 -1.183966E+01
    13.3000   -1.194828E-03  1.725659E-03  4.788868E+01 -1.186285E+01
    13.3500   -1.404146E-03  1.706652E-03  4.809012E+01 -1.188605E+01
    13.4000   -1.552358E-03  1.687645E-03  4.829155E+01 -1.190924E+01
    13.4500   -1.634811E-03  1.668637E-03  4.849299E+01 -1.193244E+01
    13.5000   -1.649630E-03  1.649630E-03  4.869442E+01 -1.195563E+01
    13.5500   -1.597738E-03  1.630623E-03  4.889586E+01 -1.197883E+01
    13.6000   -1.482754E-03  1.611615E-03  4.909729E+01 -1.200202E+01
    13.6500   -1.310789E-03  1.592608E-03  4.929873E+01 -1.202522E+01
    13.7000   -1.090137E-03  1.573601E-03  4.950016E+01 -1.204841E+01
    13.7500   -8.308865E-04  1.554593E-03  4.970160E+01 -1.207160E+01
    13.8000   -5.444637E-04  1.535586E-03  4.990303E+01 -1.209480E+01
    13.8500   -2.431349E-04  1.516579E-03  5.010447E+01 -1.211799E+01
    13.9000    6.051862E-05  1.497571E-03  5.030590E+01 -1.214119E+01
    13.9500    3.541252E-04  1.478564E-03  5.050734E+01 -1.216438E+01
    14.0000    6.260269E-04  1.459557E-03  5.070877E+01 -1.218758E+01
    14.0500    8.697438E-04  1.443485E-03  5.091215E+01 -1.220883E+01
    14.1000    1.072429E-03  1.427413E-03  5.111553E+01 -1.223009E+01
    14.1500    1.226625E-03  1.411341E-03  5.131890E+01 -1.225134E+01
    14.2000    1.327049E-03  1.395270E-03  5.152228E+01 -1.227260E+01
    14.2500    1.370767E-03  1.379198E-03  5.172565E+01 -1.229385E+01
    14.3000    1.357267E-03  1.363126E-03  5.192903E+01 -1.231510E+01
    14.3500    1.288422E-03  1.347054E-03  5.213241E+01 -1.233636E+01
    14.4000    1.168364E-03  1.330982E-03  5.233578E+01 -1.235761E+01
    14.4500    1.003257E-03  1.314911E-03  5.253916E+01 -1.237887E+01
    14.5000    8.009924E-04  1.298839E-03  5.274253E+01 -1.240012E+01
    14.5500    5.708223E-04  1.282767E-03  5.294591E+01 -1.242137E+01
    14.6000    3.229374E-04  1.266695E-03  5.314928E+01 -1.244263E+01
    14.6500    6.801891E-05  1.250623E-03  5.335266E+01 -1.246388E+01
    14.7000   -1.832206E-04  1.234551E-03  5.355604E+01 -1.248514E+01
    14.7500   -4.204875E-04  1.218480E-03  5.375941E+01 -1.250639E+01
    14.8000   -6.343288E-04  1.202408E-03  5.396279E+01 -1.252764E+01
    14.8500   -8.165081E-04  1.186336E-03  5.416616E+01 -1.254890E+01
    14.9000   -9.603215E-04  1.170264E-03  5.436954E+01 -1.257015E+01
    14.9500   -1.060841E-03  1.154192E-03  5.457292E+01 -1.259141E+01
    15.0000   -1.115075E-03  1.138121E-03  5.477629E+01 -1.261266E+01
    15.0500   -1.129621E-03  1.129644E-03  5.498421E+01 -1.262937E+01
    15.1000   -1.095533E-03  1.121167E-03  5.519212E+01 -1.264609E+01
    15.1500   -1.015001E-03  1.112690E-03  5.540004E+01 -1.266280E+01
    15.2000   -8.921834E-04  1.104213E-03  5.560795E+01 -1.267952E+01
    15.2500   -7.329991E-04  1.095736E-03  5.581586E+01 -1.269623E+01
    15.3000   -5.448434E-04  1.087259E-03  5.602378E+01 -1.271295E+01
    15.3500   -3.362483E-04  1.078782E-03  5.623169E+01 -1.272967E+01
    15.4000   -1.164951E-04  1.070305E-03  5.643961E+01 -1.274638E+01
    15.4500    1.047971E-04  1.061829E-03  5.664752E+01 -1.276310E+01
    15.5000    3.180928E-04  1.053352E-03  5.685544E+01 -1.277981E+01
    15.5500    5.143511E-04  1.044875E-03  5.706335E+01 -1.279653E+01
    15.6000    6.854085E-04  1.036398E-03  5.727127E+01 -1.281324E+01
    15.6500    8.243183E-04  1.027921E-03  5.747918E+01 -1.282996E+01
    15.7000    9.256314E-04  1.019444E-03  5.768710E+01 -1.284667E+01
    15.7500    9.856084E-04  1.010967E-03  5.789501E+01 -1.286339E+01
    15.8000    1.002353E-03  1.002490E-03  5.810293E+01 -1.288010E+01
    15.8500    9.758660E-04  9.940136E-04  5.831084E+01 -1.289682E+01
    15.9000    9.080109E-04  9.855367E-04  5.851876E+01 -1.291353E+01
    15.9500    8.024054E-04  9.770598E-04  5.872667E+01 -1.293025E+01
    16.0000    6.642347E-04  9.685830E-04  5.893459E+01 -1.294696E+01
    16.0500    5.041699E-04  9.646815E-04  5.914033E+01 -1.296585E+01
    16.1000    3.241975E-04  9.607801E-04  5.934607E+01 -1.298473E+01
    16.1500    1.320506E-04  9.568787E-04  5.955182E+01 -1.300362E+01
    16.2000   -6.408762E-05  9.529773E-04  5.975756E+01 -1.302251E+01
    16.2500   -2.559320E-04  9.490759E-04  5.996330E+01 -1.304139E+01
    16.3000   -4.354458E-04  9.451744E-04  6.016905E+01 -1.306028E+01
    16.3500   -5.951770E-04  9.412730E-04  6.037479E+01 -1.307916E+01
    16.4000   -7.285679E-04  9.373716E-04  6.058054E+01 -1.309805E+01
    16.4500   -8.302237E-04  9.334702E-04  6.078628E+01 -1.311694E+01
    16.5000   -8.961308E-04  9.295688E-04  6.099202E+01 -1.313582E+01
    16.5500   -9.238141E-04  9.256673E-04  6.119777E+01 -1.315471E+01
    16.6000   -9.124288E-04  9.217659E-04  6.140351E+01 -1.317359E+01
    16.6500   -8.627823E-04  9.178645E-04  6.160926E+01 -1.319248E+01
    16.7000   -7.772863E-04  9.139631E-04  6.181500E+01 -1.321137E+01
    16.7500   -6.598418E-04  9.100617E-04  6.202074E+01 -1.323025E+01
    16.8000   -5.156621E-04  9.061602E-04  6.222649E+01 -1.324914E+01
    16.8500   -3.510418E-04  9.022588E-04  6.243223E+01 -1.326802E+01
    16.9000   -1.730826E-04  8.983574E-04  6.263798E+01 -1.328691E+01
    16.9500    1.061324E-05  8.944560E-04  6.284372E+01 -1.330580E+01
    17.0000    1.922675E-04  8.905546E-04  6.304946E+01 -1.332468E+01
    17.0500    3.626374E-04  8.874330E-04  6.325281E+01 -1.334596E+01
    17.1000    5.169128E-04  8.843116E-04  6.345616E+01 -1.336724E+01
    17.1500    6.488639E-04  8.811901E-04  6.365951E+01 -1.338852E+01
    17.2000    7.532229E-04  8.780686E-04  6.386286E+01 -1.340980E+01
    17.2500    8.258946E-04  8.749471E-04  6.406621E+01 -1.343108E+01
    17.3000    8.641159E-04  8.718256E-04  6.426956E+01 -1.345236E+01
    17.3500    8.665607E-04  8.687041E-04  6.447291E+01 -1.347364E+01
    17.4000    8.333841E-04  8.655826E-04  6.467626E+01 -1.349492E+01
    17.4500    7.662053E-04  8.624611E-04  6.487961E+01 -1.351620E+01
    17.5000    6.680309E-04  8.593396E-04  6.508296E+01 -1.353748E+01
    17.5500    5.431209E-04  8.562181E-04  6.528631E+01 -1.355876E+01
    17.6000    3.968041E-04  8.530966E-04  6.548966E+01 -1.358004E+01
    17.6500    2.352516E-04  8.499751E-04  6.569301E+01 -1.360132E+01
    17.7000    6.521612E-05  8.468536E-04  6.589636E+01 -1.362260E+01
    17.7500   -1.062498E-04  8.437321E-04  6.609971E+01 -1.364388E+01
    17.8000   -2.720865E-04  8.406106E-04  6.630306E+01 -1.366516E+01
    17.8500   -4.255179E-04  8.374891E-04  6.650641E+01 -1.368644E+01
    17.9000   -5.603283E-04  8.343677E-04  6.670976E+01 -1.370772E+01
    17.9500   -6.711141E-04  8.312462E-04  6.691311E+01 -1.372900E+01
    18.0000   -7.535001E-04  8.281247E-04  6.711646E+01 -1.375028E+01
    18.0500   -8.037838E-04  8.246627E-04  6.731874E+01 -1.377263E+01
    18.1000   -8.209794E-04  8.212008E-04  6.752102E+01 -1.379498E+01
    18.1500   -8.046644E-04  8.177388E-04  6.772330E+01 -1.381733E+01
    18.2000   -7.557842E-04  8.142769E-04  6.792558E+01 -1.383968E+01
    18.2500   -6.766020E-04  8.108149E-04  6.812787E+01 -1.386202E+01
    18.3000   -5.705955E-04  8.073530E-04  6.833015E+01 -1.388437E+01
    18.3500   -4.423052E-04  8.038910E-04  6.853243E+01 -1.390672E+01
    18.4000   -2.971399E-04  8.004291E-04  6.873471E+01 -1.392907E+01
    18.4500   -1.411493E-04  7.969671E-04  6.893699E+01 -1.395142E+01
    18.5000    1.922805E-05  7.935052E-04  6.913927E+01 -1.397377E+01
    18.5500    1.774307E-04  7.900432E-04  6.934155E+01 -1.399611E+01
    18.6000    3.270425E-04  7.865813E-04  6.954384E+01 -1.401846E+01
    18.6500    4.620529E-04  7.831193E-04  6.974612E+01 -1.404081E+01
    18.7000    5.770983E-04  7.796574E-04  6.994840E+01 -1.406316E+01
    18.7500    6.676753E-04  7.761955E-04  7.015068E+01 -1.408551E+01
    18.8000    7.303161E-04  7.727335E-04  7.035296E+01 -1.410786E+01
    18.8500    7.627212E-04  7.692716E-04  7.055524E+01 -1.413021E+01
    18.9000    7.638426E-04  7.658096E-04  7.075752E+01 -1.415255E+01
    18.9500    7.339153E-04  7.623477E-04  7.095981E+01 -1.417490E+01
    19.0000    6.744364E-04  7.588857E-04  7.116209E+01 -1.419725E+01
    19.0500    5.886657E-04  7.556927E-04  7.136360E+01 -1.422037E+01
    19.1000    4.798727E-04  7.524997E-04  7.156512E+01 -1.424348E+01
    19.1500    3.526433E-04  7.493067E-04  7.176663E+01 -1.426660E+01
    19.2000    2.122700E-04  7.461136E-04  7.196815E+01 -1.428971E+01
    19.2500    6.453128E-05  7.429206E-04  7.216966E+01 -1.431283E+01
    19.3000   -8.454572E-05  7.397276E-04  7.237117E+01 -1.433594E+01
    19.3500   -2.289313E-04  7.365346E-04  7.257269E+01 -1.435906E+01
    19.4000   -3.628369E-04  7.333416E-04  7.277420E+01 -1.438217E+01
    19.4500   -4.809474E-04  7.301486E-04  7.297572E+01 -1.440529E+01
    19.5000   -5.786318E-04  7.269555E-04  7.317723E+01 -1.442840E+01
    19.5500   -6.521248E-04  7.237625E-04  7.337875E+01 -1.445152E+01
    19.6000   -6.986712E-04  7.205695E-04  7.358026E+01 -1.447463E+01
    19.6500   -7.166291E-04  7.173765E-04  7.378178E+01 -1.449775E+01
    19.7000   -7.055260E-04  7.141835E-04  7.398329E+01 -1.452086E+01
    19.7500   -6.660681E-04  7.109905E-04  7.418481E+01 -1.454398E+01
    19.8000   -6.001010E-04  7.077974E-04  7.438632E+01 -1.456709E+01
    19.8500   -5.105250E-04  7.046044E-04  7.458783E+01 -1.459021E+01
    19.9000   -4.011685E-04  7.014114E-04  7.478935E+01 -1.461333E+01
    19.9500   -2.766249E-04  6.982184E-04  7.499086E+01 -1.463644E+01
    20.0000   -1.420596E-04  6.950254E-04  7.519238E+01 -1.465956E+01
