# xx                                                               FEFF 9.9.1
# POT  SCF 100  5.0000   0, core-hole, AFOLP (folp(0)= 1.150)
# Abs   Z=28 Rmt= 1.320 Rnm= 1.527 K  shell
# Pot 1 Z=28 Rmt= 1.302 Rnm= 1.519
# Pot 2 Z=30 Rmt= 1.280 Rnm= 1.497
# Pot 3 Z=19 Rmt= 2.061 Rnm= 2.170
# Pot 4 Z=17 Rmt= 1.374 Rnm= 1.582
# Gam_ch=1.576E+00 H-L exch Vi= 0.000E+00 Vr= 0.000E+00
# Mu=-7.123E+00eV kf=1.540E+00 Vint=-1.059E+01eV Rs_int= 2.355
# PATH  Rmax= 5.000,  Keep_limit= 0.00, Heap_limit 0.00  Pwcrit= 2.50%
 S02  1.000                                        Global sig2  0.00000
 Debye-waller factor    0.0000000000000000        0.0000000000000000     
 -----------------------------------------------------------------------
       k         chi           mag          phase        phase-2kr  @#
     0.0000    2.426846E-02  4.996113E-02  2.634375E+00  2.634375E+00
     0.0500    2.361869E-02  4.937032E-02  2.642763E+00  2.158603E+00
     0.1000    2.297596E-02  4.877952E-02  2.651150E+00  1.682831E+00
     0.1500    2.117851E-02  4.716461E-02  2.675909E+00  1.223431E+00
     0.2000    1.943952E-02  4.554969E-02  2.700668E+00  7.640308E-01
     0.2500    1.688582E-02  4.330288E-02  2.741019E+00  3.202225E-01
     0.3000    1.447156E-02  4.105607E-02  2.781370E+00 -1.235857E-01
     0.3500    1.150937E-02  3.848326E-02  2.837870E+00 -5.512450E-01
     0.4000    8.787726E-03  3.591045E-02  2.894370E+00 -9.789044E-01
     0.4500    5.851066E-03  3.375824E-02  2.967390E+00 -1.390043E+00
     0.5000    3.192501E-03  3.160603E-02  3.040411E+00 -1.801182E+00
     0.5500    1.704749E-04  2.987518E-02  3.135886E+00 -2.189866E+00
     0.6000   -2.523104E-03  2.814432E-02  3.231362E+00 -2.578549E+00
     0.6500   -5.727424E-03  2.687414E-02  3.356360E+00 -2.937710E+00
     0.7000   -8.532933E-03  2.560395E-02  3.481358E+00 -3.296871E+00
     0.7500   -1.184577E-02  2.465545E-02  3.642763E+00 -3.619626E+00
     0.8000   -1.458330E-02  2.370695E-02  3.804167E+00 -3.942381E+00
     0.8500   -1.742431E-02  2.291396E-02  4.005557E+00 -4.225150E+00
     0.9000   -1.935499E-02  2.212098E-02  4.206948E+00 -4.507919E+00
     0.9500   -2.060532E-02  2.134431E-02  4.448480E+00 -4.750546E+00
     1.0000   -2.056249E-02  2.056764E-02  4.690013E+00 -4.993172E+00
     1.0500   -1.905123E-02  1.970605E-02  4.970903E+00 -5.196441E+00
     1.1000   -1.616882E-02  1.884446E-02  5.251794E+00 -5.399710E+00
     1.1500   -1.167622E-02  1.786003E-02  5.570639E+00 -5.565024E+00
     1.2000   -6.473624E-03  1.687560E-02  5.889485E+00 -5.730338E+00
     1.2500   -5.794801E-04  1.576782E-02  6.246426E+00 -5.857556E+00
     1.3000    4.614098E-03  1.466004E-02  6.603368E+00 -5.984773E+00
     1.3500    8.822558E-03  1.344549E-02  6.998921E+00 -6.073380E+00
     1.4000    1.096222E-02  1.223093E-02  7.394474E+00 -6.161986E+00
     1.4500    1.095470E-02  1.095741E-02  7.831741E+00 -6.208878E+00
     1.5000    8.861774E-03  9.683885E-03  8.269009E+00 -6.255769E+00
     1.5500    5.247758E-03  8.422887E-03  8.752160E+00 -6.256777E+00
     1.6000    1.348832E-03  7.161889E-03  9.235312E+00 -6.257785E+00
     1.6500   -2.034032E-03  6.008767E-03  9.770112E+00 -6.207144E+00
     1.7000   -3.742847E-03  4.855645E-03  1.030491E+01 -6.156504E+00
     1.7500   -3.891420E-03  3.908506E-03  1.090203E+01 -6.043540E+00
     1.8000   -2.593742E-03  2.961368E-03  1.149916E+01 -5.930577E+00
     1.8500   -8.543983E-04  2.253780E-03  1.217755E+01 -5.736341E+00
     1.9000    4.415098E-04  1.546193E-03  1.285595E+01 -5.542105E+00
     1.9500    9.668403E-04  1.173858E-03  1.353418E+01 -5.348035E+00
     2.0000    7.992563E-04  8.015239E-04  1.421241E+01 -5.153966E+00
     2.0500    5.040897E-04  7.384989E-04  1.495667E+01 -4.893863E+00
     2.1000    4.751997E-06  6.754739E-04  1.570093E+01 -4.633761E+00
     2.1500   -4.117109E-04  6.124489E-04  1.644519E+01 -4.373659E+00
     2.2000   -5.472343E-04  5.494240E-04  1.718945E+01 -4.113557E+00
     2.2500   -4.670277E-04  5.364772E-04  1.779325E+01 -3.993921E+00
     2.3000   -2.289021E-04  5.235305E-04  1.839704E+01 -3.874284E+00
     2.3500    7.694754E-05  5.105837E-04  1.900084E+01 -3.754648E+00
     2.4000    3.410527E-04  4.976369E-04  1.960463E+01 -3.635012E+00
     2.4500    4.501207E-04  4.718750E-04  2.011552E+01 -3.608281E+00
     2.5000    4.366752E-04  4.461130E-04  2.062641E+01 -3.581550E+00
     2.5500    3.168657E-04  4.203511E-04  2.113730E+01 -3.554818E+00
     2.6000    1.326886E-04  3.945891E-04  2.164819E+01 -3.528087E+00
     2.6500   -2.746334E-05  3.622541E-04  2.206703E+01 -3.593408E+00
     2.7000   -1.566419E-04  3.299190E-04  2.248587E+01 -3.658728E+00
     2.7500   -2.355930E-04  2.975840E-04  2.290471E+01 -3.724048E+00
     2.8000   -2.577473E-04  2.652489E-04  2.332355E+01 -3.789369E+00
     2.8500   -2.332413E-04  2.332500E-04  2.357058E+01 -4.026497E+00
     2.9000   -1.947093E-04  2.012511E-04  2.381761E+01 -4.263625E+00
     2.9500   -1.483132E-04  1.692521E-04  2.406464E+01 -4.500754E+00
     3.0000   -1.004519E-04  1.372532E-04  2.431167E+01 -4.737882E+00
     3.0500   -1.020133E-04  1.564002E-04  2.442218E+01 -5.111534E+00
     3.1000   -9.912903E-05  1.755473E-04  2.453269E+01 -5.485186E+00
     3.1500   -9.155005E-05  1.946944E-04  2.464320E+01 -5.858838E+00
     3.2000   -7.912705E-05  2.138415E-04  2.475370E+01 -6.232490E+00
     3.2500   -1.475168E-05  2.631157E-04  2.507665E+01 -6.393706E+00
     3.3000    8.237490E-05  3.123899E-04  2.539959E+01 -6.554922E+00
     3.3500    2.011531E-04  3.616641E-04  2.572253E+01 -6.716138E+00
     3.4000    3.251258E-04  4.109383E-04  2.604548E+01 -6.877355E+00
     3.4500    4.402464E-04  4.576588E-04  2.642681E+01 -6.980185E+00
     3.5000    5.016227E-04  5.043793E-04  2.680813E+01 -7.083014E+00
     3.5500    4.873060E-04  5.510997E-04  2.718946E+01 -7.185844E+00
     3.6000    3.867429E-04  5.978202E-04  2.757079E+01 -7.288674E+00
     3.6500    1.913146E-04  6.327524E-04  2.796717E+01 -7.376453E+00
     3.7000   -5.949202E-05  6.676846E-04  2.836355E+01 -7.464232E+00
     3.7500   -3.279392E-04  7.026168E-04  2.875993E+01 -7.552010E+00
     3.8000   -5.693877E-04  7.375489E-04  2.915632E+01 -7.639789E+00
     3.8500   -7.279594E-04  7.583436E-04  2.956110E+01 -7.719165E+00
     3.9000   -7.734649E-04  7.791383E-04  2.996588E+01 -7.798541E+00
     3.9500   -6.919867E-04  7.999330E-04  3.037066E+01 -7.877917E+00
     4.0000   -4.904498E-04  8.207277E-04  3.077545E+01 -7.957294E+00
     4.0500   -1.906828E-04  8.271879E-04  3.118332E+01 -8.033586E+00
     4.1000    1.453550E-04  8.336482E-04  3.159118E+01 -8.109878E+00
     4.1500    4.625920E-04  8.401085E-04  3.199905E+01 -8.186170E+00
     4.2000    7.082131E-04  8.465687E-04  3.240692E+01 -8.262462E+00
     4.2500    8.340351E-04  8.464656E-04  3.281513E+01 -8.338404E+00
     4.3000    8.227777E-04  8.463626E-04  3.322335E+01 -8.414346E+00
     4.3500    6.763243E-04  8.462595E-04  3.363157E+01 -8.490288E+00
     4.4000    4.187729E-04  8.461564E-04  3.403979E+01 -8.566230E+00
     4.4500    9.199751E-05  8.441183E-04  3.444832E+01 -8.641859E+00
     4.5000   -2.483099E-04  8.420802E-04  3.485685E+01 -8.717488E+00
     4.5500   -5.462012E-04  8.400422E-04  3.526538E+01 -8.793118E+00
     4.6000   -7.529637E-04  8.380041E-04  3.567391E+01 -8.868747E+00
     4.6500   -8.343628E-04  8.351159E-04  3.608584E+01 -8.940968E+00
     4.7000   -7.760692E-04  8.322277E-04  3.649778E+01 -9.013190E+00
     4.7500   -5.887691E-04  8.293395E-04  3.690972E+01 -9.085411E+00
     4.8000   -3.045927E-04  8.264513E-04  3.732166E+01 -9.157632E+00
     4.8500    2.972684E-05  8.237693E-04  3.773521E+01 -9.228243E+00
     4.9000    3.568803E-04  8.210872E-04  3.814875E+01 -9.298854E+00
     4.9500    6.219228E-04  8.184051E-04  3.856230E+01 -9.369465E+00
     5.0000    7.807088E-04  8.157230E-04  3.897585E+01 -9.440076E+00
     5.0500    8.066189E-04  8.125811E-04  3.939112E+01 -9.508965E+00
     5.1000    6.957218E-04  8.094391E-04  3.980639E+01 -9.577853E+00
     5.1500    4.678576E-04  8.062972E-04  4.022166E+01 -9.646741E+00
     5.2000    1.625290E-04  8.031552E-04  4.063693E+01 -9.715630E+00
     5.2500   -1.696207E-04  7.981199E-04  4.105486E+01 -9.781860E+00
     5.3000   -4.685785E-04  7.930847E-04  4.147279E+01 -9.848090E+00
     5.3500   -6.835788E-04  7.880494E-04  4.189072E+01 -9.914321E+00
     5.4000   -7.788763E-04  7.830141E-04  4.230865E+01 -9.980551E+00
     5.4500   -7.383145E-04  7.765214E-04  4.272650E+01 -1.004686E+01
     5.5000   -5.723427E-04  7.700287E-04  4.314435E+01 -1.011317E+01
     5.5500   -3.114124E-04  7.635360E-04  4.356219E+01 -1.017949E+01
     5.6000   -1.708236E-06  7.570433E-04  4.398004E+01 -1.024580E+01
     5.6500    3.021865E-04  7.483774E-04  4.439795E+01 -1.031205E+01
     5.7000    5.476328E-04  7.397114E-04  4.481586E+01 -1.037829E+01
     5.7500    6.940906E-04  7.310455E-04  4.523377E+01 -1.044454E+01
     5.8000    7.188715E-04  7.223795E-04  4.565169E+01 -1.051079E+01
     5.8500    6.194868E-04  7.120722E-04  4.606873E+01 -1.057790E+01
     5.9000    4.180256E-04  7.017648E-04  4.648578E+01 -1.064501E+01
     5.9500    1.516124E-04  6.914575E-04  4.690283E+01 -1.071212E+01
     6.0000   -1.326435E-04  6.811501E-04  4.731988E+01 -1.077924E+01
     6.0500   -3.845293E-04  6.686878E-04  4.773656E+01 -1.084672E+01
     6.1000   -5.623600E-04  6.562255E-04  4.815323E+01 -1.091420E+01
     6.1500   -6.387586E-04  6.437632E-04  4.856991E+01 -1.098168E+01
     6.2000   -6.045950E-04  6.313009E-04  4.898659E+01 -1.104916E+01
     6.2500   -4.698737E-04  6.188386E-04  4.940327E+01 -1.111664E+01
     6.3000   -2.613105E-04  6.063763E-04  4.981995E+01 -1.118412E+01
     6.3500   -1.713375E-05  5.939140E-04  5.023663E+01 -1.125160E+01
     6.4000    2.198916E-04  5.814516E-04  5.065331E+01 -1.131908E+01
     6.4500    4.099497E-04  5.689893E-04  5.106999E+01 -1.138656E+01
     6.5000    5.228602E-04  5.565270E-04  5.148667E+01 -1.145404E+01
     6.5500    5.423620E-04  5.437063E-04  5.190661E+01 -1.151825E+01
     6.6000    4.683468E-04  5.308857E-04  5.232656E+01 -1.158246E+01
     6.6500    3.178649E-04  5.180650E-04  5.274651E+01 -1.164667E+01
     6.7000    1.203997E-04  5.052443E-04  5.316646E+01 -1.171088E+01
     6.7500   -8.783536E-05  4.924236E-04  5.358641E+01 -1.177509E+01
     6.8000   -2.705198E-04  4.796029E-04  5.400636E+01 -1.183930E+01
     6.8500   -3.975607E-04  4.667822E-04  5.442631E+01 -1.190351E+01
     6.9000   -4.500352E-04  4.539616E-04  5.484625E+01 -1.196773E+01
     6.9500   -4.229306E-04  4.411409E-04  5.526620E+01 -1.203194E+01
     7.0000   -3.253018E-04  4.283202E-04  5.568615E+01 -1.209615E+01
     7.0500   -1.762836E-04  4.173619E-04  5.611260E+01 -1.215385E+01
     7.1000   -3.906336E-06  4.064035E-04  5.653906E+01 -1.221156E+01
     7.1500    1.601053E-04  3.954452E-04  5.696551E+01 -1.226927E+01
     7.2000    2.871491E-04  3.844869E-04  5.739196E+01 -1.232697E+01
     7.2500    3.567293E-04  3.735286E-04  5.781841E+01 -1.238468E+01
     7.3000    3.597231E-04  3.625702E-04  5.824487E+01 -1.244239E+01
     7.3500    2.994163E-04  3.516119E-04  5.867132E+01 -1.250009E+01
     7.4000    1.902302E-04  3.406536E-04  5.909777E+01 -1.255780E+01
     7.4500    5.449003E-05  3.296952E-04  5.952422E+01 -1.261551E+01
     7.5000   -8.206949E-05  3.187369E-04  5.995068E+01 -1.267321E+01
     7.5500   -1.977636E-04  3.103549E-04  6.038114E+01 -1.272691E+01
     7.6000   -2.719830E-04  3.019729E-04  6.081161E+01 -1.278060E+01
     7.6500   -2.935380E-04  2.935909E-04  6.124207E+01 -1.283429E+01
     7.7000   -2.614022E-04  2.852089E-04  6.167254E+01 -1.288799E+01
     7.7500   -1.843698E-04  2.768269E-04  6.210300E+01 -1.294168E+01
     7.8000   -7.891618E-05  2.684449E-04  6.253347E+01 -1.299538E+01
     7.8500    3.424986E-05  2.600629E-04  6.296394E+01 -1.304907E+01
     7.9000    1.342322E-04  2.516809E-04  6.339440E+01 -1.310276E+01
     7.9500    2.038055E-04  2.432989E-04  6.382487E+01 -1.315646E+01
     8.0000    2.323723E-04  2.349169E-04  6.425533E+01 -1.321015E+01
     8.0500    2.199217E-04  2.289993E-04  6.468516E+01 -1.326449E+01
     8.1000    1.688372E-04  2.230818E-04  6.511498E+01 -1.331882E+01
     8.1500    9.026094E-05  2.171642E-04  6.554481E+01 -1.337316E+01
     8.2000   -2.501791E-07  2.112466E-04  6.597463E+01 -1.342749E+01
     8.2500   -8.578395E-05  2.053290E-04  6.640445E+01 -1.348182E+01
     8.3000   -1.512309E-04  1.994115E-04  6.683428E+01 -1.353616E+01
     8.3500   -1.859510E-04  1.934939E-04  6.726410E+01 -1.359049E+01
     8.4000   -1.854788E-04  1.875763E-04  6.769393E+01 -1.364483E+01
     8.4500   -1.519994E-04  1.816588E-04  6.812375E+01 -1.369916E+01
     8.5000   -9.356864E-05  1.757412E-04  6.855358E+01 -1.375350E+01
     8.5500   -2.265904E-05  1.710028E-04  6.898214E+01 -1.380909E+01
     8.6000    4.844542E-05  1.662643E-04  6.941070E+01 -1.386469E+01
     8.6500    1.070201E-04  1.615259E-04  6.983927E+01 -1.392029E+01
     8.7000    1.432881E-04  1.567875E-04  7.026783E+01 -1.397588E+01
     8.7500    1.520406E-04  1.520490E-04  7.069639E+01 -1.403148E+01
     8.8000    1.333348E-04  1.473106E-04  7.112495E+01 -1.408708E+01
     8.8500    9.218675E-05  1.425722E-04  7.155352E+01 -1.414267E+01
     8.9000    3.736895E-05  1.378338E-04  7.198208E+01 -1.419827E+01
     8.9500   -2.041710E-05  1.330953E-04  7.241064E+01 -1.425387E+01
     9.0000   -7.061865E-05  1.283569E-04  7.283920E+01 -1.430946E+01
     9.0500   -1.057583E-04  1.246853E-04  7.326921E+01 -1.436362E+01
     9.1000   -1.200206E-04  1.210138E-04  7.369922E+01 -1.441777E+01
     9.1500   -1.120388E-04  1.173422E-04  7.412923E+01 -1.447192E+01
     9.2000   -8.456748E-05  1.136707E-04  7.455923E+01 -1.452607E+01
     9.2500   -4.374413E-05  1.099991E-04  7.498924E+01 -1.458023E+01
     9.3000    2.235197E-06  1.063275E-04  7.541925E+01 -1.463438E+01
     9.3500    4.474705E-05  1.026560E-04  7.584925E+01 -1.468853E+01
     9.4000    7.635654E-05  9.898441E-05  7.627926E+01 -1.474268E+01
     9.4500    9.211547E-05  9.531285E-05  7.670927E+01 -1.479683E+01
     9.5000    9.031629E-05  9.164129E-05  7.713928E+01 -1.485099E+01
     9.5500    7.325786E-05  8.893416E-05  7.757186E+01 -1.490257E+01
     9.6000    4.399039E-05  8.622704E-05  7.800443E+01 -1.495415E+01
     9.6500    8.570910E-06  8.351992E-05  7.843701E+01 -1.500572E+01
     9.7000   -2.616980E-05  8.081280E-05  7.886959E+01 -1.505730E+01
     9.7500   -5.394195E-05  7.810568E-05  7.930217E+01 -1.510888E+01
     9.8000   -7.013515E-05  7.539856E-05  7.973475E+01 -1.516046E+01
     9.8500   -7.257454E-05  7.269144E-05  8.016733E+01 -1.521204E+01
     9.9000   -6.177254E-05  6.998431E-05  8.059991E+01 -1.526362E+01
     9.9500   -4.065727E-05  6.727719E-05  8.103249E+01 -1.531520E+01
    10.0000   -1.386029E-05  6.457008E-05  8.146507E+01 -1.536678E+01
    10.0500    1.367422E-05  6.305271E-05  8.190002E+01 -1.541600E+01
    10.1000    3.741411E-05  6.153533E-05  8.233496E+01 -1.546521E+01
    10.1500    5.317176E-05  6.001796E-05  8.276991E+01 -1.551443E+01
    10.2000    5.843500E-05  5.850058E-05  8.320485E+01 -1.556364E+01
    10.2500    5.275631E-05  5.698321E-05  8.363980E+01 -1.561285E+01
    10.3000    3.773697E-05  5.546583E-05  8.407474E+01 -1.566207E+01
    10.3500    1.662763E-05  5.394846E-05  8.450969E+01 -1.571128E+01
    10.4000   -6.361533E-06  5.243108E-05  8.494463E+01 -1.576050E+01
    10.4500   -2.689681E-05  5.091370E-05  8.537958E+01 -1.580971E+01
    10.5000   -4.133781E-05  4.939633E-05  8.581452E+01 -1.585892E+01
    10.5500   -4.738114E-05  4.787895E-05  8.624947E+01 -1.590814E+01
    10.6000   -4.441753E-05  4.636158E-05  8.668441E+01 -1.595735E+01
    10.6500   -3.354917E-05  4.484420E-05  8.711936E+01 -1.600657E+01
    10.7000   -1.728200E-05  4.332683E-05  8.755430E+01 -1.605578E+01
    10.7500    1.030722E-06  4.180945E-05  8.798925E+01 -1.610499E+01
    10.8000    1.787317E-05  4.029208E-05  8.842419E+01 -1.615421E+01
    10.8500    3.024136E-05  3.877470E-05  8.885914E+01 -1.620342E+01
    10.9000    3.617787E-05  3.725733E-05  8.929409E+01 -1.625264E+01
    10.9500    3.507198E-05  3.573995E-05  8.972903E+01 -1.630185E+01
    11.0000    2.768128E-05  3.422259E-05  9.016398E+01 -1.635106E+01
    11.0500    1.622903E-05  3.342268E-05  9.059917E+01 -1.640003E+01
    11.1000    2.340878E-06  3.262277E-05  9.103437E+01 -1.644899E+01
    11.1500   -1.131095E-05  3.182286E-05  9.146957E+01 -1.649795E+01
    11.2000   -2.222370E-05  3.102296E-05  9.190476E+01 -1.654691E+01
    11.2500   -2.852279E-05  3.022305E-05  9.233996E+01 -1.659588E+01
    11.3000   -2.928147E-05  2.942314E-05  9.277516E+01 -1.664484E+01
    11.3500   -2.464744E-05  2.862324E-05  9.321035E+01 -1.669380E+01
    11.4000   -1.576142E-05  2.782333E-05  9.364555E+01 -1.674276E+01
    11.4500   -4.492870E-06  2.702342E-05  9.408075E+01 -1.679173E+01
    11.5000    6.948188E-06  2.622352E-05  9.451594E+01 -1.684069E+01
    11.5500    1.644357E-05  2.542361E-05  9.495114E+01 -1.688965E+01
    11.6000    2.235905E-05  2.462370E-05  9.538634E+01 -1.693862E+01
    11.6500    2.382369E-05  2.382380E-05  9.582153E+01 -1.698758E+01
    11.7000    2.084898E-05  2.302389E-05  9.625673E+01 -1.703654E+01
    11.7500    1.427364E-05  2.222398E-05  9.669193E+01 -1.708550E+01
    11.8000    5.554289E-06  2.142407E-05  9.712712E+01 -1.713447E+01
    11.8500   -3.549119E-06  2.062417E-05  9.756232E+01 -1.718343E+01
    11.9000   -1.132648E-05  1.982426E-05  9.799752E+01 -1.723239E+01
    11.9500   -1.643875E-05  1.902435E-05  9.843271E+01 -1.728135E+01
    12.0000   -1.814694E-05  1.822445E-05  9.886791E+01 -1.733032E+01
    12.0500   -1.674929E-05  1.781004E-05  9.930704E+01 -1.737534E+01
    12.1000   -1.229314E-05  1.739563E-05  9.974617E+01 -1.742037E+01
    12.1500   -5.753589E-06  1.698123E-05  1.001853E+02 -1.746540E+01
    12.2000    1.546215E-06  1.656682E-05  1.006244E+02 -1.751043E+01
    12.2500    8.201780E-06  1.615241E-05  1.010636E+02 -1.755546E+01
    12.3000    1.299743E-05  1.573801E-05  1.015027E+02 -1.760049E+01
    12.3500    1.512804E-05  1.532360E-05  1.019418E+02 -1.764551E+01
    12.4000    1.433187E-05  1.490919E-05  1.023810E+02 -1.769054E+01
    12.4500    1.091323E-05  1.449479E-05  1.028201E+02 -1.773557E+01
    12.5000    5.655641E-06  1.408038E-05  1.032592E+02 -1.778060E+01
    12.5500   -3.524542E-07  1.366598E-05  1.036984E+02 -1.782563E+01
    12.6000   -5.941414E-06  1.325157E-05  1.041375E+02 -1.787065E+01
    12.6500   -1.008798E-05  1.283716E-05  1.045766E+02 -1.791568E+01
    12.7000   -1.210236E-05  1.242276E-05  1.050157E+02 -1.796071E+01
    12.7500   -1.174072E-05  1.200835E-05  1.054549E+02 -1.800574E+01
    12.8000   -9.225169E-06  1.159395E-05  1.058940E+02 -1.805077E+01
    12.8500   -5.172514E-06  1.117954E-05  1.063331E+02 -1.809579E+01
    12.9000   -4.507240E-07  1.076513E-05  1.067723E+02 -1.814082E+01
    12.9500    4.004531E-06  1.035073E-05  1.072114E+02 -1.818585E+01
    13.0000    7.374964E-06  9.936321E-06  1.076505E+02 -1.823088E+01
    13.0500    9.315249E-06  9.738626E-06  1.080890E+02 -1.827657E+01
    13.1000    9.444201E-06  9.540932E-06  1.085275E+02 -1.832226E+01
    13.1500    7.810223E-06  9.343239E-06  1.089659E+02 -1.836796E+01
    13.2000    4.790738E-06  9.145545E-06  1.094044E+02 -1.841365E+01
    13.2500    1.007871E-06  8.947851E-06  1.098429E+02 -1.845934E+01
    13.3000   -2.798885E-06  8.750157E-06  1.102813E+02 -1.850503E+01
    13.3500   -5.917068E-06  8.552463E-06  1.107198E+02 -1.855073E+01
    13.4000   -7.794583E-06  8.354769E-06  1.111583E+02 -1.859642E+01
    13.4500   -8.136989E-06  8.157075E-06  1.115967E+02 -1.864211E+01
    13.5000   -6.951709E-06  7.959382E-06  1.120352E+02 -1.868780E+01
    13.5500   -4.532968E-06  7.761688E-06  1.124737E+02 -1.873350E+01
    13.6000   -1.392883E-06  7.563994E-06  1.129121E+02 -1.877919E+01
    13.6500    1.845733E-06  7.366300E-06  1.133506E+02 -1.882488E+01
    13.7000    4.572642E-06  7.168606E-06  1.137891E+02 -1.887057E+01
    13.7500    6.305163E-06  6.970912E-06  1.142275E+02 -1.891627E+01
    13.8000    6.773203E-06  6.773218E-06  1.146660E+02 -1.896196E+01
    13.8500    5.959445E-06  6.575524E-06  1.151045E+02 -1.900765E+01
    13.9000    4.089145E-06  6.377831E-06  1.155429E+02 -1.905334E+01
    13.9500    1.574030E-06  6.180137E-06  1.159814E+02 -1.909904E+01
    14.0000   -1.076553E-06  5.982443E-06  1.164199E+02 -1.914473E+01
    14.0500   -3.562476E-06  5.794324E-06  1.169011E+02 -1.914767E+01
    14.1000   -5.101875E-06  5.606205E-06  1.173823E+02 -1.915060E+01
    14.1500   -5.410245E-06  5.418087E-06  1.178635E+02 -1.915354E+01
    14.2000   -4.499098E-06  5.229968E-06  1.183448E+02 -1.915648E+01
    14.2500   -2.654815E-06  5.041849E-06  1.188260E+02 -1.915942E+01
    14.3000   -3.555668E-07  4.853731E-06  1.193072E+02 -1.916235E+01
    14.3500    1.850767E-06  4.665612E-06  1.197884E+02 -1.916529E+01
    14.4000    3.476858E-06  4.477493E-06  1.202696E+02 -1.916823E+01
    14.4500    4.203487E-06  4.289375E-06  1.207509E+02 -1.917116E+01
    14.5000    3.940660E-06  4.101256E-06  1.212321E+02 -1.917410E+01
    14.5500    2.831006E-06  3.913137E-06  1.217133E+02 -1.917704E+01
    14.6000    1.198541E-06  3.725019E-06  1.221945E+02 -1.917998E+01
    14.6500   -5.412749E-07  3.536900E-06  1.226758E+02 -1.918291E+01
    14.7000   -1.986051E-06  3.348781E-06  1.231570E+02 -1.918585E+01
    14.7500   -2.839500E-06  3.160663E-06  1.236382E+02 -1.918879E+01
    14.8000   -2.971499E-06  2.972544E-06  1.241194E+02 -1.919172E+01
    14.8500   -2.433168E-06  2.784425E-06  1.246006E+02 -1.919466E+01
    14.9000   -1.426835E-06  2.596306E-06  1.250819E+02 -1.919760E+01
    14.9500   -2.419020E-07  2.408188E-06  1.255631E+02 -1.920054E+01
    15.0000    8.247117E-07  2.220071E-06  1.260443E+02 -1.920347E+01
    15.0500    1.976595E-06  2.759902E-06  1.264620E+02 -1.926992E+01
    15.1000    3.094254E-06  3.299734E-06  1.268797E+02 -1.933636E+01
    15.1500    3.831960E-06  3.839565E-06  1.272975E+02 -1.940281E+01
    15.2000    3.883155E-06  4.379396E-06  1.277152E+02 -1.946925E+01
    15.2500    3.064076E-06  4.919228E-06  1.281329E+02 -1.953569E+01
    15.3000    1.375440E-06  5.459059E-06  1.285506E+02 -1.960214E+01
    15.3500   -9.735809E-07  5.998891E-06  1.289683E+02 -1.966858E+01
    15.4000   -3.587365E-06  6.538722E-06  1.293860E+02 -1.973503E+01
    15.4500   -5.950441E-06  7.078553E-06  1.298037E+02 -1.980147E+01
    15.5000   -7.527478E-06  7.618385E-06  1.302215E+02 -1.986792E+01
    15.5500   -7.877525E-06  8.158216E-06  1.306392E+02 -1.993436E+01
    15.6000   -6.759025E-06  8.698047E-06  1.310569E+02 -2.000080E+01
    15.6500   -4.202545E-06  9.237879E-06  1.314746E+02 -2.006725E+01
    15.7000   -5.333382E-07  9.777710E-06  1.318923E+02 -2.013369E+01
    15.7500    3.664921E-06  1.031754E-05  1.323100E+02 -2.020014E+01
    15.8000    7.642375E-06  1.085737E-05  1.327277E+02 -2.026658E+01
    15.8500    1.061673E-05  1.139720E-05  1.331455E+02 -2.033303E+01
    15.9000    1.192469E-05  1.193704E-05  1.335632E+02 -2.039947E+01
    15.9500    1.116212E-05  1.247687E-05  1.339809E+02 -2.046591E+01
    16.0000    8.284373E-06  1.301670E-05  1.343986E+02 -2.053236E+01
    16.0500    4.247511E-06  1.344839E-05  1.347671E+02 -2.064798E+01
    16.1000   -6.548592E-07  1.388008E-05  1.351357E+02 -2.076360E+01
    16.1500   -5.779977E-06  1.431177E-05  1.355042E+02 -2.087923E+01
    16.2000   -1.041345E-05  1.474346E-05  1.358728E+02 -2.099485E+01
    16.2500   -1.386868E-05  1.517515E-05  1.362413E+02 -2.111047E+01
    16.3000   -1.558776E-05  1.560684E-05  1.366098E+02 -2.122609E+01
    16.3500   -1.522895E-05  1.603853E-05  1.369784E+02 -2.134172E+01
    16.4000   -1.272748E-05  1.647023E-05  1.373469E+02 -2.145734E+01
    16.4500   -8.319440E-06  1.690192E-05  1.377154E+02 -2.157296E+01
    16.5000   -2.523438E-06  1.733361E-05  1.380840E+02 -2.168858E+01
    16.5500    3.919154E-06  1.776530E-05  1.384525E+02 -2.180420E+01
    16.6000    1.013882E-05  1.819699E-05  1.388211E+02 -2.191983E+01
    16.6500    1.525523E-05  1.862868E-05  1.391896E+02 -2.203545E+01
    16.7000    1.850154E-05  1.906037E-05  1.395581E+02 -2.215107E+01
    16.7500    1.933806E-05  1.949206E-05  1.399267E+02 -2.226669E+01
    16.8000    1.753866E-05  1.992375E-05  1.402952E+02 -2.238232E+01
    16.8500    1.323644E-05  2.035544E-05  1.406637E+02 -2.249794E+01
    16.9000    6.920424E-06  2.078713E-05  1.410323E+02 -2.261356E+01
    16.9500   -6.182265E-07  2.121883E-05  1.414008E+02 -2.272918E+01
    17.0000   -8.384758E-06  2.165052E-05  1.417693E+02 -2.284481E+01
    17.0500   -1.525090E-05  2.166867E-05  1.421524E+02 -2.294588E+01
    17.1000   -1.991575E-05  2.168681E-05  1.425355E+02 -2.304695E+01
    17.1500   -2.169878E-05  2.170496E-05  1.429186E+02 -2.314802E+01
    17.2000   -2.033646E-05  2.172311E-05  1.433017E+02 -2.324909E+01
    17.2500   -1.602119E-05  2.174125E-05  1.436848E+02 -2.335016E+01
    17.3000   -9.374159E-06  2.175940E-05  1.440679E+02 -2.345123E+01
    17.3500   -1.355907E-06  2.177755E-05  1.444510E+02 -2.355231E+01
    17.4000    6.872450E-06  2.179569E-05  1.448340E+02 -2.365338E+01
    17.4500    1.411738E-05  2.181384E-05  1.452171E+02 -2.375445E+01
    17.5000    1.932605E-05  2.183199E-05  1.456002E+02 -2.385552E+01
    17.5500    2.173934E-05  2.185013E-05  1.459833E+02 -2.395659E+01
    17.6000    2.100243E-05  2.186828E-05  1.463664E+02 -2.405766E+01
    17.6500    1.721702E-05  2.188643E-05  1.467495E+02 -2.415874E+01
    17.7000    1.092727E-05  2.190457E-05  1.471326E+02 -2.425981E+01
    17.7500    3.041644E-06  2.192272E-05  1.475157E+02 -2.436088E+01
    17.8000   -5.298367E-06  2.194087E-05  1.478987E+02 -2.446195E+01
    17.8500   -1.288344E-05  2.195901E-05  1.482818E+02 -2.456302E+01
    17.9000   -1.861178E-05  2.197716E-05  1.486649E+02 -2.466409E+01
    17.9500   -2.164918E-05  2.199531E-05  1.490480E+02 -2.476517E+01
    18.0000   -2.155050E-05  2.201345E-05  1.494311E+02 -2.486624E+01
    18.0500   -1.811041E-05  2.203169E-05  1.498315E+02 -2.494999E+01
    18.1000   -1.179730E-05  2.204992E-05  1.502319E+02 -2.503375E+01
    18.1500   -3.605941E-06  2.206816E-05  1.506323E+02 -2.511750E+01
    18.2000    5.169879E-06  2.208639E-05  1.510327E+02 -2.520126E+01
    18.2500    1.314168E-05  2.210462E-05  1.514331E+02 -2.528502E+01
    18.3000    1.904600E-05  2.212286E-05  1.518335E+02 -2.536877E+01
    18.3500    2.194462E-05  2.214109E-05  1.522339E+02 -2.545253E+01
    18.4000    2.137365E-05  2.215933E-05  1.526343E+02 -2.553628E+01
    18.4500    1.741778E-05  2.217756E-05  1.530347E+02 -2.562004E+01
    18.5000    1.069775E-05  2.219579E-05  1.534351E+02 -2.570379E+01
    18.5500    2.272962E-06  2.221403E-05  1.538355E+02 -2.578755E+01
    18.6000   -6.525532E-06  2.223226E-05  1.542359E+02 -2.587131E+01
    18.6500   -1.430533E-05  2.225050E-05  1.546363E+02 -2.595506E+01
    18.7000   -1.983301E-05  2.226873E-05  1.550368E+02 -2.603882E+01
    18.7500   -2.222973E-05  2.228696E-05  1.554372E+02 -2.612257E+01
    18.8000   -2.111089E-05  2.230520E-05  1.558376E+02 -2.620633E+01
    18.8500   -1.664788E-05  2.232343E-05  1.562380E+02 -2.629008E+01
    18.9000   -9.541824E-06  2.234167E-05  1.566384E+02 -2.637384E+01
    18.9500   -9.134748E-07  2.235990E-05  1.570388E+02 -2.645760E+01
    19.0000    7.873582E-06  2.237813E-05  1.574392E+02 -2.654135E+01
    19.0500    1.567273E-05  2.255775E-05  1.578477E+02 -2.661693E+01
    19.1000    2.099438E-05  2.273737E-05  1.582563E+02 -2.669251E+01
    19.1500    2.291459E-05  2.291699E-05  1.586649E+02 -2.676809E+01
    19.2000    2.106038E-05  2.309661E-05  1.590735E+02 -2.684367E+01
    19.2500    1.568046E-05  2.327623E-05  1.594821E+02 -2.691926E+01
    19.3000    7.613647E-06  2.345585E-05  1.598906E+02 -2.699484E+01
    19.3500   -1.841581E-06  2.363546E-05  1.602992E+02 -2.707042E+01
    19.4000   -1.113593E-05  2.381508E-05  1.607078E+02 -2.714600E+01
    19.4500   -1.872316E-05  2.399470E-05  1.611164E+02 -2.722158E+01
    19.5000   -2.331732E-05  2.417432E-05  1.615250E+02 -2.729716E+01
    19.5500   -2.411049E-05  2.435394E-05  1.619335E+02 -2.737274E+01
    19.6000   -2.091430E-05  2.453356E-05  1.623421E+02 -2.744832E+01
    19.6500   -1.420043E-05  2.471318E-05  1.627507E+02 -2.752390E+01
    19.7000   -5.031982E-06  2.489280E-05  1.631593E+02 -2.759948E+01
    19.7500    5.104648E-06  2.507242E-05  1.635678E+02 -2.767506E+01
    19.8000    1.454065E-05  2.525203E-05  1.639764E+02 -2.775064E+01
    19.8500    2.169957E-05  2.543165E-05  1.643850E+02 -2.782623E+01
    19.9000    2.536058E-05  2.561127E-05  1.647936E+02 -2.790181E+01
    19.9500    2.486648E-05  2.579089E-05  1.652022E+02 -2.797739E+01
    20.0000    2.024082E-05  2.597051E-05  1.656107E+02 -2.805297E+01
