# xx                                                               FEFF 9.9.1
# POT  SCF 100  5.0000   0, core-hole, AFOLP (folp(0)= 1.150)
# Abs   Z=28 Rmt= 1.320 Rnm= 1.527 K  shell
# Pot 1 Z=28 Rmt= 1.302 Rnm= 1.519
# Pot 2 Z=30 Rmt= 1.280 Rnm= 1.497
# Pot 3 Z=19 Rmt= 2.061 Rnm= 2.170
# Pot 4 Z=17 Rmt= 1.374 Rnm= 1.582
# Gam_ch=1.576E+00 H-L exch Vi= 0.000E+00 Vr= 0.000E+00
# Mu=-7.123E+00eV kf=1.540E+00 Vint=-1.059E+01eV Rs_int= 2.355
# PATH  Rmax= 5.000,  Keep_limit= 0.00, Heap_limit 0.00  Pwcrit= 2.50%
 S02  1.000                                        Global sig2  0.00000
 Debye-waller factor    0.0000000000000000        0.0000000000000000     
 -----------------------------------------------------------------------
       k         chi           mag          phase        phase-2kr  @#
     0.0000   -2.247049E-02  3.464917E-02 -2.435961E+00 -2.435961E+00
     0.0500   -2.280622E-02  3.447099E-02 -2.418634E+00 -2.893878E+00
     0.1000   -2.313048E-02  3.429281E-02 -2.401306E+00 -3.351795E+00
     0.1500   -2.404204E-02  3.377727E-02 -2.349561E+00 -3.775295E+00
     0.2000   -2.485178E-02  3.326173E-02 -2.297817E+00 -4.198794E+00
     0.2500   -2.602786E-02  3.246106E-02 -2.211261E+00 -4.587484E+00
     0.3000   -2.692634E-02  3.166038E-02 -2.124706E+00 -4.976173E+00
     0.3500   -2.779583E-02  3.065315E-02 -2.005996E+00 -5.332708E+00
     0.4000   -2.817350E-02  2.964591E-02 -1.887287E+00 -5.689242E+00
     0.4500   -2.811133E-02  2.850255E-02 -1.736672E+00 -6.013872E+00
     0.5000   -2.735601E-02  2.735919E-02 -1.586057E+00 -6.338502E+00
     0.5500   -2.579128E-02  2.615365E-02 -1.404138E+00 -6.631826E+00
     0.6000   -2.344770E-02  2.494810E-02 -1.222218E+00 -6.925151E+00
     0.6500   -2.009653E-02  2.374493E-02 -1.009095E+00 -7.187273E+00
     0.7000   -1.610709E-02  2.254175E-02 -7.959730E-01 -7.449395E+00
     0.7500   -1.120011E-02  2.139572E-02 -5.509237E-01 -7.679591E+00
     0.8000   -6.097729E-03  2.024968E-02 -3.058745E-01 -7.909786E+00
     0.8500   -5.198679E-04  1.922180E-02 -2.704904E-02 -8.106205E+00
     0.9000    4.532556E-03  1.819392E-02  2.517764E-01 -8.302624E+00
     0.9500    9.321531E-03  1.735253E-02  5.670968E-01 -8.462548E+00
     1.0000    1.275117E-02  1.651115E-02  8.824172E-01 -8.622472E+00
     1.0500    1.505735E-02  1.593663E-02  1.237065E+00 -8.743069E+00
     1.1000    1.535876E-02  1.536212E-02  1.591712E+00 -8.863666E+00
     1.1500    1.386009E-02  1.517464E-02  1.990101E+00 -8.940522E+00
     1.2000    1.024981E-02  1.498716E-02  2.388489E+00 -9.017378E+00
     1.2500    4.013578E-03  1.447903E-02  2.860715E+00 -9.020397E+00
     1.3000   -2.657014E-03  1.397090E-02  3.332940E+00 -9.023416E+00
     1.3500   -7.659125E-03  1.336637E-02  3.751772E+00 -9.079828E+00
     1.4000   -1.093420E-02  1.276183E-02  4.170605E+00 -9.136240E+00
     1.4500   -1.228675E-02  1.241016E-02  4.571241E+00 -9.210848E+00
     1.5000   -1.165480E-02  1.205850E-02  4.971878E+00 -9.285456E+00
     1.5500   -9.256789E-03  1.179915E-02  5.381248E+00 -9.351330E+00
     1.6000   -5.457058E-03  1.153981E-02  5.790618E+00 -9.417205E+00
     1.6500   -7.669989E-04  1.131876E-02  6.215370E+00 -9.467697E+00
     1.7000    3.877600E-03  1.109770E-02  6.640122E+00 -9.518189E+00
     1.7500    7.655997E-03  1.073904E-02  7.076828E+00 -9.556728E+00
     1.8000    9.784602E-03  1.038038E-02  7.513534E+00 -9.595266E+00
     1.8500    9.719672E-03  9.803304E-03  7.984696E+00 -9.599349E+00
     1.9000    7.604943E-03  9.226227E-03  8.455858E+00 -9.603431E+00
     1.9500    4.002179E-03  7.862744E-03  8.890749E+00 -9.643785E+00
     2.0000    6.432706E-04  6.499263E-03  9.325640E+00 -9.684138E+00
     2.0500   -1.360765E-03  5.893184E-03  9.657786E+00 -9.827237E+00
     2.1000   -2.831485E-03  5.287106E-03  9.989931E+00 -9.970336E+00
     2.1500   -3.658903E-03  4.681028E-03  1.032208E+01 -1.011343E+01
     2.2000   -3.839838E-03  4.074950E-03  1.065422E+01 -1.025653E+01
     2.2500   -3.683224E-03  3.683688E-03  1.097970E+01 -1.040630E+01
     2.3000   -3.135895E-03  3.292427E-03  1.130517E+01 -1.055608E+01
     2.3500   -2.335529E-03  2.901166E-03  1.163064E+01 -1.070585E+01
     2.4000   -1.438366E-03  2.509905E-03  1.195612E+01 -1.085562E+01
     2.4500   -5.490156E-04  2.183925E-03  1.231226E+01 -1.097472E+01
     2.5000    1.892255E-04  1.857945E-03  1.266839E+01 -1.109383E+01
     2.5500    6.775896E-04  1.531965E-03  1.302453E+01 -1.121293E+01
     2.6000    8.770487E-04  1.205985E-03  1.338067E+01 -1.133204E+01
     2.6500    9.252966E-04  9.546928E-04  1.388837E+01 -1.129959E+01
     2.7000    6.799585E-04  7.034006E-04  1.439606E+01 -1.126714E+01
     2.7500    3.256446E-04  4.521083E-04  1.490376E+01 -1.123469E+01
     2.8000    5.867555E-05  2.008170E-04  1.541145E+01 -1.120224E+01
     2.8500   -1.656285E-04  2.883742E-04  1.631978E+01 -1.076916E+01
     2.9000   -3.754491E-04  3.759314E-04  1.722810E+01 -1.033608E+01
     2.9500   -3.032172E-04  4.634886E-04  1.813642E+01 -9.903000E+00
     3.0000    1.068772E-04  5.510458E-04  1.904475E+01 -9.469921E+00
     3.0500    3.494784E-04  6.341197E-04  1.943327E+01 -9.556645E+00
     3.1000    5.925052E-04  7.171936E-04  1.982179E+01 -9.643371E+00
     3.1500    7.826785E-04  8.002675E-04  2.021030E+01 -9.730096E+00
     3.2000    8.693106E-04  8.833415E-04  2.059882E+01 -9.816821E+00
     3.2500    7.699299E-04  9.020373E-04  2.096840E+01 -9.922494E+00
     3.3000    5.595439E-04  9.207332E-04  2.133797E+01 -1.002817E+01
     3.3500    2.628733E-04  9.394290E-04  2.170754E+01 -1.013384E+01
     3.4000   -8.226163E-05  9.581248E-04  2.207711E+01 -1.023951E+01
     3.4500   -4.093067E-04  9.405163E-04  2.244140E+01 -1.035047E+01
     3.5000   -6.713349E-04  9.229078E-04  2.280569E+01 -1.046142E+01
     3.5500   -8.366427E-04  9.052992E-04  2.316998E+01 -1.057237E+01
     3.6000   -8.873509E-04  8.876907E-04  2.353427E+01 -1.068333E+01
     3.6500   -8.022434E-04  8.503893E-04  2.390005E+01 -1.079279E+01
     3.7000   -6.198426E-04  8.130878E-04  2.426583E+01 -1.090226E+01
     3.7500   -3.727000E-04  7.757864E-04  2.463161E+01 -1.101172E+01
     3.8000   -9.964843E-05  7.384850E-04  2.499739E+01 -1.112119E+01
     3.8500    1.585052E-04  6.925898E-04  2.536365E+01 -1.123018E+01
     3.9000    3.636336E-04  6.466945E-04  2.572990E+01 -1.133917E+01
     3.9500    4.933431E-04  6.007993E-04  2.609615E+01 -1.144816E+01
     4.0000    5.388502E-04  5.549041E-04  2.646241E+01 -1.155715E+01
     4.0500    5.049967E-04  5.088409E-04  2.682654E+01 -1.166826E+01
     4.1000    4.089481E-04  4.627777E-04  2.719066E+01 -1.177938E+01
     4.1500    2.746317E-04  4.167145E-04  2.755479E+01 -1.189050E+01
     4.2000    1.289789E-04  3.706513E-04  2.791892E+01 -1.200161E+01
     4.2500   -2.237693E-06  3.321222E-04  2.828107E+01 -1.211471E+01
     4.3000   -1.058639E-04  2.935931E-04  2.864322E+01 -1.222780E+01
     4.3500   -1.702924E-04  2.550640E-04  2.900538E+01 -1.234089E+01
     4.4000   -1.923047E-04  2.165350E-04  2.936753E+01 -1.245398E+01
     4.4500   -1.868824E-04  1.877850E-04  2.974705E+01 -1.254971E+01
     4.5000   -1.527779E-04  1.590349E-04  3.012657E+01 -1.264543E+01
     4.5500   -1.028471E-04  1.302849E-04  3.050609E+01 -1.274115E+01
     4.6000   -5.135663E-05  1.015349E-04  3.088561E+01 -1.283688E+01
     4.6500    4.018341E-06  8.370888E-05  3.146395E+01 -1.273379E+01
     4.7000    3.862037E-05  6.588289E-05  3.204228E+01 -1.263070E+01
     4.7500    4.487213E-05  4.805691E-05  3.262062E+01 -1.252760E+01
     4.8000    2.955273E-05  3.023101E-05  3.319895E+01 -1.242451E+01
     4.8500    2.245351E-05  3.797132E-05  3.392481E+01 -1.217390E+01
     4.9000   -4.252152E-06  4.571162E-05  3.465068E+01 -1.192328E+01
     4.9500   -3.904528E-05  5.345193E-05  3.537654E+01 -1.167266E+01
     5.0000   -6.117170E-05  6.119225E-05  3.610240E+01 -1.142205E+01
     5.0500   -6.693649E-05  7.275687E-05  3.653103E+01 -1.146866E+01
     5.1000   -5.682312E-05  8.432149E-05  3.695966E+01 -1.151528E+01
     5.1500   -2.932638E-05  9.588611E-05  3.738828E+01 -1.156189E+01
     5.2000    1.262874E-05  1.074507E-04  3.781691E+01 -1.160851E+01
     5.2500    5.756272E-05  1.144529E-04  3.822611E+01 -1.167456E+01
     5.3000    9.780815E-05  1.214550E-04  3.863530E+01 -1.174061E+01
     5.3500    1.252074E-04  1.284572E-04  3.904449E+01 -1.180667E+01
     5.4000    1.331784E-04  1.354594E-04  3.945368E+01 -1.187272E+01
     5.4500    1.149363E-04  1.396807E-04  3.987430E+01 -1.192735E+01
     5.5000    7.469926E-05  1.439020E-04  4.029491E+01 -1.198198E+01
     5.5500    1.849400E-05  1.481234E-04  4.071552E+01 -1.203661E+01
     5.6000   -4.435550E-05  1.523447E-04  4.113614E+01 -1.209124E+01
     5.6500   -1.027522E-04  1.573800E-04  4.155210E+01 -1.215052E+01
     5.7000   -1.467071E-04  1.624153E-04  4.196807E+01 -1.220980E+01
     5.7500   -1.673875E-04  1.674506E-04  4.238403E+01 -1.226908E+01
     5.8000   -1.596321E-04  1.724860E-04  4.280000E+01 -1.232836E+01
     5.8500   -1.242053E-04  1.780868E-04  4.321047E+01 -1.239313E+01
     5.9000   -6.493998E-05  1.836877E-04  4.362095E+01 -1.245790E+01
     5.9500    9.295665E-06  1.892886E-04  4.403143E+01 -1.252266E+01
     6.0000    8.645157E-05  1.948895E-04  4.444190E+01 -1.258743E+01
     6.0500    1.504173E-04  1.989554E-04  4.483953E+01 -1.266505E+01
     6.1000    1.929733E-04  2.030212E-04  4.523716E+01 -1.274266E+01
     6.1500    2.063963E-04  2.070871E-04  4.563479E+01 -1.282027E+01
     6.2000    1.873566E-04  2.111530E-04  4.603243E+01 -1.289789E+01
     6.2500    1.376299E-04  2.152188E-04  4.643006E+01 -1.297550E+01
     6.3000    6.400671E-05  2.192847E-04  4.682769E+01 -1.305311E+01
     6.3500   -2.261574E-05  2.233506E-04  4.722532E+01 -1.313073E+01
     6.4000   -1.088420E-04  2.274164E-04  4.762295E+01 -1.320834E+01
     6.4500   -1.808495E-04  2.314823E-04  4.802058E+01 -1.328595E+01
     6.5000   -2.266031E-04  2.355482E-04  4.841821E+01 -1.336356E+01
     6.5500   -2.312200E-04  2.329767E-04  4.881757E+01 -1.343946E+01
     6.6000   -1.996943E-04  2.304052E-04  4.921692E+01 -1.351535E+01
     6.6500   -1.377395E-04  2.278338E-04  4.961627E+01 -1.359124E+01
     6.7000   -5.570108E-05  2.252623E-04  5.001562E+01 -1.366714E+01
     6.7500    3.316558E-05  2.226909E-04  5.041497E+01 -1.374303E+01
     6.8000    1.148355E-04  2.201194E-04  5.081432E+01 -1.381892E+01
     6.8500    1.767274E-04  2.175479E-04  5.121367E+01 -1.389482E+01
     6.9000    2.096411E-04  2.149765E-04  5.161302E+01 -1.397071E+01
     6.9500    2.091202E-04  2.124050E-04  5.201237E+01 -1.404661E+01
     7.0000    1.760398E-04  2.098335E-04  5.241172E+01 -1.412250E+01
     7.0500    1.109265E-04  2.054883E-04  5.283685E+01 -1.417261E+01
     7.1000    2.908241E-05  2.011430E-04  5.326198E+01 -1.422273E+01
     7.1500   -5.439256E-05  1.967978E-04  5.368711E+01 -1.427285E+01
     7.2000   -1.247395E-04  1.924525E-04  5.411224E+01 -1.432296E+01
     7.2500   -1.701498E-04  1.881073E-04  5.453736E+01 -1.437308E+01
     7.3000   -1.837403E-04  1.837620E-04  5.496249E+01 -1.442320E+01
     7.3500   -1.645648E-04  1.794168E-04  5.538762E+01 -1.447331E+01
     7.4000   -1.175200E-04  1.750715E-04  5.581275E+01 -1.452343E+01
     7.4500   -5.221010E-05  1.707263E-04  5.623788E+01 -1.457355E+01
     7.5000    1.898210E-05  1.663810E-04  5.666300E+01 -1.462366E+01
     7.5500    8.460707E-05  1.646219E-04  5.708845E+01 -1.467346E+01
     7.6000    1.339020E-04  1.628629E-04  5.751389E+01 -1.472327E+01
     7.6500    1.584972E-04  1.611038E-04  5.793934E+01 -1.477307E+01
     7.7000    1.545741E-04  1.593447E-04  5.836478E+01 -1.482287E+01
     7.7500    1.234449E-04  1.575856E-04  5.879022E+01 -1.487267E+01
     7.8000    7.120938E-05  1.558266E-04  5.921567E+01 -1.492247E+01
     7.8500    7.569656E-06  1.540675E-04  5.964111E+01 -1.497227E+01
     7.9000   -5.596937E-05  1.523084E-04  6.006655E+01 -1.502207E+01
     7.9500   -1.081793E-04  1.505493E-04  6.049200E+01 -1.507187E+01
     8.0000   -1.400922E-04  1.487902E-04  6.091744E+01 -1.512167E+01
     8.0500   -1.446767E-04  1.450694E-04  6.133465E+01 -1.517971E+01
     8.1000   -1.246628E-04  1.413486E-04  6.175186E+01 -1.523774E+01
     8.1500   -8.468343E-05  1.376277E-04  6.216908E+01 -1.529577E+01
     8.2000   -3.255320E-05  1.339069E-04  6.258629E+01 -1.535380E+01
     8.2500    2.223672E-05  1.301861E-04  6.300350E+01 -1.541183E+01
     8.3000    7.024065E-05  1.264652E-04  6.342071E+01 -1.546986E+01
     8.3500    1.036868E-04  1.227444E-04  6.383793E+01 -1.552790E+01
     8.4000    1.177310E-04  1.190236E-04  6.425514E+01 -1.558593E+01
     8.4500    1.111346E-04  1.153027E-04  6.467235E+01 -1.564396E+01
     8.5000    8.627576E-05  1.115819E-04  6.508957E+01 -1.570199E+01
     8.5500    4.534590E-05  1.071332E-04  6.553640E+01 -1.573040E+01
     8.6000   -1.004751E-06  1.026844E-04  6.598323E+01 -1.575882E+01
     8.6500   -4.331358E-05  9.823568E-05  6.643006E+01 -1.578723E+01
     8.7000   -7.366656E-05  9.378693E-05  6.687690E+01 -1.581564E+01
     8.7500   -8.717489E-05  8.933818E-05  6.732373E+01 -1.584405E+01
     8.8000   -8.272465E-05  8.488943E-05  6.777056E+01 -1.587246E+01
     8.8500   -6.289334E-05  8.044068E-05  6.821739E+01 -1.590087E+01
     8.9000   -3.310933E-05  7.599194E-05  6.866423E+01 -1.592928E+01
     8.9500   -2.845795E-07  7.154319E-05  6.911106E+01 -1.595770E+01
     9.0000    2.875138E-05  6.709446E-05  6.955789E+01 -1.598611E+01
     9.0500    5.224019E-05  6.598581E-05  7.002861E+01 -1.599064E+01
     9.1000    6.375194E-05  6.487716E-05  7.049932E+01 -1.599517E+01
     9.1500    6.121060E-05  6.376851E-05  7.097003E+01 -1.599970E+01
     9.2000    4.563734E-05  6.265987E-05  7.144074E+01 -1.600424E+01
     9.2500    2.082660E-05  6.155122E-05  7.191146E+01 -1.600877E+01
     9.3000   -7.567830E-06  6.044257E-05  7.238217E+01 -1.601330E+01
     9.3500   -3.331852E-05  5.933392E-05  7.285288E+01 -1.601783E+01
     9.4000   -5.099005E-05  5.822527E-05  7.332359E+01 -1.602236E+01
     9.4500   -5.708530E-05  5.711663E-05  7.379430E+01 -1.602690E+01
     9.5000   -5.073067E-05  5.600798E-05  7.426502E+01 -1.603143E+01
     9.5500   -3.446257E-05  5.536332E-05  7.472632E+01 -1.604537E+01
     9.6000   -1.143921E-05  5.471866E-05  7.518762E+01 -1.605932E+01
     9.6500    1.341431E-05  5.407400E-05  7.564891E+01 -1.607326E+01
     9.7000    3.490761E-05  5.342934E-05  7.611021E+01 -1.608721E+01
     9.7500    4.866900E-05  5.278468E-05  7.657151E+01 -1.610116E+01
     9.8000    5.203396E-05  5.214002E-05  7.703281E+01 -1.611510E+01
     9.8500    4.455781E-05  5.149536E-05  7.749411E+01 -1.612905E+01
     9.9000    2.805452E-05  5.085070E-05  7.795541E+01 -1.614299E+01
     9.9500    6.165087E-06  5.020604E-05  7.841671E+01 -1.615694E+01
    10.0000   -1.644361E-05  4.956138E-05  7.887801E+01 -1.617088E+01
    10.0500   -3.541812E-05  4.985463E-05  7.932992E+01 -1.619421E+01
    10.1000   -4.746185E-05  5.014787E-05  7.978184E+01 -1.621754E+01
    10.1500   -5.005919E-05  5.044112E-05  8.023375E+01 -1.624087E+01
    10.2000   -4.257450E-05  5.073436E-05  8.068566E+01 -1.626421E+01
    10.2500   -2.640267E-05  5.102760E-05  8.113758E+01 -1.628754E+01
    10.3000   -4.710725E-06  5.132085E-05  8.158949E+01 -1.631087E+01
    10.3500    1.818204E-05  5.161409E-05  8.204140E+01 -1.633420E+01
    10.4000    3.766403E-05  5.190734E-05  8.249332E+01 -1.635753E+01
    10.4500    4.976031E-05  5.220058E-05  8.294523E+01 -1.638086E+01
    10.5000    5.194341E-05  5.249382E-05  8.339714E+01 -1.640419E+01
    10.5500    4.366066E-05  5.278707E-05  8.384906E+01 -1.642752E+01
    10.6000    2.646805E-05  5.308031E-05  8.430097E+01 -1.645085E+01
    10.6500    3.739350E-06  5.337355E-05  8.475288E+01 -1.647418E+01
    10.7000   -1.999559E-05  5.366680E-05  8.520480E+01 -1.649752E+01
    10.7500   -3.995362E-05  5.396004E-05  8.565671E+01 -1.652085E+01
    10.8000   -5.206215E-05  5.425329E-05  8.610862E+01 -1.654418E+01
    10.8500   -5.379003E-05  5.454653E-05  8.656054E+01 -1.656751E+01
    10.9000   -4.467577E-05  5.483977E-05  8.701245E+01 -1.659084E+01
    10.9500   -2.644327E-05  5.513302E-05  8.746437E+01 -1.661417E+01
    11.0000   -2.676930E-06  5.542626E-05  8.791628E+01 -1.663750E+01
    11.0500    2.071216E-05  5.523523E-05  8.834897E+01 -1.668005E+01
    11.1000    4.013508E-05  5.504420E-05  8.878166E+01 -1.672261E+01
    11.1500    5.205067E-05  5.485317E-05  8.921435E+01 -1.676516E+01
    11.2000    5.432176E-05  5.466214E-05  8.964705E+01 -1.680771E+01
    11.2500    4.659812E-05  5.447111E-05  9.007974E+01 -1.685026E+01
    11.3000    3.036849E-05  5.428009E-05  9.051243E+01 -1.689281E+01
    11.3500    8.674138E-06  5.408906E-05  9.094512E+01 -1.693537E+01
    11.4000   -1.446090E-05  5.389803E-05  9.137782E+01 -1.697792E+01
    11.4500   -3.477618E-05  5.370700E-05  9.181051E+01 -1.702047E+01
    11.5000   -4.855944E-05  5.351597E-05  9.224320E+01 -1.706302E+01
    11.5500   -5.332491E-05  5.332494E-05  9.267589E+01 -1.710558E+01
    11.6000   -4.826137E-05  5.313392E-05  9.310858E+01 -1.714813E+01
    11.6500   -3.436933E-05  5.294289E-05  9.354128E+01 -1.719068E+01
    11.7000   -1.426420E-05  5.275186E-05  9.397397E+01 -1.723323E+01
    11.7500    8.315870E-06  5.256083E-05  9.440666E+01 -1.727578E+01
    11.8000    2.920498E-05  5.236980E-05  9.483935E+01 -1.731834E+01
    11.8500    4.457805E-05  5.217877E-05  9.527205E+01 -1.736089E+01
    11.9000    5.165125E-05  5.198774E-05  9.570474E+01 -1.740344E+01
    11.9500    4.918591E-05  5.179672E-05  9.613743E+01 -1.744599E+01
    12.0000    3.770486E-05  5.160569E-05  9.657012E+01 -1.748855E+01
    12.0500    1.788190E-05  5.046195E-05  9.702714E+01 -1.750677E+01
    12.1000   -4.667496E-06  4.931820E-05  9.748415E+01 -1.752500E+01
    12.1500   -2.525399E-05  4.817445E-05  9.794117E+01 -1.754323E+01
    12.2000   -3.979742E-05  4.703071E-05  9.839819E+01 -1.756146E+01
    12.2500   -4.563441E-05  4.588696E-05  9.885520E+01 -1.757969E+01
    12.3000   -4.199901E-05  4.474322E-05  9.931222E+01 -1.759792E+01
    12.3500   -3.009123E-05  4.359947E-05  9.976924E+01 -1.761614E+01
    12.4000   -1.273757E-05  4.245573E-05  1.002263E+02 -1.763437E+01
    12.4500    6.267617E-06  4.131198E-05  1.006833E+02 -1.765260E+01
    12.5000    2.298863E-05  4.016823E-05  1.011403E+02 -1.767083E+01
    12.5500    3.416339E-05  3.902449E-05  1.015973E+02 -1.768906E+01
    12.6000    3.783811E-05  3.788074E-05  1.020543E+02 -1.770729E+01
    12.6500    3.369855E-05  3.673700E-05  1.025113E+02 -1.772551E+01
    12.7000    2.304420E-05  3.559325E-05  1.029683E+02 -1.774374E+01
    12.7500    8.429236E-06  3.444950E-05  1.034254E+02 -1.776197E+01
    12.8000   -6.937134E-06  3.330576E-05  1.038824E+02 -1.778020E+01
    12.8500   -1.989236E-05  3.216201E-05  1.043394E+02 -1.779843E+01
    12.9000   -2.797144E-05  3.101827E-05  1.047964E+02 -1.781666E+01
    12.9500   -2.987300E-05  2.987452E-05  1.052534E+02 -1.783488E+01
    13.0000   -2.565320E-05  2.873078E-05  1.057104E+02 -1.785311E+01
    13.0500   -1.787846E-05  2.908764E-05  1.061522E+02 -1.788658E+01
    13.1000   -6.430144E-06  2.944451E-05  1.065940E+02 -1.792005E+01
    13.1500    6.550619E-06  2.980138E-05  1.070358E+02 -1.795352E+01
    13.2000    1.857128E-05  3.015824E-05  1.074775E+02 -1.798699E+01
    13.2500    2.726647E-05  3.051511E-05  1.079193E+02 -1.802046E+01
    13.3000    3.086320E-05  3.087198E-05  1.083611E+02 -1.805393E+01
    13.3500    2.854112E-05  3.122885E-05  1.088029E+02 -1.808740E+01
    13.4000    2.061496E-05  3.158572E-05  1.092446E+02 -1.812087E+01
    13.4500    8.499295E-06  3.194259E-05  1.096864E+02 -1.815434E+01
    13.5000   -5.542486E-06  3.229946E-05  1.101282E+02 -1.818781E+01
    13.5500   -1.882067E-05  3.265632E-05  1.105700E+02 -1.822128E+01
    13.6000   -2.873445E-05  3.301319E-05  1.110117E+02 -1.825475E+01
    13.6500   -3.328113E-05  3.337006E-05  1.114535E+02 -1.828822E+01
    13.7000   -3.145972E-05  3.372693E-05  1.118953E+02 -1.832169E+01
    13.7500   -2.348768E-05  3.408380E-05  1.123371E+02 -1.835516E+01
    13.8000   -1.078461E-05  3.444067E-05  1.127788E+02 -1.838863E+01
    13.8500    4.279043E-06  3.479753E-05  1.132206E+02 -1.842210E+01
    13.9000    1.882390E-05  3.515440E-05  1.136624E+02 -1.845557E+01
    13.9500    3.001208E-05  3.551127E-05  1.141042E+02 -1.848904E+01
    14.0000    3.560071E-05  3.586814E-05  1.145459E+02 -1.852250E+01
    14.0500    3.371123E-05  3.543195E-05  1.149811E+02 -1.856263E+01
    14.1000    2.565253E-05  3.499577E-05  1.154162E+02 -1.860276E+01
    14.1500    1.306334E-05  3.455958E-05  1.158513E+02 -1.864288E+01
    14.2000   -1.619899E-06  3.412340E-05  1.162864E+02 -1.868301E+01
    14.2500   -1.563395E-05  3.368721E-05  1.167215E+02 -1.872313E+01
    14.3000   -2.640873E-05  3.325103E-05  1.171567E+02 -1.876326E+01
    14.3500   -3.203854E-05  3.281484E-05  1.175918E+02 -1.880338E+01
    14.4000   -3.161812E-05  3.237866E-05  1.180269E+02 -1.884351E+01
    14.4500   -2.538458E-05  3.194247E-05  1.184620E+02 -1.888363E+01
    14.5000   -1.464357E-05  3.150629E-05  1.188971E+02 -1.892376E+01
    14.5500   -1.499176E-06  3.107010E-05  1.193323E+02 -1.896388E+01
    14.6000    1.155732E-05  3.063391E-05  1.197674E+02 -1.900401E+01
    14.6500    2.211944E-05  3.019773E-05  1.202025E+02 -1.904414E+01
    14.7000    2.830904E-05  2.976154E-05  1.206376E+02 -1.908426E+01
    14.7500    2.910949E-05  2.932536E-05  1.210727E+02 -1.912439E+01
    14.8000    2.452963E-05  2.888917E-05  1.215078E+02 -1.916451E+01
    14.8500    1.557266E-05  2.845299E-05  1.219430E+02 -1.920464E+01
    14.9000    4.021320E-06  2.801680E-05  1.223781E+02 -1.924476E+01
    14.9500   -7.915517E-06  2.758062E-05  1.228132E+02 -1.928489E+01
    15.0000   -1.802497E-05  2.714443E-05  1.232483E+02 -1.932501E+01
    15.0500   -2.440980E-05  2.655983E-05  1.236878E+02 -1.936080E+01
    15.1000   -2.595993E-05  2.597522E-05  1.241272E+02 -1.939659E+01
    15.1500   -2.259390E-05  2.539062E-05  1.245667E+02 -1.943238E+01
    15.2000   -1.516127E-05  2.480601E-05  1.250061E+02 -1.946817E+01
    15.2500   -5.241218E-06  2.422141E-05  1.254456E+02 -1.950397E+01
    15.3000    5.189183E-06  2.363680E-05  1.258850E+02 -1.953976E+01
    15.3500    1.414817E-05  2.305220E-05  1.263245E+02 -1.957555E+01
    15.4000    2.002583E-05  2.246759E-05  1.267640E+02 -1.961134E+01
    15.4500    2.187241E-05  2.188299E-05  1.272034E+02 -1.964713E+01
    15.5000    1.954707E-05  2.129838E-05  1.276429E+02 -1.968292E+01
    15.5500    1.370470E-05  2.071378E-05  1.280823E+02 -1.971871E+01
    15.6000    5.630983E-06  2.012918E-05  1.285218E+02 -1.975450E+01
    15.6500   -3.035222E-06  1.954457E-05  1.289612E+02 -1.979029E+01
    15.7000   -1.063324E-05  1.895997E-05  1.294007E+02 -1.982608E+01
    15.7500   -1.579875E-05  1.837536E-05  1.298401E+02 -1.986187E+01
    15.8000   -1.770798E-05  1.779076E-05  1.302796E+02 -1.989766E+01
    15.8500   -1.620419E-05  1.720615E-05  1.307190E+02 -1.993345E+01
    15.9000   -1.178835E-05  1.662155E-05  1.311585E+02 -1.996924E+01
    15.9500   -5.483036E-06  1.603694E-05  1.315980E+02 -2.000503E+01
    16.0000    1.396775E-06  1.545234E-05  1.320374E+02 -2.004082E+01
    16.0500    7.903055E-06  1.506214E-05  1.324993E+02 -2.005422E+01
    16.1000    1.245735E-05  1.467195E-05  1.329611E+02 -2.006762E+01
    16.1500    1.421769E-05  1.428176E-05  1.334229E+02 -2.008102E+01
    16.2000    1.296605E-05  1.389156E-05  1.338848E+02 -2.009442E+01
    16.2500    9.122377E-06  1.350137E-05  1.343466E+02 -2.010783E+01
    16.3000    3.623615E-06  1.311118E-05  1.348085E+02 -2.012123E+01
    16.3500   -2.300224E-06  1.272098E-05  1.352703E+02 -2.013463E+01
    16.4000   -7.400080E-06  1.233079E-05  1.357321E+02 -2.014803E+01
    16.4500   -1.067121E-05  1.194060E-05  1.361940E+02 -2.016143E+01
    16.5000   -1.155033E-05  1.155040E-05  1.366558E+02 -2.017484E+01
    16.5500   -1.000807E-05  1.116021E-05  1.371177E+02 -2.018824E+01
    16.6000   -6.522653E-06  1.077001E-05  1.375795E+02 -2.020164E+01
    16.6500   -1.947230E-06  1.037982E-05  1.380414E+02 -2.021504E+01
    16.7000    2.694638E-06  9.989627E-06  1.385032E+02 -2.022844E+01
    16.7500    6.437038E-06  9.599434E-06  1.389650E+02 -2.024185E+01
    16.8000    8.572689E-06  9.209240E-06  1.394269E+02 -2.025525E+01
    16.8500    8.785031E-06  8.819046E-06  1.398887E+02 -2.026865E+01
    16.9000    7.187122E-06  8.428853E-06  1.403506E+02 -2.028205E+01
    16.9500    4.264936E-06  8.038659E-06  1.408124E+02 -2.029545E+01
    17.0000    7.438629E-07  7.648465E-06  1.412743E+02 -2.030885E+01
    17.0500   -2.907372E-06  7.601164E-06  1.417642E+02 -2.029420E+01
    17.1000   -5.833550E-06  7.553866E-06  1.422541E+02 -2.027954E+01
    17.1500   -7.359159E-06  7.506568E-06  1.427440E+02 -2.026489E+01
    17.2000   -7.144814E-06  7.459270E-06  1.432339E+02 -2.025023E+01
    17.2500   -5.262503E-06  7.411972E-06  1.437238E+02 -2.023557E+01
    17.3000   -2.173581E-06  7.364674E-06  1.442137E+02 -2.022092E+01
    17.3500    1.384129E-06  7.317376E-06  1.447036E+02 -2.020626E+01
    17.4000    4.572527E-06  7.270078E-06  1.451935E+02 -2.019160E+01
    17.4500    6.650675E-06  7.222780E-06  1.456834E+02 -2.017695E+01
    17.5000    7.146949E-06  7.175483E-06  1.461733E+02 -2.016229E+01
    17.5500    5.965933E-06  7.128185E-06  1.466632E+02 -2.014763E+01
    17.6000    3.405845E-06  7.080887E-06  1.471531E+02 -2.013298E+01
    17.6500    8.358634E-08  7.033589E-06  1.476430E+02 -2.011832E+01
    17.7000   -3.213828E-06  6.986291E-06  1.481329E+02 -2.010366E+01
    17.7500   -5.715696E-06  6.938993E-06  1.486228E+02 -2.008901E+01
    17.8000   -6.847759E-06  6.891695E-06  1.491127E+02 -2.007435E+01
    17.8500   -6.363931E-06  6.844397E-06  1.496026E+02 -2.005970E+01
    17.9000   -4.399427E-06  6.797099E-06  1.500925E+02 -2.004504E+01
    17.9500   -1.433928E-06  6.749801E-06  1.505824E+02 -2.003038E+01
    18.0000    1.825394E-06  6.702505E-06  1.510723E+02 -2.001573E+01
    18.0500    4.604341E-06  6.849862E-06  1.515336E+02 -2.002965E+01
    18.1000    6.517792E-06  6.997218E-06  1.519949E+02 -2.004358E+01
    18.1500    7.116301E-06  7.144574E-06  1.524562E+02 -2.005750E+01
    18.2000    6.215356E-06  7.291931E-06  1.529176E+02 -2.007142E+01
    18.2500    3.946370E-06  7.439287E-06  1.533789E+02 -2.008535E+01
    18.3000    7.411163E-07  7.586644E-06  1.538402E+02 -2.009927E+01
    18.3500   -2.749640E-06  7.734000E-06  1.543015E+02 -2.011320E+01
    18.4000   -5.788148E-06  7.881356E-06  1.547628E+02 -2.012712E+01
    18.4500   -7.705571E-06  8.028713E-06  1.552242E+02 -2.014105E+01
    18.5000   -8.048845E-06  8.176069E-06  1.556855E+02 -2.015497E+01
    18.5500   -6.686306E-06  8.323425E-06  1.561468E+02 -2.016889E+01
    18.6000   -3.847741E-06  8.470782E-06  1.566081E+02 -2.018282E+01
    18.6500   -8.786284E-08  8.618138E-06  1.570694E+02 -2.019674E+01
    18.7000    3.821563E-06  8.765494E-06  1.575308E+02 -2.021067E+01
    18.7500    7.050082E-06  8.912851E-06  1.579921E+02 -2.022459E+01
    18.8000    8.884910E-06  9.060207E-06  1.584534E+02 -2.023852E+01
    18.8500    8.887864E-06  9.207563E-06  1.589147E+02 -2.025244E+01
    18.9000    6.998375E-06  9.354920E-06  1.593760E+02 -2.026637E+01
    18.9500    3.558692E-06  9.502276E-06  1.598374E+02 -2.028029E+01
    19.0000   -7.466407E-07  9.649633E-06  1.602987E+02 -2.029421E+01
    19.0500   -4.877185E-06  9.747348E-06  1.607452E+02 -2.032290E+01
    19.1000   -8.124261E-06  9.845063E-06  1.611918E+02 -2.035158E+01
    19.1500   -9.825632E-06  9.942778E-06  1.616384E+02 -2.038026E+01
    19.2000   -9.612860E-06  1.004049E-05  1.620849E+02 -2.040894E+01
    19.2500   -7.490390E-06  1.013821E-05  1.625315E+02 -2.043763E+01
    19.3000   -3.841984E-06  1.023592E-05  1.629781E+02 -2.046631E+01
    19.3500    6.381631E-07  1.033364E-05  1.634246E+02 -2.049499E+01
    19.4000    5.077389E-06  1.043135E-05  1.638712E+02 -2.052367E+01
    19.4500    8.594535E-06  1.052907E-05  1.643177E+02 -2.055235E+01
    19.5000    1.047483E-05  1.062678E-05  1.647643E+02 -2.058104E+01
    19.5500    1.031496E-05  1.072450E-05  1.652109E+02 -2.060972E+01
    19.6000    8.108957E-06  1.082221E-05  1.656574E+02 -2.063840E+01
    19.6500    4.256688E-06  1.091993E-05  1.661040E+02 -2.066708E+01
    19.7000   -5.081506E-07  1.101765E-05  1.665505E+02 -2.069577E+01
    19.7500   -5.257638E-06  1.111536E-05  1.669971E+02 -2.072445E+01
    19.8000   -9.050329E-06  1.121308E-05  1.674437E+02 -2.075313E+01
    19.8500   -1.111784E-05  1.131079E-05  1.678902E+02 -2.078181E+01
    19.9000   -1.102039E-05  1.140851E-05  1.683368E+02 -2.081049E+01
    19.9500   -8.739721E-06  1.150622E-05  1.687834E+02 -2.083918E+01
    20.0000   -4.690073E-06  1.160394E-05  1.692299E+02 -2.086786E+01
