# xx                                                               FEFF 9.9.1
# POT  SCF 100  5.0000   0, core-hole, AFOLP (folp(0)= 1.150)
# Abs   Z=28 Rmt= 1.320 Rnm= 1.527 K  shell
# Pot 1 Z=28 Rmt= 1.302 Rnm= 1.519
# Pot 2 Z=30 Rmt= 1.280 Rnm= 1.497
# Pot 3 Z=19 Rmt= 2.061 Rnm= 2.170
# Pot 4 Z=17 Rmt= 1.374 Rnm= 1.582
# Gam_ch=1.576E+00 H-L exch Vi= 0.000E+00 Vr= 0.000E+00
# Mu=-7.123E+00eV kf=1.540E+00 Vint=-1.059E+01eV Rs_int= 2.355
# PATH  Rmax= 5.000,  Keep_limit= 0.00, Heap_limit 0.00  Pwcrit= 2.50%
 S02  1.000                                        Global sig2  0.00000
 Debye-waller factor    0.0000000000000000        0.0000000000000000     
 -----------------------------------------------------------------------
       k         chi           mag          phase        phase-2kr  @#
     0.0000    7.250282E-02  8.772773E-02  2.168815E+00  2.168815E+00
     0.0500    7.124176E-02  8.659656E-02  2.175473E+00  1.726214E+00
     0.1000    6.998610E-02  8.546539E-02  2.182132E+00  1.283612E+00
     0.1500    6.651564E-02  8.237728E-02  2.201774E+00  8.539946E-01
     0.2000    6.309109E-02  7.928916E-02  2.221416E+00  4.243769E-01
     0.2500    5.819287E-02  7.499803E-02  2.253412E+00  7.113632E-03
     0.3000    5.340828E-02  7.070690E-02  2.285408E+00 -4.101496E-01
     0.3500    4.763673E-02  6.563229E-02  2.329378E+00 -8.154396E-01
     0.4000    4.207997E-02  6.055769E-02  2.373348E+00 -1.220730E+00
     0.4500    3.677411E-02  5.643510E-02  2.431878E+00 -1.611459E+00
     0.5000    3.170816E-02  5.231252E-02  2.490407E+00 -2.002189E+00
     0.5500    2.653965E-02  4.891686E-02  2.568128E+00 -2.373729E+00
     0.6000    2.165384E-02  4.552119E-02  2.645848E+00 -2.745268E+00
     0.6500    1.640400E-02  4.297095E-02  2.749908E+00 -3.090468E+00
     0.7000    1.146637E-02  4.042070E-02  2.853968E+00 -3.435668E+00
     0.7500    5.753638E-03  3.845989E-02  2.991428E+00 -3.747467E+00
     0.8000    4.636880E-04  3.649908E-02  3.128888E+00 -4.059267E+00
     0.8500   -5.633152E-03  3.485799E-02  3.303907E+00 -4.333507E+00
     0.9000   -1.099387E-02  3.321689E-02  3.478926E+00 -4.607748E+00
     0.9500   -1.657577E-02  3.168211E-02  3.692183E+00 -4.843751E+00
     1.0000   -2.085304E-02  3.014733E-02  3.905439E+00 -5.079754E+00
     1.0500   -2.425178E-02  2.854474E-02  4.156831E+00 -5.277623E+00
     1.1000   -2.570542E-02  2.694215E-02  4.408222E+00 -5.475491E+00
     1.1500   -2.522642E-02  2.522954E-02  4.696676E+00 -5.636297E+00
     1.2000   -2.264765E-02  2.351692E-02  4.985130E+00 -5.797103E+00
     1.2500   -1.791798E-02  2.169995E-02  5.311716E+00 -5.919775E+00
     1.3000   -1.195174E-02  1.988298E-02  5.638303E+00 -6.042448E+00
     1.3500   -4.977931E-03  1.799619E-02  6.002920E+00 -6.127091E+00
     1.4000    1.357249E-03  1.610939E-02  6.367537E+00 -6.211733E+00
     1.4500    6.705703E-03  1.421925E-02  6.774282E+00 -6.254248E+00
     1.5000    9.641151E-03  1.232910E-02  7.181027E+00 -6.296763E+00
     1.5500    1.028571E-02  1.053580E-02  7.635662E+00 -6.291388E+00
     1.6000    8.499530E-03  8.742508E-03  8.090297E+00 -6.286013E+00
     1.6500    5.258926E-03  7.179931E-03  8.602867E+00 -6.222702E+00
     1.7000    1.710092E-03  5.617353E-03  9.115438E+00 -6.159391E+00
     1.7500   -1.233624E-03  4.410080E-03  9.708289E+00 -6.015800E+00
     1.8000   -2.461088E-03  3.202807E-03  1.030114E+01 -5.872208E+00
     1.8500   -2.392680E-03  2.392836E-03  1.100699E+01 -5.615618E+00
     1.9000   -1.192857E-03  1.582864E-03  1.171284E+01 -5.359028E+00
     1.9500   -1.971925E-04  1.261340E-03  1.240939E+01 -5.111736E+00
     2.0000    4.828478E-04  9.398153E-04  1.310594E+01 -4.864444E+00
     2.0500    8.830577E-04  9.449894E-04  1.377312E+01 -4.646528E+00
     2.1000    9.068433E-04  9.501636E-04  1.444029E+01 -4.428612E+00
     2.1500    5.398128E-04  9.553377E-04  1.510747E+01 -4.210695E+00
     2.2000   -6.400217E-05  9.605118E-04  1.577465E+01 -3.992779E+00
     2.2500   -5.342001E-04  9.537805E-04  1.630245E+01 -3.914231E+00
     2.3000   -8.533857E-04  9.470492E-04  1.683026E+01 -3.835683E+00
     2.3500   -9.373620E-04  9.403178E-04  1.735807E+01 -3.757134E+00
     2.4000   -7.667500E-04  9.335864E-04  1.788588E+01 -3.678586E+00
     2.4500   -4.415289E-04  8.913772E-04  1.833134E+01 -3.682387E+00
     2.5000   -6.173071E-05  8.491680E-04  1.877680E+01 -3.686187E+00
     2.5500    2.938384E-04  8.069587E-04  1.922226E+01 -3.689988E+00
     2.6000    5.581814E-04  7.647495E-04  1.966771E+01 -3.693789E+00
     2.6500    6.641645E-04  7.214791E-04  2.001907E+01 -3.791696E+00
     2.7000    6.773633E-04  6.782086E-04  2.037042E+01 -3.889602E+00
     2.7500    6.063125E-04  6.349382E-04  2.072177E+01 -3.987509E+00
     2.8000    4.700223E-04  5.916678E-04  2.107313E+01 -4.085416E+00
     2.8500    3.515313E-04  5.652337E-04  2.131995E+01 -4.287847E+00
     2.9000    2.218473E-04  5.387996E-04  2.156678E+01 -4.490279E+00
     2.9500    9.048742E-05  5.123654E-04  2.181361E+01 -4.692710E+00
     3.0000   -3.364315E-05  4.859313E-04  2.206044E+01 -4.895142E+00
     3.0500   -1.455557E-04  5.106539E-04  2.228019E+01 -5.124645E+00
     3.1000   -2.607987E-04  5.353765E-04  2.249995E+01 -5.354149E+00
     3.1500   -3.729110E-04  5.600991E-04  2.271971E+01 -5.583652E+00
     3.2000   -4.751290E-04  5.848218E-04  2.293946E+01 -5.813156E+00
     3.2500   -6.069881E-04  6.446691E-04  2.321835E+01 -5.983528E+00
     3.3000   -7.030421E-04  7.045165E-04  2.349724E+01 -6.153901E+00
     3.3500   -7.468990E-04  7.643639E-04  2.377612E+01 -6.324273E+00
     3.4000   -7.260356E-04  8.242113E-04  2.405501E+01 -6.494646E+00
     3.4500   -6.041992E-04  8.847375E-04  2.438100E+01 -6.617920E+00
     3.5000   -3.904046E-04  9.452637E-04  2.470698E+01 -6.741194E+00
     3.5500   -1.001838E-04  1.005790E-03  2.503297E+01 -6.864468E+00
     3.6000    2.391626E-04  1.066316E-03  2.535895E+01 -6.987742E+00
     3.6500    6.019632E-04  1.109446E-03  2.570625E+01 -7.089709E+00
     3.7000    9.175484E-04  1.152577E-03  2.605354E+01 -7.191677E+00
     3.7500    1.141342E-03  1.195707E-03  2.640083E+01 -7.293644E+00
     3.8000    1.237606E-03  1.238837E-03  2.674812E+01 -7.395612E+00
     3.8500    1.159327E-03  1.261451E-03  2.710869E+01 -7.484304E+00
     3.9000    9.256619E-04  1.284066E-03  2.746926E+01 -7.572997E+00
     3.9500    5.618917E-04  1.306680E-03  2.782982E+01 -7.661689E+00
     4.0000    1.114525E-04  1.329294E-03  2.819039E+01 -7.750382E+00
     4.0500   -3.711257E-04  1.330801E-03  2.855696E+01 -7.833078E+00
     4.1000   -8.054293E-04  1.332308E-03  2.892352E+01 -7.915774E+00
     4.1500   -1.133575E-03  1.333814E-03  2.929008E+01 -7.998471E+00
     4.2000   -1.311671E-03  1.335321E-03  2.965664E+01 -8.081167E+00
     4.2500   -1.306887E-03  1.328485E-03  3.002570E+01 -8.161374E+00
     4.3000   -1.127001E-03  1.321650E-03  3.039475E+01 -8.241582E+00
     4.3500   -7.979290E-04  1.314814E-03  3.076380E+01 -8.321789E+00
     4.4000   -3.653264E-04  1.307979E-03  3.113286E+01 -8.401996E+00
     4.4500    1.136601E-04  1.299656E-03  3.150349E+01 -8.480618E+00
     4.5000    5.712049E-04  1.291333E-03  3.187413E+01 -8.559241E+00
     4.5500    9.457692E-04  1.283011E-03  3.224477E+01 -8.637863E+00
     4.6000    1.187818E-03  1.274688E-03  3.261540E+01 -8.716485E+00
     4.6500    1.265958E-03  1.265966E-03  3.299028E+01 -8.790867E+00
     4.7000    1.168284E-03  1.257243E-03  3.336516E+01 -8.865248E+00
     4.7500    9.107013E-04  1.248521E-03  3.374004E+01 -8.939629E+00
     4.8000    5.309954E-04  1.239798E-03  3.411492E+01 -9.014011E+00
     4.8500    8.079071E-05  1.232148E-03  3.449190E+01 -9.086285E+00
     4.9000   -3.751398E-04  1.224497E-03  3.486889E+01 -9.158559E+00
     4.9500   -7.730226E-04  1.216846E-03  3.524587E+01 -9.230833E+00
     5.0000   -1.057990E-03  1.209195E-03  3.562286E+01 -9.303108E+00
     5.0500   -1.191879E-03  1.201471E-03  3.600187E+01 -9.373356E+00
     5.1000   -1.155875E-03  1.193747E-03  3.638088E+01 -9.443605E+00
     5.1500   -9.572364E-04  1.186023E-03  3.675989E+01 -9.513853E+00
     5.2000   -6.261043E-04  1.178300E-03  3.713890E+01 -9.584102E+00
     5.2500   -2.073187E-04  1.168577E-03  3.752076E+01 -9.651509E+00
     5.3000    2.341995E-04  1.158854E-03  3.790261E+01 -9.718916E+00
     5.3500    6.348848E-04  1.149131E-03  3.828446E+01 -9.786323E+00
     5.4000    9.380761E-04  1.139408E-03  3.866631E+01 -9.853730E+00
     5.4500    1.100628E-03  1.128252E-03  3.904817E+01 -9.921138E+00
     5.5000    1.102808E-03  1.117096E-03  3.943002E+01 -9.988546E+00
     5.5500    9.474578E-04  1.105940E-03  3.981187E+01 -1.005595E+01
     5.6000    6.599172E-04  1.094784E-03  4.019372E+01 -1.012336E+01
     5.6500    2.831978E-04  1.081033E-03  4.057564E+01 -1.019070E+01
     5.7000   -1.244384E-04  1.067283E-03  4.095756E+01 -1.025804E+01
     5.7500   -5.039630E-04  1.053532E-03  4.133949E+01 -1.032538E+01
     5.8000   -8.018655E-04  1.039781E-03  4.172141E+01 -1.039271E+01
     5.8500   -9.756132E-04  1.024146E-03  4.210241E+01 -1.046097E+01
     5.9000   -1.005905E-03  1.008512E-03  4.248342E+01 -1.052923E+01
     5.9500   -8.927693E-04  9.928771E-04  4.286442E+01 -1.059748E+01
     6.0000   -6.566841E-04  9.772424E-04  4.324542E+01 -1.066574E+01
     6.0500   -3.344448E-04  9.587449E-04  4.362597E+01 -1.073445E+01
     6.1000    2.276767E-05  9.402473E-04  4.400651E+01 -1.080317E+01
     6.1500    3.629857E-04  9.217498E-04  4.438706E+01 -1.087188E+01
     6.2000    6.386385E-04  9.032522E-04  4.476761E+01 -1.094059E+01
     6.2500    8.132003E-04  8.847546E-04  4.514815E+01 -1.100931E+01
     6.3000    8.659993E-04  8.662571E-04  4.552870E+01 -1.107802E+01
     6.3500    7.945595E-04  8.477595E-04  4.590924E+01 -1.114673E+01
     6.4000    6.142284E-04  8.292620E-04  4.628979E+01 -1.121545E+01
     6.4500    3.552478E-04  8.107644E-04  4.667033E+01 -1.128416E+01
     6.5000    5.779147E-05  7.922669E-04  4.705088E+01 -1.135288E+01
     6.5500   -2.366778E-04  7.734061E-04  4.743490E+01 -1.141812E+01
     6.6000   -4.832165E-04  7.545453E-04  4.781892E+01 -1.148336E+01
     6.6500   -6.485122E-04  7.356846E-04  4.820294E+01 -1.154860E+01
     6.7000   -7.126682E-04  7.168238E-04  4.858696E+01 -1.161384E+01
     6.7500   -6.714923E-04  6.979630E-04  4.897098E+01 -1.167908E+01
     6.8000   -5.363571E-04  6.791022E-04  4.935499E+01 -1.174432E+01
     6.8500   -3.317605E-04  6.602415E-04  4.973901E+01 -1.180956E+01
     6.9000   -9.105601E-05  6.413807E-04  5.012303E+01 -1.187480E+01
     6.9500    1.489232E-04  6.225199E-04  5.050705E+01 -1.194004E+01
     7.0000    3.534871E-04  6.036591E-04  5.089107E+01 -1.200528E+01
     7.0500    4.997364E-04  5.877543E-04  5.128194E+01 -1.206368E+01
     7.1000    5.642254E-04  5.718495E-04  5.167280E+01 -1.212207E+01
     7.1500    5.416334E-04  5.559446E-04  5.206367E+01 -1.218046E+01
     7.2000    4.400727E-04  5.400398E-04  5.245454E+01 -1.223886E+01
     7.2500    2.791553E-04  5.241350E-04  5.284540E+01 -1.229725E+01
     7.3000    8.638691E-05  5.082301E-04  5.323627E+01 -1.235564E+01
     7.3500   -1.074694E-04  4.923253E-04  5.362714E+01 -1.241404E+01
     7.4000   -2.732880E-04  4.764205E-04  5.401800E+01 -1.247243E+01
     7.4500   -3.879564E-04  4.605156E-04  5.440887E+01 -1.253082E+01
     7.5000   -4.375752E-04  4.446108E-04  5.479974E+01 -1.258921E+01
     7.5500   -4.225447E-04  4.326949E-04  5.519490E+01 -1.264331E+01
     7.6000   -3.443618E-04  4.207791E-04  5.559006E+01 -1.269741E+01
     7.6500   -2.183737E-04  4.088632E-04  5.598523E+01 -1.275150E+01
     7.7000   -6.648326E-05  3.969473E-04  5.638039E+01 -1.280560E+01
     7.7500    8.660979E-05  3.850315E-04  5.677555E+01 -1.285970E+01
     7.8000    2.174144E-04  3.731156E-04  5.717071E+01 -1.291379E+01
     7.8500    3.072525E-04  3.611997E-04  5.756588E+01 -1.296789E+01
     7.9000    3.449099E-04  3.492839E-04  5.796104E+01 -1.302199E+01
     7.9500    3.279581E-04  3.373680E-04  5.835620E+01 -1.307608E+01
     8.0000    2.626090E-04  3.254522E-04  5.875137E+01 -1.313018E+01
     8.0500    1.642842E-04  3.172046E-04  5.914585E+01 -1.318496E+01
     8.1000    4.614669E-05  3.089570E-04  5.954034E+01 -1.323973E+01
     8.1500   -7.281092E-05  3.007094E-04  5.993482E+01 -1.329450E+01
     8.2000   -1.744330E-04  2.924618E-04  6.032931E+01 -1.334928E+01
     8.2500   -2.441717E-04  2.842142E-04  6.072379E+01 -1.340405E+01
     8.3000   -2.731584E-04  2.759666E-04  6.111828E+01 -1.345883E+01
     8.3500   -2.592830E-04  2.677190E-04  6.151276E+01 -1.351360E+01
     8.4000   -2.071579E-04  2.594714E-04  6.190725E+01 -1.356838E+01
     8.4500   -1.270284E-04  2.512239E-04  6.230173E+01 -1.362315E+01
     8.5000   -3.285558E-05  2.429763E-04  6.269622E+01 -1.367793E+01
     8.5500    6.018463E-05  2.363782E-04  6.308930E+01 -1.373410E+01
     8.6000    1.391565E-04  2.297800E-04  6.348238E+01 -1.379028E+01
     8.6500    1.928799E-04  2.231819E-04  6.387547E+01 -1.384646E+01
     8.7000    2.146393E-04  2.165838E-04  6.426855E+01 -1.390263E+01
     8.7500    2.029830E-04  2.099857E-04  6.466163E+01 -1.395881E+01
     8.8000    1.616591E-04  2.033876E-04  6.505471E+01 -1.401499E+01
     8.8500    9.874394E-05  1.967895E-04  6.544780E+01 -1.407116E+01
     8.9000    2.513912E-05  1.901914E-04  6.584088E+01 -1.412734E+01
     8.9500   -4.728999E-05  1.835933E-04  6.623396E+01 -1.418352E+01
     9.0000   -1.076216E-04  1.769952E-04  6.662705E+01 -1.423969E+01
     9.0500   -1.489259E-04  1.718781E-04  6.702152E+01 -1.429448E+01
     9.1000   -1.653914E-04  1.667610E-04  6.741599E+01 -1.434927E+01
     9.1500   -1.559496E-04  1.616439E-04  6.781046E+01 -1.440406E+01
     9.2000   -1.235886E-04  1.565268E-04  6.820493E+01 -1.445885E+01
     9.2500   -7.465802E-05  1.514097E-04  6.859940E+01 -1.451363E+01
     9.3000   -1.768175E-05  1.462925E-04  6.899388E+01 -1.456842E+01
     9.3500    3.810606E-05  1.411754E-04  6.938835E+01 -1.462321E+01
     9.4000    8.425353E-05  1.360583E-04  6.978282E+01 -1.467800E+01
     9.4500    1.143712E-04  1.309412E-04  7.017729E+01 -1.473279E+01
     9.5000    1.250064E-04  1.258241E-04  7.057176E+01 -1.478757E+01
     9.5500    1.172076E-04  1.220693E-04  7.096901E+01 -1.483959E+01
     9.6000    9.196677E-05  1.183144E-04  7.136626E+01 -1.489160E+01
     9.6500    5.423083E-05  1.145596E-04  7.176350E+01 -1.494362E+01
     9.7000    1.060818E-05  1.108047E-04  7.216075E+01 -1.499563E+01
     9.7500   -3.177458E-05  1.070498E-04  7.255799E+01 -1.504764E+01
     9.8000   -6.643435E-05  1.032950E-04  7.295524E+01 -1.509966E+01
     9.8500   -8.852290E-05  9.954015E-05  7.335248E+01 -1.515167E+01
     9.9000   -9.549631E-05  9.578529E-05  7.374973E+01 -1.520369E+01
     9.9500   -8.737164E-05  9.203044E-05  7.414698E+01 -1.525570E+01
    10.0000   -6.655240E-05  8.827561E-05  7.454422E+01 -1.530771E+01
    10.0500   -3.781612E-05  8.619540E-05  7.494404E+01 -1.535715E+01
    10.1000   -4.570001E-06  8.411520E-05  7.534387E+01 -1.540659E+01
    10.1500    2.777992E-05  8.203500E-05  7.574369E+01 -1.545602E+01
    10.2000    5.422406E-05  7.995480E-05  7.614351E+01 -1.550546E+01
    10.2500    7.092477E-05  7.787460E-05  7.654334E+01 -1.555490E+01
    10.3000    7.576905E-05  7.579440E-05  7.694316E+01 -1.560433E+01
    10.3500    6.861965E-05  7.371420E-05  7.734298E+01 -1.565377E+01
    10.4000    5.123777E-05  7.163400E-05  7.774280E+01 -1.570321E+01
    10.4500    2.690540E-05  6.955380E-05  7.814263E+01 -1.575264E+01
    10.5000   -1.776431E-07  6.747359E-05  7.854245E+01 -1.580208E+01
    10.5500   -2.561321E-05  6.539339E-05  7.894227E+01 -1.585152E+01
    10.6000   -4.551849E-05  6.331319E-05  7.934209E+01 -1.590096E+01
    10.6500   -5.711804E-05  6.123299E-05  7.974192E+01 -1.595039E+01
    10.7000   -5.912413E-05  5.915279E-05  8.014174E+01 -1.599983E+01
    10.7500   -5.185439E-05  5.707259E-05  8.054156E+01 -1.604927E+01
    10.8000   -3.708164E-05  5.499239E-05  8.094139E+01 -1.609870E+01
    10.8500   -1.765552E-05  5.291219E-05  8.134121E+01 -1.614814E+01
    10.9000    3.028940E-06  5.083199E-05  8.174103E+01 -1.619758E+01
    10.9500    2.161903E-05  4.875178E-05  8.214085E+01 -1.624701E+01
    11.0000    3.534743E-05  4.667159E-05  8.254068E+01 -1.629645E+01
    11.0500    4.338009E-05  4.557698E-05  8.294046E+01 -1.634593E+01
    11.1000    4.431014E-05  4.448237E-05  8.334023E+01 -1.639541E+01
    11.1500    3.832716E-05  4.338776E-05  8.374001E+01 -1.644490E+01
    11.2000    2.669914E-05  4.229315E-05  8.413979E+01 -1.649438E+01
    11.2500    1.152136E-05  4.119854E-05  8.453957E+01 -1.654386E+01
    11.3000   -4.655322E-06  4.010393E-05  8.493935E+01 -1.659334E+01
    11.3500   -1.925152E-05  3.900932E-05  8.533912E+01 -1.664282E+01
    11.4000   -3.007057E-05  3.791471E-05  8.573890E+01 -1.669230E+01
    11.4500   -3.562836E-05  3.682010E-05  8.613868E+01 -1.674178E+01
    11.5000   -3.535234E-05  3.572549E-05  8.653846E+01 -1.679127E+01
    11.5500   -2.962390E-05  3.463088E-05  8.693824E+01 -1.684075E+01
    11.6000   -1.966495E-05  3.353627E-05  8.733801E+01 -1.689023E+01
    11.6500   -7.294938E-06  3.244166E-05  8.773779E+01 -1.693971E+01
    11.7000    5.395267E-06  3.134705E-05  8.813757E+01 -1.698919E+01
    11.7500    1.639525E-05  3.025244E-05  8.853735E+01 -1.703867E+01
    11.8000    2.409352E-05  2.915783E-05  8.893713E+01 -1.708816E+01
    11.8500    2.751223E-05  2.806322E-05  8.933690E+01 -1.713764E+01
    11.9000    2.642409E-05  2.696861E-05  8.973668E+01 -1.718712E+01
    11.9500    2.133910E-05  2.587400E-05  9.013646E+01 -1.723660E+01
    12.0000    1.337069E-05  2.477939E-05  9.053624E+01 -1.728608E+01
    12.0500    4.003495E-06  2.420366E-05  9.094001E+01 -1.733157E+01
    12.1000   -5.561429E-06  2.362794E-05  9.134379E+01 -1.737705E+01
    12.1500   -1.379221E-05  2.305222E-05  9.174757E+01 -1.742253E+01
    12.2000   -1.944225E-05  2.247649E-05  9.215135E+01 -1.746801E+01
    12.2500   -2.173835E-05  2.190077E-05  9.255512E+01 -1.751350E+01
    12.3000   -2.048322E-05  2.132504E-05  9.295890E+01 -1.755898E+01
    12.3500   -1.605958E-05  2.074932E-05  9.336268E+01 -1.760446E+01
    12.4000   -9.339486E-06  2.017360E-05  9.376645E+01 -1.764995E+01
    12.4500   -1.518298E-06  1.959787E-05  9.417023E+01 -1.769543E+01
    12.5000    6.096045E-06  1.902215E-05  9.457401E+01 -1.774091E+01
    12.5500    1.230141E-05  1.844643E-05  9.497778E+01 -1.778639E+01
    12.6000    1.619119E-05  1.787070E-05  9.538156E+01 -1.783188E+01
    12.6500    1.728543E-05  1.729498E-05  9.578534E+01 -1.787736E+01
    12.7000    1.558457E-05  1.671926E-05  9.618911E+01 -1.792284E+01
    12.7500    1.154102E-05  1.614353E-05  9.659289E+01 -1.796833E+01
    12.8000    5.957628E-06  1.556781E-05  9.699667E+01 -1.801381E+01
    12.8500   -1.659855E-07  1.499208E-05  9.740044E+01 -1.805929E+01
    12.9000   -5.810534E-06  1.441636E-05  9.780422E+01 -1.810477E+01
    12.9500   -1.010654E-05  1.384064E-05  9.820800E+01 -1.815026E+01
    13.0000   -1.246799E-05  1.326491E-05  9.861177E+01 -1.819574E+01
    13.0500   -1.298754E-05  1.301498E-05  9.902511E+01 -1.823166E+01
    13.1000   -1.133261E-05  1.276504E-05  9.943846E+01 -1.826758E+01
    13.1500   -7.861327E-06  1.251511E-05  9.985180E+01 -1.830350E+01
    13.2000   -3.222177E-06  1.226517E-05  1.002651E+02 -1.833942E+01
    13.2500    1.765959E-06  1.201523E-05  1.006785E+02 -1.837534E+01
    13.3000    6.258048E-06  1.176530E-05  1.010918E+02 -1.841126E+01
    13.3500    9.526061E-06  1.151536E-05  1.015052E+02 -1.844718E+01
    13.4000    1.107678E-05  1.126543E-05  1.019185E+02 -1.848309E+01
    13.4500    1.072522E-05  1.101549E-05  1.023318E+02 -1.851901E+01
    13.5000    8.612994E-06  1.076556E-05  1.027452E+02 -1.855493E+01
    13.5500    5.170521E-06  1.051562E-05  1.031585E+02 -1.859085E+01
    13.6000    1.032004E-06  1.026569E-05  1.035719E+02 -1.862677E+01
    13.6500   -3.080568E-06  1.001575E-05  1.039852E+02 -1.866269E+01
    13.7000   -6.483225E-06  9.765814E-06  1.043985E+02 -1.869861E+01
    13.7500   -8.643746E-06  9.515878E-06  1.048119E+02 -1.873453E+01
    13.8000   -9.264419E-06  9.265943E-06  1.052252E+02 -1.877045E+01
    13.8500   -8.321030E-06  9.016007E-06  1.056386E+02 -1.880637E+01
    13.9000   -6.053419E-06  8.766071E-06  1.060519E+02 -1.884229E+01
    13.9500   -2.911445E-06  8.516136E-06  1.064652E+02 -1.887821E+01
    14.0000    5.322228E-07  8.266200E-06  1.068786E+02 -1.891413E+01
    14.0500    3.446838E-06  8.386441E-06  1.072377E+02 -1.900426E+01
    14.1000    5.998726E-06  8.506683E-06  1.075968E+02 -1.909440E+01
    14.1500    7.845171E-06  8.626924E-06  1.079559E+02 -1.918454E+01
    14.2000    8.725818E-06  8.747165E-06  1.083151E+02 -1.927468E+01
    14.2500    8.499051E-06  8.867406E-06  1.086742E+02 -1.936481E+01
    14.3000    7.163795E-06  8.987648E-06  1.090333E+02 -1.945495E+01
    14.3500    4.863481E-06  9.107889E-06  1.093924E+02 -1.954509E+01
    14.4000    1.871182E-06  9.228130E-06  1.097516E+02 -1.963523E+01
    14.4500   -1.442620E-06  9.348371E-06  1.101107E+02 -1.972536E+01
    14.5000   -4.655866E-06  9.468613E-06  1.104698E+02 -1.981550E+01
    14.5500   -7.348672E-06  9.588854E-06  1.108289E+02 -1.990564E+01
    14.6000   -9.158164E-06  9.709095E-06  1.111880E+02 -1.999578E+01
    14.6500   -9.827245E-06  9.829336E-06  1.115472E+02 -2.008591E+01
    14.7000   -9.240738E-06  9.949578E-06  1.119063E+02 -2.017605E+01
    14.7500   -7.443888E-06  1.006982E-05  1.122654E+02 -2.026619E+01
    14.8000   -4.640363E-06  1.019006E-05  1.126245E+02 -2.035633E+01
    14.8500   -1.169535E-06  1.031030E-05  1.129837E+02 -2.044646E+01
    14.9000    2.534485E-06  1.043054E-05  1.133428E+02 -2.053660E+01
    14.9500    5.997119E-06  1.055078E-05  1.137019E+02 -2.062674E+01
    15.0000    8.764132E-06  1.067103E-05  1.140610E+02 -2.071688E+01
    15.0500    1.150184E-05  1.150339E-05  1.146517E+02 -2.057547E+01
    15.1000    1.035725E-05  1.233576E-05  1.152424E+02 -2.043406E+01
    15.1500    5.199391E-06  1.316813E-05  1.158330E+02 -2.029265E+01
    15.2000   -2.572133E-06  1.400049E-05  1.164237E+02 -2.015124E+01
    15.2500   -1.038339E-05  1.483286E-05  1.170144E+02 -2.000984E+01
    15.3000   -1.533819E-05  1.566523E-05  1.176050E+02 -1.986843E+01
    15.3500   -1.528391E-05  1.649760E-05  1.181957E+02 -1.972702E+01
    15.4000   -9.701469E-06  1.732996E-05  1.187864E+02 -1.958561E+01
    15.4500   -6.334299E-08  1.816233E-05  1.193770E+02 -1.944420E+01
    15.5000    1.052336E-05  1.899470E-05  1.199677E+02 -1.930280E+01
    15.5500    1.831592E-05  1.982706E-05  1.205584E+02 -1.916139E+01
    15.6000    2.025693E-05  2.065943E-05  1.211490E+02 -1.901998E+01
    15.6500    1.515151E-05  2.149180E-05  1.217397E+02 -1.887857E+01
    15.7000    4.254299E-06  2.232416E-05  1.223304E+02 -1.873716E+01
    15.7500   -8.994659E-06  2.315653E-05  1.229210E+02 -1.859576E+01
    15.8000   -2.004999E-05  2.398890E-05  1.235117E+02 -1.845435E+01
    15.8500   -2.482015E-05  2.482126E-05  1.241024E+02 -1.831294E+01
    15.9000   -2.117094E-05  2.565363E-05  1.246930E+02 -1.817153E+01
    15.9500   -9.824110E-06  2.648600E-05  1.252837E+02 -1.803012E+01
    16.0000    5.712682E-06  2.731837E-05  1.258744E+02 -1.788872E+01
    16.0500    1.448316E-05  2.856247E-05  1.261955E+02 -1.801687E+01
    16.1000    2.244992E-05  2.980658E-05  1.265166E+02 -1.814501E+01
    16.1500    2.863822E-05  3.105068E-05  1.268377E+02 -1.827316E+01
    16.2000    3.220235E-05  3.229479E-05  1.271588E+02 -1.840131E+01
    16.2500    3.253382E-05  3.353889E-05  1.274799E+02 -1.852946E+01
    16.3000    2.934855E-05  3.478299E-05  1.278010E+02 -1.865761E+01
    16.3500    2.274148E-05  3.602710E-05  1.281222E+02 -1.878575E+01
    16.4000    1.320047E-05  3.727120E-05  1.284433E+02 -1.891390E+01
    16.4500    1.575545E-06  3.851531E-05  1.287644E+02 -1.904205E+01
    16.5000   -1.099512E-05  3.975941E-05  1.290855E+02 -1.917020E+01
    16.5500   -2.319646E-05  4.100352E-05  1.294066E+02 -1.929835E+01
    16.6000   -3.367402E-05  4.224762E-05  1.297277E+02 -1.942650E+01
    16.6500   -4.118336E-05  4.349173E-05  1.300488E+02 -1.955464E+01
    16.7000   -4.473498E-05  4.473583E-05  1.303699E+02 -1.968279E+01
    16.7500   -4.371820E-05  4.597993E-05  1.306910E+02 -1.981094E+01
    16.8000   -3.798884E-05  4.722404E-05  1.310122E+02 -1.993909E+01
    16.8500   -2.790938E-05  4.846814E-05  1.313333E+02 -2.006724E+01
    16.9000   -1.433469E-05  4.971225E-05  1.316544E+02 -2.019538E+01
    16.9500    1.457403E-06  5.095635E-05  1.319755E+02 -2.032353E+01
    17.0000    1.788552E-05  5.220046E-05  1.322966E+02 -2.045168E+01
    17.0500    3.336435E-05  5.214257E-05  1.326412E+02 -2.055633E+01
    17.1000    4.488996E-05  5.208466E-05  1.329858E+02 -2.066098E+01
    17.1500    5.111732E-05  5.202676E-05  1.333304E+02 -2.076563E+01
    17.2000    5.132675E-05  5.196886E-05  1.336750E+02 -2.087028E+01
    17.2500    4.550704E-05  5.191095E-05  1.340197E+02 -2.097493E+01
    17.3000    3.435519E-05  5.185305E-05  1.343643E+02 -2.107958E+01
    17.3500    1.919297E-05  5.179514E-05  1.347089E+02 -2.118423E+01
    17.4000    1.810279E-06  5.173724E-05  1.350535E+02 -2.128888E+01
    17.4500   -1.574618E-05  5.167934E-05  1.353981E+02 -2.139353E+01
    17.5000   -3.141385E-05  5.162143E-05  1.357427E+02 -2.149818E+01
    17.5500   -4.335666E-05  5.156353E-05  1.360873E+02 -2.160283E+01
    17.6000   -5.018019E-05  5.150562E-05  1.364319E+02 -2.170748E+01
    17.6500   -5.109445E-05  5.144772E-05  1.367765E+02 -2.181213E+01
    17.7000   -4.600532E-05  5.138982E-05  1.371211E+02 -2.191678E+01
    17.7500   -3.552407E-05  5.133191E-05  1.374658E+02 -2.202143E+01
    17.8000   -2.089395E-05  5.127401E-05  1.378104E+02 -2.212608E+01
    17.8500   -3.842733E-06  5.121610E-05  1.381550E+02 -2.223073E+01
    17.9000    1.362132E-05  5.115820E-05  1.384996E+02 -2.233538E+01
    17.9500    2.944599E-05  5.110030E-05  1.388442E+02 -2.244003E+01
    18.0000    4.177627E-05  5.104239E-05  1.391888E+02 -2.254467E+01
    18.0500    4.926650E-05  5.086342E-05  1.395496E+02 -2.263311E+01
    18.1000    5.038046E-05  5.068445E-05  1.399105E+02 -2.272155E+01
    18.1500    4.501993E-05  5.050548E-05  1.402713E+02 -2.280999E+01
    18.2000    3.391872E-05  5.032651E-05  1.406321E+02 -2.289842E+01
    18.2500    1.854260E-05  5.014754E-05  1.409929E+02 -2.298686E+01
    18.3000    8.958596E-07  4.996857E-05  1.413537E+02 -2.307530E+01
    18.3500   -1.673991E-05  4.978960E-05  1.417146E+02 -2.316374E+01
    18.4000   -3.210079E-05  4.961063E-05  1.420754E+02 -2.325217E+01
    18.4500   -4.323119E-05  4.943166E-05  1.424362E+02 -2.334061E+01
    18.5000   -4.873272E-05  4.925269E-05  1.427970E+02 -2.342905E+01
    18.5500   -4.793983E-05  4.907372E-05  1.431579E+02 -2.351749E+01
    18.6000   -4.099995E-05  4.889475E-05  1.435187E+02 -2.360592E+01
    18.6500   -2.884869E-05  4.871578E-05  1.438795E+02 -2.369436E+01
    18.7000   -1.308395E-05  4.853681E-05  1.442403E+02 -2.378280E+01
    18.7500    4.244143E-06  4.835784E-05  1.446011E+02 -2.387124E+01
    18.8000    2.089976E-05  4.817887E-05  1.449620E+02 -2.395967E+01
    18.8500    3.474992E-05  4.799990E-05  1.453228E+02 -2.404811E+01
    18.9000    4.403759E-05  4.782093E-05  1.456836E+02 -2.413655E+01
    18.9500    4.760456E-05  4.764196E-05  1.460444E+02 -2.422499E+01
    19.0000    4.503570E-05  4.746299E-05  1.464053E+02 -2.431342E+01
    19.0500    3.684032E-05  4.766841E-05  1.467715E+02 -2.439639E+01
    19.1000    2.366377E-05  4.787383E-05  1.471378E+02 -2.447936E+01
    19.1500    7.219725E-06  4.807926E-05  1.475041E+02 -2.456233E+01
    19.2000   -1.032768E-05  4.828468E-05  1.478704E+02 -2.464530E+01
    19.2500   -2.664859E-05  4.849010E-05  1.482367E+02 -2.472827E+01
    19.3000   -3.955685E-05  4.869553E-05  1.486030E+02 -2.481124E+01
    19.3500   -4.730271E-05  4.890095E-05  1.489693E+02 -2.489421E+01
    19.4000   -4.881001E-05  4.910637E-05  1.493356E+02 -2.497718E+01
    19.4500   -4.382530E-05  4.931180E-05  1.497019E+02 -2.506015E+01
    19.5000   -3.295862E-05  4.951722E-05  1.500682E+02 -2.514312E+01
    19.5500   -1.760934E-05  4.972264E-05  1.504344E+02 -2.522609E+01
    19.6000    2.138654E-07  4.992807E-05  1.508007E+02 -2.530906E+01
    19.6500    1.815584E-05  5.013349E-05  1.511670E+02 -2.539203E+01
    19.7000    3.382615E-05  5.033891E-05  1.515333E+02 -2.547500E+01
    19.7500    4.511755E-05  5.054434E-05  1.518996E+02 -2.555797E+01
    19.8000    5.048932E-05  5.074976E-05  1.522659E+02 -2.564094E+01
    19.8500    4.917731E-05  5.095518E-05  1.526322E+02 -2.572391E+01
    19.9000    4.130217E-05  5.116061E-05  1.529985E+02 -2.580688E+01
    19.9500    2.786044E-05  5.136603E-05  1.533648E+02 -2.588985E+01
    20.0000    1.059870E-05  5.157145E-05  1.537311E+02 -2.597282E+01
