# xx                                                               FEFF 9.9.1
# POT  SCF 100  5.0000   0, core-hole, AFOLP (folp(0)= 1.150)
# Abs   Z=28 Rmt= 1.320 Rnm= 1.527 K  shell
# Pot 1 Z=28 Rmt= 1.302 Rnm= 1.519
# Pot 2 Z=30 Rmt= 1.280 Rnm= 1.497
# Pot 3 Z=19 Rmt= 2.061 Rnm= 2.170
# Pot 4 Z=17 Rmt= 1.374 Rnm= 1.582
# Gam_ch=1.576E+00 H-L exch Vi= 0.000E+00 Vr= 0.000E+00
# Mu=-7.123E+00eV kf=1.540E+00 Vint=-1.059E+01eV Rs_int= 2.355
# PATH  Rmax= 5.000,  Keep_limit= 0.00, Heap_limit 0.00  Pwcrit= 2.50%
 S02  1.000                                        Global sig2  0.00000
 Debye-waller factor    0.0000000000000000        0.0000000000000000     
 -----------------------------------------------------------------------
       k         chi           mag          phase        phase-2kr  @#
     0.0000    4.494009E-02  5.373680E-02  9.904998E-01  9.904998E-01
     0.0500    4.493200E-02  5.315835E-02  1.007029E+00  5.260350E-01
     0.1000    4.490142E-02  5.257991E-02  1.023559E+00  6.157018E-02
     0.1500    4.476776E-02  5.095507E-02  1.072867E+00 -3.701168E-01
     0.2000    4.444878E-02  4.933022E-02  1.122174E+00 -8.018037E-01
     0.2500    4.380962E-02  4.693929E-02  1.203566E+00 -1.201407E+00
     0.3000    4.274082E-02  4.454835E-02  1.284957E+00 -1.601010E+00
     0.3500    4.110409E-02  4.172249E-02  1.398410E+00 -1.968551E+00
     0.4000    3.882910E-02  3.889663E-02  1.511863E+00 -2.336093E+00
     0.4500    3.587422E-02  3.599966E-02  1.654302E+00 -2.674649E+00
     0.5000    3.226134E-02  3.310270E-02  1.796740E+00 -3.013205E+00
     0.5500    2.797637E-02  3.033675E-02  1.967876E+00 -3.323063E+00
     0.6000    2.323837E-02  2.757079E-02  2.139013E+00 -3.632921E+00
     0.6500    1.807226E-02  2.507879E-02  2.336898E+00 -3.916031E+00
     0.7000    1.288012E-02  2.258679E-02  2.534782E+00 -4.199140E+00
     0.7500    7.640036E-03  2.041436E-02  2.758007E+00 -4.456910E+00
     0.8000    2.912783E-03  1.824193E-02  2.981231E+00 -4.714681E+00
     0.8500   -1.418462E-03  1.638974E-02  3.228247E+00 -4.948659E+00
     0.9000   -4.761235E-03  1.453756E-02  3.475262E+00 -5.182638E+00
     0.9500   -7.357550E-03  1.297901E-02  3.744307E+00 -5.394588E+00
     1.0000   -8.741931E-03  1.142047E-02  4.013351E+00 -5.606538E+00
     1.0500   -9.286906E-03  1.011690E-02  4.304497E+00 -5.796387E+00
     1.1000   -8.753349E-03  8.813341E-03  4.595644E+00 -5.986235E+00
     1.1500   -7.579632E-03  7.727428E-03  4.908284E+00 -6.154589E+00
     1.2000   -5.801087E-03  6.641515E-03  5.220925E+00 -6.322943E+00
     1.2500   -3.816372E-03  5.745129E-03  5.556656E+00 -6.468206E+00
     1.3000   -1.847017E-03  4.848744E-03  5.892387E+00 -6.613470E+00
     1.3500   -1.441399E-04  4.107114E-03  6.248083E+00 -6.738768E+00
     1.4000    1.060566E-03  3.365485E-03  6.603779E+00 -6.864066E+00
     1.4500    1.770013E-03  2.767096E-03  6.977247E+00 -6.971593E+00
     1.5000    1.899813E-03  2.168707E-03  7.350714E+00 -7.079120E+00
     1.5500    1.697846E-03  1.710982E-03  7.729988E+00 -7.180841E+00
     1.6000    1.212642E-03  1.253257E-03  8.109262E+00 -7.282562E+00
     1.6500    7.762705E-04  9.421966E-04  8.456529E+00 -7.416289E+00
     1.7000    3.672160E-04  6.311360E-04  8.803797E+00 -7.550015E+00
     1.7500    1.745269E-04  4.695355E-04  9.043937E+00 -7.790870E+00
     1.8000    4.318386E-05  3.079350E-04  9.284077E+00 -8.031724E+00
     1.8500   -8.662426E-06  2.470897E-04  9.459843E+00 -8.336953E+00
     1.9000   -3.897583E-05  1.862445E-04  9.635609E+00 -8.642181E+00
     1.9500   -1.079571E-04  1.899980E-04  1.002910E+01 -8.729689E+00
     2.0000   -1.628062E-04  1.937515E-04  1.042258E+01 -8.817196E+00
     2.0500   -1.956789E-04  2.030626E-04  1.126607E+01 -8.454704E+00
     2.1000   -9.367638E-05  2.123736E-04  1.210956E+01 -8.092213E+00
     2.1500    8.359872E-05  2.216846E-04  1.295304E+01 -7.729722E+00
     2.2000    2.177228E-04  2.309957E-04  1.379653E+01 -7.367231E+00
     2.2500    2.510502E-04  2.628874E-04  1.443840E+01 -7.206355E+00
     2.3000    1.731185E-04  2.947791E-04  1.508027E+01 -7.045480E+00
     2.3500   -4.629724E-06  3.266707E-04  1.572214E+01 -6.884604E+00
     2.4000   -2.187180E-04  3.585624E-04  1.636401E+01 -6.723729E+00
     2.4500   -3.382412E-04  3.641257E-04  1.689943E+01 -6.669299E+00
     2.5000   -3.651942E-04  3.696889E-04  1.743486E+01 -6.614869E+00
     2.5500   -2.890482E-04  3.752522E-04  1.797028E+01 -6.560438E+00
     2.6000   -1.283787E-04  3.808155E-04  1.850570E+01 -6.506008E+00
     2.6500    6.416418E-05  3.752982E-04  1.902137E+01 -6.471339E+00
     2.7000    2.346588E-04  3.697810E-04  1.953703E+01 -6.436670E+00
     2.7500    3.399208E-04  3.642638E-04  2.005270E+01 -6.402001E+00
     2.8000    3.548243E-04  3.587465E-04  2.056836E+01 -6.367331E+00
     2.8500    2.795081E-04  3.536365E-04  2.107972E+01 -6.336970E+00
     2.9000    1.357472E-04  3.485265E-04  2.159107E+01 -6.306608E+00
     2.9500   -3.813651E-05  3.434165E-04  2.210243E+01 -6.276246E+00
     3.0000   -1.972931E-04  3.383065E-04  2.261378E+01 -6.245884E+00
     3.0500   -3.042522E-04  3.363799E-04  2.312133E+01 -6.219332E+00
     3.1000   -3.337043E-04  3.344532E-04  2.362888E+01 -6.192781E+00
     3.1500   -2.791481E-04  3.325266E-04  2.413642E+01 -6.166230E+00
     3.2000   -1.552307E-04  3.305999E-04  2.464397E+01 -6.139678E+00
     3.2500    2.913809E-06  3.322811E-04  2.514151E+01 -6.123131E+00
     3.3000    1.619565E-04  3.339622E-04  2.563905E+01 -6.106583E+00
     3.3500    2.831308E-04  3.356434E-04  2.613659E+01 -6.090036E+00
     3.4000    3.365125E-04  3.373246E-04  2.663414E+01 -6.073489E+00
     3.4500    3.133332E-04  3.420212E-04  2.711604E+01 -6.072583E+00
     3.5000    2.170413E-04  3.467179E-04  2.759794E+01 -6.071678E+00
     3.5500    6.791932E-05  3.514146E-04  2.807984E+01 -6.070772E+00
     3.6000   -1.009439E-04  3.561112E-04  2.856174E+01 -6.069867E+00
     3.6500   -2.461243E-04  3.613754E-04  2.902357E+01 -6.089031E+00
     3.7000   -3.431711E-04  3.666396E-04  2.948540E+01 -6.108196E+00
     3.7500   -3.699673E-04  3.719038E-04  2.994723E+01 -6.127361E+00
     3.8000   -3.187688E-04  3.771680E-04  3.040905E+01 -6.146525E+00
     3.8500   -2.034851E-04  3.807413E-04  3.085208E+01 -6.184499E+00
     3.9000   -4.632367E-05  3.843145E-04  3.129510E+01 -6.222472E+00
     3.9500    1.228230E-04  3.878877E-04  3.173812E+01 -6.260446E+00
     4.0000    2.711611E-04  3.914609E-04  3.218114E+01 -6.298420E+00
     4.0500    3.633716E-04  3.911621E-04  3.260750E+01 -6.353049E+00
     4.1000    3.904290E-04  3.908634E-04  3.303387E+01 -6.407679E+00
     4.1500    3.475919E-04  3.905646E-04  3.346023E+01 -6.462308E+00
     4.2000    2.426312E-04  3.902658E-04  3.388660E+01 -6.516938E+00
     4.2500    9.887431E-05  3.871732E-04  3.429928E+01 -6.585247E+00
     4.3000   -5.908569E-05  3.840807E-04  3.471197E+01 -6.653556E+00
     4.3500   -2.046737E-04  3.809881E-04  3.512465E+01 -6.721865E+00
     4.4000   -3.138035E-04  3.778955E-04  3.553734E+01 -6.790174E+00
     4.4500   -3.664587E-04  3.729255E-04  3.594181E+01 -6.866694E+00
     4.5000   -3.592488E-04  3.679556E-04  3.634629E+01 -6.943213E+00
     4.5500   -2.949087E-04  3.629856E-04  3.675076E+01 -7.019733E+00
     4.6000   -1.852564E-04  3.580156E-04  3.715524E+01 -7.096253E+00
     4.6500   -4.917814E-05  3.508090E-04  3.755846E+01 -7.174023E+00
     4.7000    8.918860E-05  3.436024E-04  3.796169E+01 -7.251793E+00
     4.7500    2.077879E-04  3.363959E-04  3.836491E+01 -7.329563E+00
     4.8000    2.886107E-04  3.291893E-04  3.876814E+01 -7.407334E+00
     4.8500    3.197303E-04  3.212373E-04  3.917301E+01 -7.483456E+00
     4.9000    2.985453E-04  3.132853E-04  3.957788E+01 -7.559579E+00
     4.9500    2.309862E-04  3.053332E-04  3.998275E+01 -7.635702E+00
     5.0000    1.301749E-04  2.973812E-04  4.038762E+01 -7.711824E+00
     5.0500    1.286022E-05  2.888222E-04  4.079616E+01 -7.784279E+00
     5.1000   -9.977748E-05  2.802631E-04  4.120470E+01 -7.856734E+00
     5.1500   -1.896373E-04  2.717041E-04  4.161324E+01 -7.929189E+00
     5.2000   -2.434134E-04  2.631450E-04  4.202178E+01 -8.001643E+00
     5.2500   -2.540598E-04  2.541343E-04  4.243572E+01 -8.068703E+00
     5.3000   -2.219687E-04  2.451236E-04  4.284965E+01 -8.135763E+00
     5.3500   -1.554602E-04  2.361129E-04  4.326359E+01 -8.202823E+00
     5.4000   -6.814869E-05  2.271022E-04  4.367752E+01 -8.269883E+00
     5.4500    2.472766E-05  2.187374E-04  4.409559E+01 -8.332812E+00
     5.5000    1.065962E-04  2.103726E-04  4.451365E+01 -8.395741E+00
     5.5500    1.642482E-04  2.020079E-04  4.493172E+01 -8.458670E+00
     5.6000    1.896547E-04  1.936431E-04  4.534978E+01 -8.521599E+00
     5.6500    1.815670E-04  1.859785E-04  4.577133E+01 -8.581042E+00
     5.7000    1.430469E-04  1.783138E-04  4.619289E+01 -8.640485E+00
     5.7500    8.322555E-05  1.706492E-04  4.661444E+01 -8.699928E+00
     5.8000    1.430812E-05  1.629845E-04  4.703599E+01 -8.759371E+00
     5.8500   -5.149386E-05  1.563270E-04  4.745956E+01 -8.816798E+00
     5.9000   -1.030274E-04  1.496695E-04  4.788312E+01 -8.874225E+00
     5.9500   -1.323818E-04  1.430120E-04  4.830669E+01 -8.931652E+00
     6.0000   -1.362682E-04  1.363544E-04  4.873026E+01 -8.989078E+00
     6.0500   -1.174089E-04  1.310416E-04  4.915488E+01 -9.045453E+00
     6.1000   -7.964094E-05  1.257287E-04  4.957950E+01 -9.101828E+00
     6.1500   -3.111530E-05  1.204159E-04  5.000412E+01 -9.158203E+00
     6.2000    1.870785E-05  1.151030E-04  5.042874E+01 -9.214577E+00
     6.2500    6.088900E-05  1.097902E-04  5.085336E+01 -9.270952E+00
     6.3000    8.861309E-05  1.044773E-04  5.127798E+01 -9.327327E+00
     6.3500    9.827972E-05  9.916447E-05  5.170260E+01 -9.383702E+00
     6.4000    8.990752E-05  9.385162E-05  5.212722E+01 -9.440076E+00
     6.4500    6.682263E-05  8.853876E-05  5.255184E+01 -9.496451E+00
     6.5000    3.474125E-05  8.322591E-05  5.297646E+01 -9.552826E+00
     6.5500    1.796184E-08  7.918003E-05  5.340685E+01 -9.603428E+00
     6.6000   -3.133250E-05  7.513414E-05  5.383724E+01 -9.654031E+00
     6.6500   -5.389953E-05  7.108826E-05  5.426763E+01 -9.704634E+00
     6.7000   -6.443427E-05  6.704238E-05  5.469802E+01 -9.755236E+00
     6.7500   -6.228398E-05  6.299650E-05  5.512842E+01 -9.805839E+00
     6.8000   -4.927973E-05  5.895061E-05  5.555881E+01 -9.856442E+00
     6.8500   -2.913990E-05  5.490473E-05  5.598920E+01 -9.907044E+00
     6.9000   -6.546473E-06  5.085885E-05  5.641959E+01 -9.957647E+00
     6.9500    1.389299E-05  4.681297E-05  5.684998E+01 -1.000825E+01
     7.0000    2.857443E-05  4.276709E-05  5.728037E+01 -1.005885E+01
     7.0500    3.740953E-05  4.000781E-05  5.775708E+01 -1.006314E+01
     7.1000    3.700536E-05  3.724854E-05  5.823379E+01 -1.006742E+01
     7.1500    2.863859E-05  3.448926E-05  5.871050E+01 -1.007171E+01
     7.2000    1.529699E-05  3.172999E-05  5.918721E+01 -1.007599E+01
     7.2500    7.629816E-07  2.897071E-05  5.966392E+01 -1.008028E+01
     7.3000   -1.140980E-05  2.621144E-05  6.014063E+01 -1.008456E+01
     7.3500   -1.875869E-05  2.345216E-05  6.061734E+01 -1.008885E+01
     7.4000   -2.040498E-05  2.069289E-05  6.109405E+01 -1.009313E+01
     7.4500   -1.708042E-05  1.793362E-05  6.157076E+01 -1.009742E+01
     7.5000   -1.071901E-05  1.517434E-05  6.204747E+01 -1.010170E+01
     7.5500   -3.307928E-06  1.506043E-05  6.261040E+01 -1.001976E+01
     7.6000    5.005419E-06  1.494651E-05  6.317334E+01 -9.937821E+00
     7.6500    1.165944E-05  1.483259E-05  6.373628E+01 -9.855879E+00
     7.7000    1.464001E-05  1.471868E-05  6.429921E+01 -9.773937E+00
     7.7500    1.308987E-05  1.460476E-05  6.486215E+01 -9.691995E+00
     7.8000    7.553903E-06  1.449085E-05  6.542509E+01 -9.610053E+00
     7.8500   -2.095646E-07  1.437693E-05  6.598802E+01 -9.528111E+00
     7.9000   -7.786782E-06  1.426301E-05  6.655096E+01 -9.446169E+00
     7.9500   -1.285900E-05  1.414910E-05  6.711390E+01 -9.364227E+00
     8.0000   -1.391199E-05  1.403518E-05  6.767683E+01 -9.282285E+00
     8.0500   -1.216013E-05  1.470134E-05  6.814103E+01 -9.299080E+00
     8.1000   -7.499484E-06  1.536750E-05  6.860523E+01 -9.315875E+00
     8.1500   -7.310089E-07  1.603367E-05  6.906943E+01 -9.332670E+00
     8.2000    6.788047E-06  1.669983E-05  6.953363E+01 -9.349465E+00
     8.2500    1.341547E-05  1.736599E-05  6.999783E+01 -9.366260E+00
     8.3000    1.758243E-05  1.803215E-05  7.046203E+01 -9.383055E+00
     8.3500    1.816063E-05  1.869831E-05  7.092623E+01 -9.399849E+00
     8.4000    1.475331E-05  1.936447E-05  7.139043E+01 -9.416644E+00
     8.4500    7.837243E-06  2.003063E-05  7.185463E+01 -9.433439E+00
     8.5000   -1.286430E-06  2.069680E-05  7.231883E+01 -9.450234E+00
     8.5500   -9.921285E-06  2.086069E-05  7.275227E+01 -9.497782E+00
     8.6000   -1.684227E-05  2.102458E-05  7.318572E+01 -9.545330E+00
     8.6500   -2.073063E-05  2.118846E-05  7.361917E+01 -9.592878E+00
     8.7000   -2.081326E-05  2.135235E-05  7.405261E+01 -9.640426E+00
     8.7500   -1.701568E-05  2.151624E-05  7.448606E+01 -9.687973E+00
     8.8000   -9.986747E-06  2.168013E-05  7.491951E+01 -9.735521E+00
     8.8500   -9.885436E-07  2.184402E-05  7.535295E+01 -9.783069E+00
     8.9000    8.330019E-06  2.200791E-05  7.578640E+01 -9.830617E+00
     8.9500    1.623534E-05  2.217179E-05  7.621985E+01 -9.878165E+00
     9.0000    2.123165E-05  2.233568E-05  7.665329E+01 -9.925713E+00
     9.0500    2.215613E-05  2.230396E-05  7.708422E+01 -9.975781E+00
     9.1000    1.903258E-05  2.227225E-05  7.751515E+01 -1.002585E+01
     9.1500    1.244285E-05  2.224053E-05  7.794607E+01 -1.007592E+01
     9.2000    3.599997E-06  2.220881E-05  7.837700E+01 -1.012598E+01
     9.2500   -5.874934E-06  2.217709E-05  7.880793E+01 -1.017605E+01
     9.3000   -1.425013E-05  2.214538E-05  7.923885E+01 -1.022612E+01
     9.3500   -1.999952E-05  2.211366E-05  7.966978E+01 -1.027619E+01
     9.4000   -2.208086E-05  2.208194E-05  8.010071E+01 -1.032625E+01
     9.4500   -2.012462E-05  2.205022E-05  8.053163E+01 -1.037632E+01
     9.5000   -1.449959E-05  2.201850E-05  8.096256E+01 -1.042639E+01
     9.5500   -6.244743E-06  2.179162E-05  8.139077E+01 -1.047918E+01
     9.6000    2.957241E-06  2.156473E-05  8.181898E+01 -1.053196E+01
     9.6500    1.143857E-05  2.133785E-05  8.224718E+01 -1.058475E+01
     9.7000    1.769529E-05  2.111096E-05  8.267539E+01 -1.063754E+01
     9.7500    2.065390E-05  2.088407E-05  8.310360E+01 -1.069032E+01
     9.8000    1.985498E-05  2.065719E-05  8.353181E+01 -1.074311E+01
     9.8500    1.552271E-05  2.043030E-05  8.396001E+01 -1.079590E+01
     9.9000    8.509904E-06  2.020341E-05  8.438822E+01 -1.084869E+01
     9.9500    1.312999E-07  1.997653E-05  8.481643E+01 -1.090147E+01
    10.0000   -8.082593E-06  1.974964E-05  8.524464E+01 -1.095426E+01
    10.0500   -1.465069E-05  1.946246E-05  8.567526E+01 -1.100463E+01
    10.1000   -1.838595E-05  1.917527E-05  8.610588E+01 -1.105501E+01
    10.1500   -1.869610E-05  1.888809E-05  8.653650E+01 -1.110538E+01
    10.2000   -1.562672E-05  1.860090E-05  8.696712E+01 -1.115576E+01
    10.2500   -9.834161E-06  1.831372E-05  8.739774E+01 -1.120613E+01
    10.3000   -2.448288E-06  1.802653E-05  8.782836E+01 -1.125651E+01
    10.3500    5.147067E-06  1.773935E-05  8.825898E+01 -1.130688E+01
    10.4000    1.157319E-05  1.745216E-05  8.868960E+01 -1.135725E+01
    10.4500    1.570676E-05  1.716498E-05  8.912022E+01 -1.140763E+01
    10.5000    1.687578E-05  1.687779E-05  8.955084E+01 -1.145800E+01
    10.5500    1.496723E-05  1.659061E-05  8.998146E+01 -1.150838E+01
    10.6000    1.042931E-05  1.630343E-05  9.041208E+01 -1.155875E+01
    10.6500    4.171433E-06  1.601624E-05  9.084270E+01 -1.160913E+01
    10.7000   -2.616603E-06  1.572906E-05  9.127332E+01 -1.165950E+01
    10.7500   -8.690463E-06  1.544187E-05  9.170394E+01 -1.170987E+01
    10.8000   -1.297938E-05  1.515469E-05  9.213456E+01 -1.176025E+01
    10.8500   -1.477468E-05  1.486750E-05  9.256518E+01 -1.181062E+01
    10.9000   -1.384557E-05  1.458032E-05  9.299580E+01 -1.186100E+01
    10.9500   -1.046362E-05  1.429313E-05  9.342642E+01 -1.191137E+01
    11.0000   -5.334484E-06  1.400595E-05  9.385704E+01 -1.196175E+01
    11.0500    5.735070E-07  1.376927E-05  9.428944E+01 -1.201034E+01
    11.1000    6.177741E-06  1.353260E-05  9.472185E+01 -1.205893E+01
    11.1500    1.046831E-05  1.329592E-05  9.515425E+01 -1.210752E+01
    11.2000    1.270960E-05  1.305925E-05  9.558665E+01 -1.215611E+01
    11.2500    1.256575E-05  1.282257E-05  9.601906E+01 -1.220470E+01
    11.3000    1.014833E-05  1.258590E-05  9.645146E+01 -1.225329E+01
    11.3500    5.980158E-06  1.234922E-05  9.688386E+01 -1.230188E+01
    11.4000    8.847204E-07  1.211255E-05  9.731627E+01 -1.235048E+01
    11.4500   -4.175745E-06  1.187588E-05  9.774867E+01 -1.239907E+01
    11.5000   -8.281857E-06  1.163920E-05  9.818107E+01 -1.244766E+01
    11.5500   -1.072409E-05  1.140253E-05  9.861348E+01 -1.249625E+01
    11.6000   -1.112486E-05  1.116585E-05  9.904588E+01 -1.254484E+01
    11.6500   -9.494778E-06  1.092918E-05  9.947828E+01 -1.259343E+01
    11.7000   -6.215155E-06  1.069250E-05  9.991068E+01 -1.264202E+01
    11.7500   -1.952870E-06  1.045583E-05  1.003431E+02 -1.269061E+01
    11.8000    2.474025E-06  1.021915E-05  1.007755E+02 -1.273921E+01
    11.8500    6.253050E-06  9.982476E-06  1.012079E+02 -1.278780E+01
    11.9000    8.726408E-06  9.745801E-06  1.016403E+02 -1.283639E+01
    11.9500    9.505111E-06  9.509126E-06  1.020727E+02 -1.288498E+01
    12.0000    8.528373E-06  9.272451E-06  1.025051E+02 -1.293357E+01
    12.0500    6.095819E-06  9.073008E-06  1.029358E+02 -1.298383E+01
    12.1000    2.673044E-06  8.873566E-06  1.033666E+02 -1.303410E+01
    12.1500   -1.079227E-06  8.674123E-06  1.037973E+02 -1.308436E+01
    12.2000   -4.469092E-06  8.474681E-06  1.042280E+02 -1.313462E+01
    12.2500   -6.901038E-06  8.275238E-06  1.046588E+02 -1.318488E+01
    12.3000   -7.980397E-06  8.075796E-06  1.050895E+02 -1.323515E+01
    12.3500   -7.576380E-06  7.876353E-06  1.055202E+02 -1.328541E+01
    12.4000   -5.833842E-06  7.676911E-06  1.059510E+02 -1.333567E+01
    12.4500   -3.133842E-06  7.477468E-06  1.063817E+02 -1.338593E+01
    12.5000   -1.256961E-08  7.278026E-06  1.068124E+02 -1.343620E+01
    12.5500    2.944450E-06  7.078583E-06  1.072432E+02 -1.348646E+01
    12.6000    5.212124E-06  6.879141E-06  1.076739E+02 -1.353672E+01
    12.6500    6.418955E-06  6.679698E-06  1.081046E+02 -1.358698E+01
    12.7000    6.407098E-06  6.480256E-06  1.085354E+02 -1.363725E+01
    12.7500    5.249752E-06  6.280813E-06  1.089661E+02 -1.368751E+01
    12.8000    3.224817E-06  6.081371E-06  1.093968E+02 -1.373777E+01
    12.8500    7.519794E-07  5.881928E-06  1.098275E+02 -1.378803E+01
    12.9000   -1.693047E-06  5.682486E-06  1.102583E+02 -1.383830E+01
    12.9500   -3.669805E-06  5.483043E-06  1.106890E+02 -1.388856E+01
    13.0000   -4.852421E-06  5.283601E-06  1.111197E+02 -1.393882E+01
    13.0500   -5.062953E-06  5.064729E-06  1.115530E+02 -1.398653E+01
    13.1000   -4.342630E-06  4.845858E-06  1.119863E+02 -1.403424E+01
    13.1500   -2.901268E-06  4.626987E-06  1.124196E+02 -1.408195E+01
    13.2000   -1.066871E-06  4.408115E-06  1.128529E+02 -1.412966E+01
    13.2500    7.863780E-07  4.189244E-06  1.132862E+02 -1.417737E+01
    13.3000    2.313769E-06  3.970372E-06  1.137195E+02 -1.422508E+01
    13.3500    3.264180E-06  3.751501E-06  1.141527E+02 -1.427279E+01
    13.4000    3.520729E-06  3.532630E-06  1.145860E+02 -1.432049E+01
    13.4500    3.111512E-06  3.313758E-06  1.150193E+02 -1.436820E+01
    13.5000    2.190457E-06  3.094887E-06  1.154526E+02 -1.441591E+01
    13.5500    9.944038E-07  2.876015E-06  1.158859E+02 -1.446362E+01
    13.6000   -2.129794E-07  2.657144E-06  1.163192E+02 -1.451133E+01
    13.6500   -1.197803E-06  2.438273E-06  1.167525E+02 -1.455904E+01
    13.7000   -1.801169E-06  2.219401E-06  1.171857E+02 -1.460675E+01
    13.7500   -1.964264E-06  2.000530E-06  1.176190E+02 -1.465446E+01
    13.8000   -1.729492E-06  1.781658E-06  1.180523E+02 -1.470217E+01
    13.8500   -1.219228E-06  1.562787E-06  1.184856E+02 -1.474988E+01
    13.9000   -5.986031E-07  1.343916E-06  1.189189E+02 -1.479758E+01
    13.9500   -3.189601E-08  1.125044E-06  1.193522E+02 -1.484529E+01
    14.0000    3.569914E-07  9.061728E-07  1.197855E+02 -1.489300E+01
    14.0500    8.520701E-07  1.085993E-06  1.202826E+02 -1.487688E+01
    14.1000    1.247217E-06  1.265814E-06  1.207797E+02 -1.486075E+01
    14.1500    1.369729E-06  1.445635E-06  1.212768E+02 -1.484463E+01
    14.2000    1.105812E-06  1.625455E-06  1.217739E+02 -1.482850E+01
    14.2500    4.484948E-07  1.805276E-06  1.222710E+02 -1.481238E+01
    14.3000   -4.835282E-07  1.985096E-06  1.227682E+02 -1.479625E+01
    14.3500   -1.464844E-06  2.164917E-06  1.232653E+02 -1.478013E+01
    14.4000   -2.217839E-06  2.344738E-06  1.237624E+02 -1.476400E+01
    14.4500   -2.489597E-06  2.524558E-06  1.242595E+02 -1.474788E+01
    14.5000   -2.130229E-06  2.704379E-06  1.247566E+02 -1.473175E+01
    14.5500   -1.149513E-06  2.884200E-06  1.252538E+02 -1.471563E+01
    14.6000    2.667777E-07  3.064020E-06  1.257509E+02 -1.469950E+01
    14.6500    1.789347E-06  3.243841E-06  1.262480E+02 -1.468338E+01
    14.7000    3.021808E-06  3.423661E-06  1.267451E+02 -1.466725E+01
    14.7500    3.603374E-06  3.603482E-06  1.272422E+02 -1.465113E+01
    14.8000    3.311307E-06  3.783303E-06  1.277394E+02 -1.463500E+01
    14.8500    2.134681E-06  3.963123E-06  1.282365E+02 -1.461888E+01
    14.9000    2.967864E-07  4.142944E-06  1.287336E+02 -1.460275E+01
    14.9500   -1.784025E-06  4.322764E-06  1.292307E+02 -1.458663E+01
    15.0000   -3.589182E-06  4.502585E-06  1.297278E+02 -1.457050E+01
    15.0500   -4.432448E-06  4.655386E-06  1.300654E+02 -1.471397E+01
    15.1000   -4.806460E-06  4.808187E-06  1.304029E+02 -1.485743E+01
    15.1500   -4.635357E-06  4.960988E-06  1.307404E+02 -1.500090E+01
    15.2000   -3.905100E-06  5.113789E-06  1.310780E+02 -1.514436E+01
    15.2500   -2.668816E-06  5.266590E-06  1.314155E+02 -1.528783E+01
    15.3000   -1.044114E-06  5.419391E-06  1.317530E+02 -1.543129E+01
    15.3500    7.977210E-07  5.572192E-06  1.320905E+02 -1.557476E+01
    15.4000    2.649694E-06  5.724994E-06  1.324281E+02 -1.571822E+01
    15.4500    4.292364E-06  5.877795E-06  1.327656E+02 -1.586169E+01
    15.5000    5.519783E-06  6.030596E-06  1.331031E+02 -1.600515E+01
    15.5500    6.165064E-06  6.183397E-06  1.334407E+02 -1.614862E+01
    15.6000    6.122413E-06  6.336198E-06  1.337782E+02 -1.629208E+01
    15.6500    5.362789E-06  6.488999E-06  1.341157E+02 -1.643555E+01
    15.7000    3.941002E-06  6.641800E-06  1.344533E+02 -1.657901E+01
    15.7500    1.993017E-06  6.794601E-06  1.347908E+02 -1.672248E+01
    15.8000   -2.766283E-07  6.947402E-06  1.351283E+02 -1.686594E+01
    15.8500   -2.616178E-06  7.100203E-06  1.354658E+02 -1.700941E+01
    15.9000   -4.754578E-06  7.253004E-06  1.358034E+02 -1.715287E+01
    15.9500   -6.432854E-06  7.405806E-06  1.361409E+02 -1.729634E+01
    16.0000   -7.435335E-06  7.558607E-06  1.364784E+02 -1.743980E+01
    16.0500   -7.716041E-06  7.835645E-06  1.368342E+02 -1.756500E+01
    16.1000   -6.996637E-06  8.112682E-06  1.371900E+02 -1.769020E+01
    16.1500   -5.303136E-06  8.389720E-06  1.375458E+02 -1.781540E+01
    16.2000   -2.795803E-06  8.666758E-06  1.379016E+02 -1.794060E+01
    16.2500    2.444208E-07  8.943795E-06  1.382574E+02 -1.806580E+01
    16.3000    3.446960E-06  9.220833E-06  1.386132E+02 -1.819100E+01
    16.3500    6.396743E-06  9.497870E-06  1.389690E+02 -1.831619E+01
    16.4000    8.687933E-06  9.774908E-06  1.393248E+02 -1.844139E+01
    16.4500    9.979319E-06  1.005195E-05  1.396806E+02 -1.856659E+01
    16.5000    1.004385E-05  1.032898E-05  1.400364E+02 -1.869179E+01
    16.5500    8.805240E-06  1.060602E-05  1.403922E+02 -1.881699E+01
    16.6000    6.356092E-06  1.088306E-05  1.407480E+02 -1.894219E+01
    16.6500    2.954107E-06  1.116010E-05  1.411038E+02 -1.906739E+01
    16.7000   -1.004030E-06  1.143713E-05  1.414596E+02 -1.919259E+01
    16.7500   -5.028662E-06  1.171417E-05  1.418154E+02 -1.931779E+01
    16.8000   -8.597716E-06  1.199121E-05  1.421712E+02 -1.944298E+01
    16.8500   -1.122435E-05  1.226825E-05  1.425270E+02 -1.956818E+01
    16.9000   -1.252292E-05  1.254528E-05  1.428828E+02 -1.969338E+01
    16.9500   -1.226438E-05  1.282232E-05  1.432385E+02 -1.981858E+01
    17.0000   -1.041329E-05  1.309936E-05  1.435943E+02 -1.994378E+01
    17.0500   -6.682922E-06  1.317546E-05  1.439813E+02 -2.003782E+01
    17.1000   -1.914804E-06  1.325157E-05  1.443683E+02 -2.013185E+01
    17.1500    3.193304E-06  1.332767E-05  1.447552E+02 -2.022589E+01
    17.2000    7.884961E-06  1.340377E-05  1.451422E+02 -2.031993E+01
    17.2500    1.145706E-05  1.347987E-05  1.455291E+02 -2.041396E+01
    17.3000    1.336519E-05  1.355598E-05  1.459161E+02 -2.050800E+01
    17.3500    1.330652E-05  1.363208E-05  1.463030E+02 -2.060204E+01
    17.4000    1.126764E-05  1.370818E-05  1.466900E+02 -2.069608E+01
    17.4500    7.529819E-06  1.378428E-05  1.470770E+02 -2.079011E+01
    17.5000    2.630404E-06  1.386038E-05  1.474639E+02 -2.088415E+01
    17.5500   -2.714382E-06  1.393649E-05  1.478509E+02 -2.097819E+01
    17.6000   -7.714110E-06  1.401259E-05  1.482378E+02 -2.107222E+01
    17.6500   -1.162105E-05  1.408869E-05  1.486248E+02 -2.116626E+01
    17.7000   -1.384198E-05  1.416479E-05  1.490117E+02 -2.126030E+01
    17.7500   -1.402818E-05  1.424090E-05  1.493987E+02 -2.135433E+01
    17.8000   -1.213006E-05  1.431700E-05  1.497857E+02 -2.144837E+01
    17.8500   -8.407662E-06  1.439310E-05  1.501726E+02 -2.154241E+01
    17.9000   -3.395348E-06  1.446920E-05  1.505596E+02 -2.163645E+01
    17.9500    2.174895E-06  1.454530E-05  1.509465E+02 -2.173048E+01
    18.0000    7.480313E-06  1.462141E-05  1.513335E+02 -2.182452E+01
    18.0500    1.179849E-05  1.462495E-05  1.517351E+02 -2.190395E+01
    18.1000    1.424118E-05  1.462849E-05  1.521366E+02 -2.198338E+01
    18.1500    1.441877E-05  1.463203E-05  1.525382E+02 -2.206281E+01
    18.2000    1.230189E-05  1.463557E-05  1.529397E+02 -2.214224E+01
    18.2500    8.226313E-06  1.463911E-05  1.533413E+02 -2.222167E+01
    18.3000    2.839652E-06  1.464265E-05  1.537429E+02 -2.230111E+01
    18.3500   -3.001506E-06  1.464619E-05  1.541444E+02 -2.238054E+01
    18.4000   -8.367840E-06  1.464973E-05  1.545460E+02 -2.245997E+01
    18.4500   -1.240514E-05  1.465328E-05  1.549476E+02 -2.253940E+01
    18.5000   -1.447029E-05  1.465682E-05  1.553491E+02 -2.261883E+01
    18.5500   -1.423368E-05  1.466036E-05  1.557507E+02 -2.269826E+01
    18.6000   -1.173186E-05  1.466390E-05  1.561523E+02 -2.277769E+01
    18.6500   -7.361871E-06  1.466744E-05  1.565538E+02 -2.285712E+01
    18.7000   -1.818228E-06  1.467098E-05  1.569554E+02 -2.293656E+01
    18.7500    4.017438E-06  1.467452E-05  1.573569E+02 -2.301599E+01
    18.8000    9.216600E-06  1.467806E-05  1.577585E+02 -2.309542E+01
    18.8500    1.295158E-05  1.468160E-05  1.581601E+02 -2.317485E+01
    18.9000    1.462729E-05  1.468515E-05  1.585616E+02 -2.325428E+01
    18.9500    1.397608E-05  1.468869E-05  1.589632E+02 -2.333371E+01
    19.0000    1.110045E-05  1.469223E-05  1.593648E+02 -2.341314E+01
    19.0500    6.373994E-06  1.471509E-05  1.597732E+02 -2.348567E+01
    19.1000    5.823834E-07  1.473796E-05  1.601817E+02 -2.355819E+01
    19.1500   -5.323205E-06  1.476083E-05  1.605902E+02 -2.363072E+01
    19.2000   -1.036985E-05  1.478369E-05  1.609986E+02 -2.370324E+01
    19.2500   -1.372318E-05  1.480656E-05  1.614071E+02 -2.377577E+01
    19.3000   -1.482531E-05  1.482943E-05  1.618156E+02 -2.384829E+01
    19.3500   -1.348765E-05  1.485229E-05  1.622240E+02 -2.392081E+01
    19.4000   -9.923108E-06  1.487516E-05  1.626325E+02 -2.399334E+01
    19.4500   -4.712281E-06  1.489803E-05  1.630410E+02 -2.406586E+01
    19.5000    1.291141E-06  1.492089E-05  1.634495E+02 -2.413839E+01
    19.5500    7.100216E-06  1.494376E-05  1.638579E+02 -2.421091E+01
    19.6000    1.175700E-05  1.496663E-05  1.642664E+02 -2.428344E+01
    19.6500    1.449052E-05  1.498949E-05  1.646749E+02 -2.435596E+01
    19.7000    1.484441E-05  1.501236E-05  1.650833E+02 -2.442849E+01
    19.7500    1.275307E-05  1.503523E-05  1.654918E+02 -2.450101E+01
    19.8000    8.553721E-06  1.505809E-05  1.659003E+02 -2.457354E+01
    19.8500    2.931982E-06  1.508096E-05  1.663087E+02 -2.464606E+01
    19.9000   -3.190006E-06  1.510383E-05  1.667172E+02 -2.471858E+01
    19.9500   -8.804864E-06  1.512669E-05  1.671257E+02 -2.479111E+01
    20.0000   -1.298573E-05  1.514956E-05  1.675342E+02 -2.486363E+01
