# xx                                                               FEFF 9.9.1
# POT  SCF 100  5.0000   0, core-hole, AFOLP (folp(0)= 1.150)
# Abs   Z=28 Rmt= 1.320 Rnm= 1.527 K  shell
# Pot 1 Z=28 Rmt= 1.302 Rnm= 1.519
# Pot 2 Z=30 Rmt= 1.280 Rnm= 1.497
# Pot 3 Z=19 Rmt= 2.061 Rnm= 2.170
# Pot 4 Z=17 Rmt= 1.374 Rnm= 1.582
# Gam_ch=1.576E+00 H-L exch Vi= 0.000E+00 Vr= 0.000E+00
# Mu=-7.123E+00eV kf=1.540E+00 Vint=-1.059E+01eV Rs_int= 2.355
# PATH  Rmax= 5.000,  Keep_limit= 0.00, Heap_limit 0.00  Pwcrit= 2.50%
 S02  1.000                                        Global sig2  0.00000
 Debye-waller factor    0.0000000000000000        0.0000000000000000     
 -----------------------------------------------------------------------
       k         chi           mag          phase        phase-2kr  @#
     0.0000    2.045981E-02  2.496670E-02  2.181082E+00  2.181082E+00
     0.0500    1.997262E-02  2.473440E-02  2.201719E+00  1.738175E+00
     0.1000    1.948257E-02  2.450210E-02  2.222356E+00  1.295267E+00
     0.1500    1.802911E-02  2.384329E-02  2.284182E+00  8.935484E-01
     0.2000    1.656003E-02  2.318448E-02  2.346009E+00  4.918300E-01
     0.2500    1.417468E-02  2.219898E-02  2.449008E+00  1.312847E-01
     0.3000    1.179504E-02  2.121347E-02  2.552007E+00 -2.292607E-01
     0.3500    8.555199E-03  2.005936E-02  2.700980E+00 -5.438329E-01
     0.4000    5.435714E-03  1.890526E-02  2.849952E+00 -8.584052E-01
     0.4500    1.862367E-03  1.767868E-02  3.036052E+00 -1.135850E+00
     0.5000   -1.323922E-03  1.645211E-02  3.222151E+00 -1.413296E+00
     0.5500   -4.643194E-03  1.527429E-02  3.450468E+00 -1.648523E+00
     0.6000   -7.213528E-03  1.409646E-02  3.678785E+00 -1.883750E+00
     0.6500   -9.418357E-03  1.303485E-02  3.949079E+00 -2.077001E+00
     0.7000   -1.054734E-02  1.197324E-02  4.219373E+00 -2.270252E+00
     0.7500   -1.089568E-02  1.107661E-02  4.531399E+00 -2.421771E+00
     0.8000   -1.009270E-02  1.017997E-02  4.843424E+00 -2.573290E+00
     0.8500   -8.387203E-03  9.467138E-03  5.194694E+00 -2.685565E+00
     0.9000   -5.884934E-03  8.754306E-03  5.545964E+00 -2.797839E+00
     0.9500   -2.825747E-03  8.214491E-03  5.932017E+00 -2.875332E+00
     1.0000    2.676664E-04  7.674677E-03  6.318069E+00 -2.952824E+00
     1.0500    3.143332E-03  7.280922E-03  6.729586E+00 -3.004852E+00
     1.1000    5.210020E-03  6.887166E-03  7.141103E+00 -3.056879E+00
     1.1500    6.316359E-03  6.577252E-03  7.571383E+00 -3.090144E+00
     1.2000    6.199117E-03  6.267338E-03  8.001663E+00 -3.123409E+00
     1.2500    4.950262E-03  5.962428E-03  8.445235E+00 -3.143381E+00
     1.3000    2.889158E-03  5.657517E-03  8.888807E+00 -3.163354E+00
     1.3500    3.920115E-04  5.333110E-03  9.351206E+00 -3.164499E+00
     1.4000   -1.898819E-03  5.008703E-03  9.813606E+00 -3.165645E+00
     1.4500   -3.540639E-03  4.626630E-03  1.029624E+01 -3.146551E+00
     1.5000   -4.145296E-03  4.244558E-03  1.077888E+01 -3.127456E+00
     1.5500   -3.639491E-03  3.799819E-03  1.128710E+01 -3.082783E+00
     1.6000   -2.338122E-03  3.355080E-03  1.179532E+01 -3.038111E+00
     1.6500   -6.528102E-04  2.875908E-03  1.233738E+01 -2.959592E+00
     1.7000    7.381598E-04  2.396736E-03  1.287945E+01 -2.881073E+00
     1.7500    1.525319E-03  1.941216E-03  1.347029E+01 -2.753778E+00
     1.8000    1.481403E-03  1.485696E-03  1.406113E+01 -2.626482E+00
     1.8500    8.965450E-04  1.087924E-03  1.473937E+01 -2.411779E+00
     1.9000    1.975765E-04  6.901522E-04  1.541762E+01 -2.197075E+00
     1.9500   -1.718466E-04  5.047464E-04  1.605537E+01 -2.022871E+00
     2.0000   -2.661254E-04  3.193407E-04  1.669312E+01 -1.848666E+00
     2.0500   -3.762224E-04  3.799390E-04  1.741874E+01 -1.586586E+00
     2.1000   -2.855458E-04  4.405372E-04  1.814437E+01 -1.324507E+00
     2.1500    1.024117E-05  5.011354E-04  1.886999E+01 -1.062427E+00
     2.2000    3.812777E-04  5.617336E-04  1.959562E+01 -8.003473E-01
     2.2500    6.065268E-04  6.347655E-04  2.012095E+01 -7.385589E-01
     2.3000    6.898093E-04  7.077973E-04  2.064628E+01 -6.767706E-01
     2.3500    5.706507E-04  7.808292E-04  2.117162E+01 -6.149822E-01
     2.4000    2.475971E-04  8.538610E-04  2.169695E+01 -5.531940E-01
     2.4500   -1.449301E-04  8.762528E-04  2.215731E+01 -5.563783E-01
     2.5000   -5.269027E-04  8.986446E-04  2.261767E+01 -5.595627E-01
     2.5500   -8.152835E-04  9.210364E-04  2.307803E+01 -5.627470E-01
     2.6000   -9.431665E-04  9.434282E-04  2.353839E+01 -5.659314E-01
     2.6500   -8.748811E-04  9.499778E-04  2.396223E+01 -6.056344E-01
     2.7000   -6.496699E-04  9.565273E-04  2.438607E+01 -6.453373E-01
     2.7500   -3.055336E-04  9.630769E-04  2.480992E+01 -6.850403E-01
     2.8000    9.778139E-05  9.696264E-04  2.523376E+01 -7.247433E-01
     2.8500    4.698373E-04  9.722085E-04  2.563712E+01 -7.849203E-01
     2.9000    7.682536E-04  9.747906E-04  2.604049E+01 -8.450973E-01
     2.9500    9.446042E-04  9.773726E-04  2.644386E+01 -9.052743E-01
     3.0000    9.698556E-04  9.799547E-04  2.684723E+01 -9.654513E-01
     3.0500    8.410156E-04  9.789462E-04  2.724082E+01 -1.035404E+00
     3.1000    5.839595E-04  9.779377E-04  2.763441E+01 -1.105358E+00
     3.1500    2.382221E-04  9.769292E-04  2.802800E+01 -1.175311E+00
     3.2000   -1.431952E-04  9.759206E-04  2.842159E+01 -1.245264E+00
     3.2500   -4.938948E-04  9.679697E-04  2.880980E+01 -1.320607E+00
     3.3000   -7.659175E-04  9.600188E-04  2.919800E+01 -1.395951E+00
     3.3500   -9.203296E-04  9.520678E-04  2.958620E+01 -1.471294E+00
     3.4000   -9.362395E-04  9.441169E-04  2.997440E+01 -1.546637E+00
     3.4500   -8.059075E-04  9.268672E-04  3.036175E+01 -1.622836E+00
     3.5000   -5.626007E-04  9.096176E-04  3.074909E+01 -1.699035E+00
     3.5500   -2.461730E-04  8.923680E-04  3.113644E+01 -1.775233E+00
     3.6000    9.420437E-05  8.751184E-04  3.152378E+01 -1.851432E+00
     3.6500    4.035387E-04  8.498019E-04  3.191073E+01 -1.928026E+00
     3.7000    6.363855E-04  8.244853E-04  3.229768E+01 -2.004620E+00
     3.7500    7.629805E-04  7.991688E-04  3.268464E+01 -2.081214E+00
     3.8000    7.710674E-04  7.738523E-04  3.307159E+01 -2.157807E+00
     3.8500    6.629934E-04  7.445249E-04  3.345909E+01 -2.233844E+00
     3.9000    4.666874E-04  7.151974E-04  3.384660E+01 -2.309882E+00
     3.9500    2.179707E-04  6.858700E-04  3.423411E+01 -2.385919E+00
     4.0000   -4.205392E-05  6.565426E-04  3.462162E+01 -2.461956E+00
     4.0500   -2.737445E-04  6.269569E-04  3.500936E+01 -2.537755E+00
     4.1000   -4.446641E-04  5.973712E-04  3.539711E+01 -2.613554E+00
     4.1500   -5.346236E-04  5.677855E-04  3.578485E+01 -2.689354E+00
     4.2000   -5.376723E-04  5.381999E-04  3.617260E+01 -2.765153E+00
     4.2500   -4.662268E-04  5.132898E-04  3.655988E+01 -2.841412E+00
     4.3000   -3.335922E-04  4.883797E-04  3.694717E+01 -2.917671E+00
     4.3500   -1.652868E-04  4.634696E-04  3.733445E+01 -2.993930E+00
     4.4000    9.923007E-06  4.385595E-04  3.772174E+01 -3.070189E+00
     4.4500    1.676906E-04  4.190255E-04  3.811084E+01 -3.144636E+00
     4.5000    2.868069E-04  3.994915E-04  3.849994E+01 -3.219083E+00
     4.5500    3.527297E-04  3.799574E-04  3.888903E+01 -3.293530E+00
     4.6000    3.604112E-04  3.604234E-04  3.927813E+01 -3.367976E+00
     4.6500    3.176375E-04  3.447863E-04  3.966940E+01 -3.440254E+00
     4.7000    2.314928E-04  3.291491E-04  4.006067E+01 -3.512532E+00
     4.7500    1.188373E-04  3.135119E-04  4.045193E+01 -3.584809E+00
     4.8000   -7.433973E-07  2.978748E-04  4.084320E+01 -3.657087E+00
     4.8500   -1.099476E-04  2.853073E-04  4.123631E+01 -3.727523E+00
     4.9000   -1.934943E-04  2.727399E-04  4.162942E+01 -3.797959E+00
     4.9500   -2.407370E-04  2.601724E-04  4.202252E+01 -3.868396E+00
     5.0000   -2.476029E-04  2.476050E-04  4.241563E+01 -3.938832E+00
     5.0500   -2.187297E-04  2.371387E-04  4.280813E+01 -4.009885E+00
     5.1000   -1.596845E-04  2.266725E-04  4.320062E+01 -4.080937E+00
     5.1500   -8.203654E-05  2.162062E-04  4.359311E+01 -4.151989E+00
     5.2000    6.799722E-07  2.057399E-04  4.398560E+01 -4.223042E+00
     5.2500    7.577910E-05  1.964927E-04  4.437822E+01 -4.293970E+00
     5.3000    1.328177E-04  1.872456E-04  4.477084E+01 -4.364898E+00
     5.3500    1.646565E-04  1.779984E-04  4.516345E+01 -4.435827E+00
     5.4000    1.687505E-04  1.687512E-04  4.555607E+01 -4.506755E+00
     5.4500    1.486458E-04  1.609374E-04  4.594646E+01 -4.579910E+00
     5.5000    1.084526E-04  1.531235E-04  4.633685E+01 -4.653065E+00
     5.5500    5.613809E-05  1.453097E-04  4.672724E+01 -4.726221E+00
     5.6000    8.613372E-07  1.374958E-04  4.711763E+01 -4.799376E+00
     5.6500   -4.885106E-05  1.309249E-04  4.750626E+01 -4.874284E+00
     5.7000   -8.665731E-05  1.243540E-04  4.789490E+01 -4.949191E+00
     5.7500   -1.079673E-04  1.177832E-04  4.828354E+01 -5.024099E+00
     5.8000   -1.111841E-04  1.112123E-04  4.867217E+01 -5.099007E+00
     5.8500   -9.877554E-05  1.057568E-04  4.906007E+01 -5.174658E+00
     5.9000   -7.316505E-05  1.003013E-04  4.944796E+01 -5.250308E+00
     5.9500   -3.950635E-05  9.484576E-05  4.983585E+01 -5.325959E+00
     6.0000   -3.729545E-06  8.939025E-05  5.022375E+01 -5.401610E+00
     6.0500    2.913895E-05  8.568188E-05  5.061249E+01 -5.476415E+00
     6.1000    5.501564E-05  8.197351E-05  5.100123E+01 -5.551221E+00
     6.1500    7.059867E-05  7.826513E-05  5.138997E+01 -5.626026E+00
     6.2000    7.443323E-05  7.455676E-05  5.177871E+01 -5.700831E+00
     6.2500    6.699875E-05  7.084839E-05  5.216745E+01 -5.775637E+00
     6.3000    5.048042E-05  6.714002E-05  5.255618E+01 -5.850442E+00
     6.3500    2.828256E-05  6.343165E-05  5.294492E+01 -5.925247E+00
     6.4000    4.380453E-06  5.972327E-05  5.333366E+01 -6.000052E+00
     6.4500   -1.737179E-05  5.601490E-05  5.372240E+01 -6.074858E+00
     6.5000   -3.385922E-05  5.230653E-05  5.411114E+01 -6.149663E+00
     6.5500   -4.466156E-05  5.011394E-05  5.450706E+01 -6.217290E+00
     6.6000   -4.778702E-05  4.792136E-05  5.490298E+01 -6.284918E+00
     6.6500   -4.339264E-05  4.572878E-05  5.529889E+01 -6.352545E+00
     6.7000   -3.281845E-05  4.353619E-05  5.569481E+01 -6.420172E+00
     6.7500   -1.827803E-05  4.134361E-05  5.609073E+01 -6.487800E+00
     6.8000   -2.426660E-06  3.915103E-05  5.648665E+01 -6.555427E+00
     6.8500    1.211224E-05  3.695844E-05  5.688256E+01 -6.623054E+00
     6.9000    2.317945E-05  3.476586E-05  5.727848E+01 -6.690682E+00
     6.9500    2.940006E-05  3.257328E-05  5.767440E+01 -6.758309E+00
     7.0000    3.034401E-05  3.038069E-05  5.807032E+01 -6.825936E+00
     7.0500    2.717055E-05  2.899550E-05  5.847614E+01 -6.883652E+00
     7.1000    1.996515E-05  2.761031E-05  5.888197E+01 -6.941367E+00
     7.1500    1.027187E-05  2.622512E-05  5.928780E+01 -6.999082E+00
     7.2000   -8.375829E-08  2.483993E-05  5.969363E+01 -7.056798E+00
     7.2500   -9.332091E-06  2.345474E-05  6.009946E+01 -7.114513E+00
     7.3000   -1.606103E-05  2.206954E-05  6.050529E+01 -7.172229E+00
     7.3500   -1.943077E-05  2.068435E-05  6.091112E+01 -7.229944E+00
     7.4000   -1.926902E-05  1.929916E-05  6.131695E+01 -7.287659E+00
     7.4500   -1.603814E-05  1.791397E-05  6.172278E+01 -7.345375E+00
     7.5000   -1.068910E-05  1.652878E-05  6.212861E+01 -7.403090E+00
     7.5500   -4.438726E-06  1.579207E-05  6.254694E+01 -7.448302E+00
     7.6000    2.002745E-06  1.505536E-05  6.296527E+01 -7.493513E+00
     7.6500    7.505572E-06  1.431865E-05  6.338361E+01 -7.538725E+00
     7.7000    1.120421E-05  1.358194E-05  6.380194E+01 -7.583937E+00
     7.7500    1.263220E-05  1.284523E-05  6.422027E+01 -7.629149E+00
     7.8000    1.177301E-05  1.210852E-05  6.463861E+01 -7.674360E+00
     7.8500    9.023311E-06  1.137181E-05  6.505694E+01 -7.719572E+00
     7.9000    5.081688E-06  1.063510E-05  6.547527E+01 -7.764784E+00
     7.9500    7.894592E-07  9.898389E-06  6.589360E+01 -7.809995E+00
     8.0000   -3.042272E-06  9.161680E-06  6.631194E+01 -7.855207E+00
     8.0500   -6.135984E-06  8.870915E-06  6.673728E+01 -7.893408E+00
     8.1000   -7.962927E-06  8.580149E-06  6.716263E+01 -7.931608E+00
     8.1500   -8.281460E-06  8.289384E-06  6.758797E+01 -7.969809E+00
     8.2000   -7.134672E-06  7.998618E-06  6.801331E+01 -8.008009E+00
     8.2500   -4.824916E-06  7.707852E-06  6.843866E+01 -8.046210E+00
     8.3000   -1.842460E-06  7.417087E-06  6.886400E+01 -8.084410E+00
     8.3500    1.235896E-06  7.126321E-06  6.928935E+01 -8.122611E+00
     8.4000    3.857684E-06  6.835555E-06  6.971469E+01 -8.160811E+00
     8.4500    5.593913E-06  6.544790E-06  7.014004E+01 -8.199011E+00
     8.5000    6.208707E-06  6.254024E-06  7.056538E+01 -8.237212E+00
     8.5500    5.855341E-06  6.123001E-06  7.098260E+01 -8.283532E+00
     8.6000    4.528452E-06  5.991978E-06  7.139983E+01 -8.329852E+00
     8.6500    2.494173E-06  5.860955E-06  7.181705E+01 -8.376172E+00
     8.7000    1.280718E-07  5.729933E-06  7.223428E+01 -8.422492E+00
     8.7500   -2.153842E-06  5.598910E-06  7.265150E+01 -8.468812E+00
     8.8000   -3.968214E-06  5.467887E-06  7.306873E+01 -8.515132E+00
     8.8500   -5.028722E-06  5.336865E-06  7.348595E+01 -8.561452E+00
     8.9000   -5.190914E-06  5.205842E-06  7.390318E+01 -8.607772E+00
     8.9500   -4.470558E-06  5.074819E-06  7.432040E+01 -8.654092E+00
     9.0000   -3.033460E-06  4.943797E-06  7.473763E+01 -8.700412E+00
     9.0500   -1.157167E-06  4.839709E-06  7.515679E+01 -8.744796E+00
     9.1000    8.372080E-07  4.735622E-06  7.557595E+01 -8.789180E+00
     9.1500    2.603239E-06  4.631535E-06  7.599511E+01 -8.833564E+00
     9.2000    3.848473E-06  4.527447E-06  7.641427E+01 -8.877948E+00
     9.2500    4.382761E-06  4.423360E-06  7.683343E+01 -8.922331E+00
     9.3000    4.146772E-06  4.319273E-06  7.725259E+01 -8.966715E+00
     9.3500    3.216523E-06  4.215185E-06  7.767175E+01 -9.011099E+00
     9.4000    1.784129E-06  4.111098E-06  7.809091E+01 -9.055483E+00
     9.4500    1.191655E-07  4.007010E-06  7.851007E+01 -9.099867E+00
     9.5000   -1.481742E-06  3.902923E-06  7.892923E+01 -9.144251E+00
     9.5500   -2.766167E-06  3.829319E-06  7.934703E+01 -9.189996E+00
     9.6000   -3.533419E-06  3.755715E-06  7.976483E+01 -9.235741E+00
     9.6500   -3.672566E-06  3.682111E-06  8.018263E+01 -9.281486E+00
     9.7000   -3.184212E-06  3.608508E-06  8.060043E+01 -9.327231E+00
     9.7500   -2.176172E-06  3.534904E-06  8.101823E+01 -9.372976E+00
     9.8000   -8.408307E-07  3.461300E-06  8.143603E+01 -9.418722E+00
     9.8500    5.812205E-07  3.387696E-06  8.185383E+01 -9.464467E+00
     9.9000    1.844439E-06  3.314092E-06  8.227163E+01 -9.510212E+00
     9.9500    2.740731E-06  3.240488E-06  8.268943E+01 -9.555957E+00
    10.0000    3.133662E-06  3.166884E-06  8.310723E+01 -9.601702E+00
    10.0500    3.006288E-06  3.117254E-06  8.351983E+01 -9.652649E+00
    10.1000    2.384878E-06  3.067623E-06  8.393242E+01 -9.703596E+00
    10.1500    1.388236E-06  3.017992E-06  8.434502E+01 -9.754543E+00
    10.2000    1.939409E-07  2.968361E-06  8.475762E+01 -9.805490E+00
    10.2500   -9.931864E-07  2.918730E-06  8.517022E+01 -9.856437E+00
    10.3000   -1.976194E-06  2.869099E-06  8.558281E+01 -9.907384E+00
    10.3500   -2.598671E-06  2.819468E-06  8.599541E+01 -9.958331E+00
    10.4000   -2.769557E-06  2.769837E-06  8.640801E+01 -1.000928E+01
    10.4500   -2.476180E-06  2.720206E-06  8.682061E+01 -1.006023E+01
    10.5000   -1.783689E-06  2.670575E-06  8.723320E+01 -1.011117E+01
    10.5500   -8.214556E-07  2.620944E-06  8.764580E+01 -1.016212E+01
    10.6000    2.408499E-07  2.571314E-06  8.805840E+01 -1.021307E+01
    10.6500    1.223104E-06  2.521683E-06  8.847100E+01 -1.026401E+01
    10.7000    1.965271E-06  2.472052E-06  8.888360E+01 -1.031496E+01
    10.7500    2.353450E-06  2.422421E-06  8.929619E+01 -1.036591E+01
    10.8000    2.337207E-06  2.372790E-06  8.970879E+01 -1.041685E+01
    10.8500    1.935565E-06  2.323159E-06  9.012139E+01 -1.046780E+01
    10.9000    1.231079E-06  2.273528E-06  9.053399E+01 -1.051875E+01
    10.9500    3.534376E-07  2.223897E-06  9.094658E+01 -1.056970E+01
    11.0000   -5.442265E-07  2.174266E-06  9.135918E+01 -1.062064E+01
    11.0500   -1.316128E-06  2.130436E-06  9.177210E+01 -1.067127E+01
    11.1000   -1.839140E-06  2.086605E-06  9.218501E+01 -1.072190E+01
    11.1500   -2.036395E-06  2.042775E-06  9.259793E+01 -1.077253E+01
    11.2000   -1.888573E-06  1.998945E-06  9.301084E+01 -1.082316E+01
    11.2500   -1.434828E-06  1.955114E-06  9.342376E+01 -1.087379E+01
    11.3000   -7.637966E-07  1.911284E-06  9.383667E+01 -1.092442E+01
    11.3500    3.375638E-09  1.867453E-06  9.424959E+01 -1.097505E+01
    11.4000    7.348039E-07  1.823623E-06  9.466250E+01 -1.102568E+01
    11.4500    1.310524E-06  1.779793E-06  9.507542E+01 -1.107631E+01
    11.5000    1.642157E-06  1.735962E-06  9.548833E+01 -1.112694E+01
    11.5500    1.686352E-06  1.692132E-06  9.590125E+01 -1.117757E+01
    11.6000    1.449993E-06  1.648301E-06  9.631416E+01 -1.122820E+01
    11.6500    9.866329E-07  1.604471E-06  9.672708E+01 -1.127883E+01
    11.7000    3.851688E-07  1.560641E-06  9.713999E+01 -1.132946E+01
    11.7500   -2.469500E-07  1.516810E-06  9.755291E+01 -1.138008E+01
    11.8000   -8.028516E-07  1.472980E-06  9.796582E+01 -1.143071E+01
    11.8500   -1.194310E-06  1.429149E-06  9.837874E+01 -1.148134E+01
    11.9000   -1.365696E-06  1.385319E-06  9.879165E+01 -1.153197E+01
    11.9500   -1.301623E-06  1.341489E-06  9.920457E+01 -1.158260E+01
    12.0000   -1.027271E-06  1.297658E-06  9.961749E+01 -1.163323E+01
    12.0500   -6.098343E-07  1.272876E-06  1.000313E+02 -1.168293E+01
    12.1000   -1.069270E-07  1.248093E-06  1.004452E+02 -1.173262E+01
    12.1500    3.941755E-07  1.223311E-06  1.008590E+02 -1.178231E+01
    12.2000    8.098558E-07  1.198529E-06  1.012729E+02 -1.183201E+01
    12.2500    1.074105E-06  1.173747E-06  1.016867E+02 -1.188170E+01
    12.3000    1.148964E-06  1.148964E-06  1.021006E+02 -1.193139E+01
    12.3500    1.029805E-06  1.124182E-06  1.025144E+02 -1.198109E+01
    12.4000    7.447661E-07  1.099400E-06  1.029283E+02 -1.203078E+01
    12.4500    3.486407E-07  1.074617E-06  1.033421E+02 -1.208047E+01
    12.5000   -8.749619E-08  1.049835E-06  1.037560E+02 -1.213017E+01
    12.5500   -4.889976E-07  1.025053E-06  1.041698E+02 -1.217986E+01
    12.6000   -7.904179E-07  1.000271E-06  1.045837E+02 -1.222955E+01
    12.6500   -9.461673E-07  9.754883E-07  1.049976E+02 -1.227925E+01
    12.7000   -9.373135E-07  9.507060E-07  1.054114E+02 -1.232894E+01
    12.7500   -7.735355E-07  9.259237E-07  1.058253E+02 -1.237863E+01
    12.8000   -4.901067E-07  9.011414E-07  1.062391E+02 -1.242833E+01
    12.8500   -1.406534E-07  8.763591E-07  1.066530E+02 -1.247802E+01
    12.9000    2.128747E-07  8.515769E-07  1.070668E+02 -1.252771E+01
    12.9500    5.111615E-07  8.267946E-07  1.074807E+02 -1.257741E+01
    13.0000    7.074766E-07  8.020123E-07  1.078945E+02 -1.262710E+01
    13.0500    7.783122E-07  7.877903E-07  1.082297E+02 -1.275548E+01
    13.1000    7.610865E-07  7.735684E-07  1.085648E+02 -1.288387E+01
    13.1500    6.608373E-07  7.593465E-07  1.089000E+02 -1.301225E+01
    13.2000    4.916552E-07  7.451246E-07  1.092352E+02 -1.314064E+01
    13.2500    2.747895E-07  7.309026E-07  1.095703E+02 -1.326902E+01
    13.3000    3.601321E-08  7.166807E-07  1.099055E+02 -1.339741E+01
    13.3500   -1.974268E-07  7.024588E-07  1.102406E+02 -1.352579E+01
    13.4000   -3.999176E-07  6.882369E-07  1.105758E+02 -1.365417E+01
    13.4500   -5.502894E-07  6.740150E-07  1.109110E+02 -1.378256E+01
    13.5000   -6.340200E-07  6.597930E-07  1.112461E+02 -1.391094E+01
    13.5500   -6.446043E-07  6.455711E-07  1.115813E+02 -1.403933E+01
    13.6000   -5.839658E-07  6.313492E-07  1.119164E+02 -1.416771E+01
    13.6500   -4.618968E-07  6.171273E-07  1.122516E+02 -1.429610E+01
    13.7000   -2.946302E-07  6.029054E-07  1.125868E+02 -1.442448E+01
    13.7500   -1.027383E-07  5.886834E-07  1.129219E+02 -1.455286E+01
    13.8000    9.137471E-08  5.744615E-07  1.132571E+02 -1.468125E+01
    13.8500    2.660824E-07  5.602396E-07  1.135922E+02 -1.480963E+01
    13.9000    4.029459E-07  5.460177E-07  1.139274E+02 -1.493802E+01
    13.9500    4.886541E-07  5.317957E-07  1.142626E+02 -1.506640E+01
    14.0000    5.162912E-07  5.175738E-07  1.145977E+02 -1.519479E+01
    14.0500    5.003364E-07  5.739892E-07  1.151803E+02 -1.507574E+01
    14.1000    2.888909E-07  6.304046E-07  1.157629E+02 -1.495670E+01
    14.1500   -7.303967E-08  6.868200E-07  1.163455E+02 -1.483766E+01
    14.2000   -4.725992E-07  7.432354E-07  1.169281E+02 -1.471862E+01
    14.2500   -7.641531E-07  7.996509E-07  1.175106E+02 -1.459958E+01
    14.3000   -8.218924E-07  8.560663E-07  1.180932E+02 -1.448054E+01
    14.3500   -5.911128E-07  9.124817E-07  1.186758E+02 -1.436150E+01
    14.4000   -1.180255E-07  9.688971E-07  1.192584E+02 -1.424246E+01
    14.4500    4.556156E-07  1.025312E-06  1.198410E+02 -1.412342E+01
    14.5000    9.345547E-07  1.081728E-06  1.204236E+02 -1.400437E+01
    14.5500    1.136432E-06  1.138143E-06  1.210062E+02 -1.388533E+01
    14.6000    9.599813E-07  1.194559E-06  1.215887E+02 -1.376629E+01
    14.6500    4.298743E-07  1.250974E-06  1.221713E+02 -1.364725E+01
    14.7000   -3.003519E-07  1.307390E-06  1.227539E+02 -1.352821E+01
    14.7500   -9.919052E-07  1.363805E-06  1.233365E+02 -1.340917E+01
    14.8000   -1.398819E-06  1.420220E-06  1.239191E+02 -1.329013E+01
    14.8500   -1.354979E-06  1.476636E-06  1.245017E+02 -1.317109E+01
    14.9000   -8.394370E-07  1.533051E-06  1.250843E+02 -1.305205E+01
    14.9500    4.991973E-09  1.589467E-06  1.256668E+02 -1.293300E+01
    15.0000    9.098519E-07  1.645882E-06  1.262494E+02 -1.281396E+01
    15.0500    1.669972E-06  1.787659E-06  1.268696E+02 -1.265732E+01
    15.1000    1.866892E-06  1.929436E-06  1.274898E+02 -1.250067E+01
    15.1500    1.326843E-06  2.071212E-06  1.281100E+02 -1.234403E+01
    15.2000    1.660480E-07  2.212989E-06  1.287302E+02 -1.218738E+01
    15.2500   -1.220928E-06  2.354766E-06  1.293504E+02 -1.203073E+01
    15.3000   -2.294067E-06  2.496542E-06  1.299706E+02 -1.187409E+01
    15.3500   -2.577760E-06  2.638319E-06  1.305908E+02 -1.171744E+01
    15.4000   -1.866223E-06  2.780096E-06  1.312110E+02 -1.156080E+01
    15.4500   -3.374342E-07  2.921873E-06  1.318311E+02 -1.140415E+01
    15.5000    1.480732E-06  3.063649E-06  1.324513E+02 -1.124750E+01
    15.5500    2.891650E-06  3.205426E-06  1.330715E+02 -1.109086E+01
    15.6000    3.296642E-06  3.347203E-06  1.336917E+02 -1.093421E+01
    15.6500    2.445216E-06  3.488979E-06  1.343119E+02 -1.077757E+01
    15.7000    5.654800E-07  3.630756E-06  1.349321E+02 -1.062092E+01
    15.7500   -1.687665E-06  3.772533E-06  1.355523E+02 -1.046428E+01
    15.8000   -3.459603E-06  3.914309E-06  1.361725E+02 -1.030763E+01
    15.8500   -4.020054E-06  4.056086E-06  1.367927E+02 -1.015098E+01
    15.9000   -3.061260E-06  4.197863E-06  1.374129E+02 -9.994337E+00
    15.9500   -8.494910E-07  4.339640E-06  1.380331E+02 -9.837692E+00
    16.0000    1.840288E-06  4.481416E-06  1.386532E+02 -9.681047E+00
    16.0500    3.209991E-06  4.628456E-06  1.389965E+02 -9.801374E+00
    16.1000    4.276555E-06  4.775496E-06  1.393397E+02 -9.921702E+00
    16.1500    4.888316E-06  4.922535E-06  1.396829E+02 -1.004203E+01
    16.2000    4.941522E-06  5.069575E-06  1.400261E+02 -1.016236E+01
    16.2500    4.396215E-06  5.216615E-06  1.403693E+02 -1.028268E+01
    16.3000    3.284831E-06  5.363654E-06  1.407125E+02 -1.040301E+01
    16.3500    1.712050E-06  5.510694E-06  1.410558E+02 -1.052334E+01
    16.4000   -1.545010E-07  5.657733E-06  1.413990E+02 -1.064367E+01
    16.4500   -2.101956E-06  5.804773E-06  1.417422E+02 -1.076399E+01
    16.5000   -3.896473E-06  5.951813E-06  1.420854E+02 -1.088432E+01
    16.5500   -5.311289E-06  6.098852E-06  1.424286E+02 -1.100465E+01
    16.6000   -6.155204E-06  6.245892E-06  1.427719E+02 -1.112498E+01
    16.6500   -6.297941E-06  6.392932E-06  1.431151E+02 -1.124530E+01
    16.7000   -5.689050E-06  6.539971E-06  1.434583E+02 -1.136563E+01
    16.7500   -4.367738E-06  6.687011E-06  1.438015E+02 -1.148596E+01
    16.8000   -2.462011E-06  6.834051E-06  1.441447E+02 -1.160628E+01
    16.8500   -1.767803E-07  6.981090E-06  1.444879E+02 -1.172661E+01
    16.9000    2.228002E-06  7.128130E-06  1.448312E+02 -1.184694E+01
    16.9500    4.466901E-06  7.275170E-06  1.451744E+02 -1.196727E+01
    17.0000    6.262866E-06  7.422209E-06  1.455176E+02 -1.208759E+01
    17.0500    7.282298E-06  7.428634E-06  1.458852E+02 -1.218348E+01
    17.1000    7.329337E-06  7.435058E-06  1.462529E+02 -1.227938E+01
    17.1500    6.396008E-06  7.441481E-06  1.466205E+02 -1.237527E+01
    17.2000    4.605470E-06  7.447905E-06  1.469882E+02 -1.247116E+01
    17.2500    2.195765E-06  7.454328E-06  1.473559E+02 -1.256705E+01
    17.3000   -5.118238E-07  7.460752E-06  1.477235E+02 -1.266294E+01
    17.3500   -3.155613E-06  7.467175E-06  1.480912E+02 -1.275883E+01
    17.4000   -5.381827E-06  7.473599E-06  1.484588E+02 -1.285472E+01
    17.4500   -6.891946E-06  7.480022E-06  1.488265E+02 -1.295061E+01
    17.5000   -7.482726E-06  7.486446E-06  1.491941E+02 -1.304650E+01
    17.5500   -7.073558E-06  7.492869E-06  1.495618E+02 -1.314239E+01
    17.6000   -5.717462E-06  7.499293E-06  1.499294E+02 -1.323828E+01
    17.6500   -3.594218E-06  7.505716E-06  1.502971E+02 -1.333418E+01
    17.7000   -9.865402E-07  7.512140E-06  1.506647E+02 -1.343007E+01
    17.7500    1.757570E-06  7.518563E-06  1.510324E+02 -1.352596E+01
    17.8000    4.271263E-06  7.524987E-06  1.514000E+02 -1.362185E+01
    17.8500    6.217889E-06  7.531410E-06  1.517677E+02 -1.371774E+01
    17.9000    7.336078E-06  7.537834E-06  1.521354E+02 -1.381363E+01
    17.9500    7.474835E-06  7.544257E-06  1.525030E+02 -1.390952E+01
    18.0000    6.613927E-06  7.550680E-06  1.528707E+02 -1.400541E+01
    18.0500    4.774065E-06  7.524129E-06  1.532507E+02 -1.408894E+01
    18.1000    2.268257E-06  7.497578E-06  1.536307E+02 -1.417247E+01
    18.1500   -5.424140E-07  7.471027E-06  1.540107E+02 -1.425600E+01
    18.2000   -3.256048E-06  7.444476E-06  1.543907E+02 -1.433953E+01
    18.2500   -5.487391E-06  7.417925E-06  1.547707E+02 -1.442306E+01
    18.3000   -6.922532E-06  7.391374E-06  1.551507E+02 -1.450659E+01
    18.3500   -7.363053E-06  7.364823E-06  1.555308E+02 -1.459012E+01
    18.4000   -6.753436E-06  7.338272E-06  1.559108E+02 -1.467365E+01
    18.4500   -5.187935E-06  7.311721E-06  1.562908E+02 -1.475719E+01
    18.5000   -2.896093E-06  7.285171E-06  1.566708E+02 -1.484072E+01
    18.5500   -2.091068E-07  7.258620E-06  1.570508E+02 -1.492425E+01
    18.6000    2.488026E-06  7.232069E-06  1.574308E+02 -1.500778E+01
    18.6500    4.811669E-06  7.205518E-06  1.578108E+02 -1.509131E+01
    18.7000    6.434115E-06  7.178967E-06  1.581909E+02 -1.517484E+01
    18.7500    7.129796E-06  7.152416E-06  1.585709E+02 -1.525837E+01
    18.8000    6.806623E-06  7.125865E-06  1.589509E+02 -1.534190E+01
    18.8500    5.518101E-06  7.099314E-06  1.593309E+02 -1.542543E+01
    18.9000    3.454642E-06  7.072763E-06  1.597109E+02 -1.550896E+01
    18.9500    9.154583E-07  7.046212E-06  1.600909E+02 -1.559249E+01
    19.0000   -1.734814E-06  7.019661E-06  1.604709E+02 -1.567602E+01
    19.0500   -4.158196E-06  7.015460E-06  1.608557E+02 -1.575486E+01
    19.1000   -5.971181E-06  7.011259E-06  1.612404E+02 -1.583370E+01
    19.1500   -6.909630E-06  7.007058E-06  1.616251E+02 -1.591253E+01
    19.2000   -6.837485E-06  7.002857E-06  1.620098E+02 -1.599137E+01
    19.2500   -5.766499E-06  6.998656E-06  1.623945E+02 -1.607021E+01
    19.3000   -3.854336E-06  6.994455E-06  1.627792E+02 -1.614905E+01
    19.3500   -1.381366E-06  6.990254E-06  1.631639E+02 -1.622789E+01
    19.4000    1.290444E-06  6.986053E-06  1.635486E+02 -1.630672E+01
    19.4500    3.770515E-06  6.981852E-06  1.639333E+02 -1.638556E+01
    19.5000    5.696748E-06  6.977651E-06  1.643180E+02 -1.646440E+01
    19.5500    6.788393E-06  6.973450E-06  1.647027E+02 -1.654324E+01
    19.6000    6.886969E-06  6.969249E-06  1.650874E+02 -1.662208E+01
    19.6500    5.979273E-06  6.965048E-06  1.654721E+02 -1.670091E+01
    19.7000    4.199126E-06  6.960847E-06  1.658568E+02 -1.677975E+01
    19.7500    1.807654E-06  6.956646E-06  1.662415E+02 -1.685859E+01
    19.8000   -8.450212E-07  6.952445E-06  1.666263E+02 -1.693743E+01
    19.8500   -3.371039E-06  6.948244E-06  1.670110E+02 -1.701627E+01
    19.9000   -5.401512E-06  6.944043E-06  1.673957E+02 -1.709510E+01
    19.9500   -6.640395E-06  6.939842E-06  1.677804E+02 -1.717394E+01
    20.0000   -6.907649E-06  6.935641E-06  1.681651E+02 -1.725278E+01
