# xx                                                               FEFF 9.9.1
# POT  SCF 100  5.0000   0, core-hole, AFOLP (folp(0)= 1.150)
# Abs   Z=28 Rmt= 1.320 Rnm= 1.527 K  shell
# Pot 1 Z=28 Rmt= 1.302 Rnm= 1.519
# Pot 2 Z=30 Rmt= 1.280 Rnm= 1.497
# Pot 3 Z=19 Rmt= 2.061 Rnm= 2.170
# Pot 4 Z=17 Rmt= 1.374 Rnm= 1.582
# Gam_ch=1.576E+00 H-L exch Vi= 0.000E+00 Vr= 0.000E+00
# Mu=-7.123E+00eV kf=1.540E+00 Vint=-1.059E+01eV Rs_int= 2.355
# PATH  Rmax= 5.000,  Keep_limit= 0.00, Heap_limit 0.00  Pwcrit= 2.50%
 S02  1.000                                        Global sig2  0.00000
 Debye-waller factor    0.0000000000000000        0.0000000000000000     
 -----------------------------------------------------------------------
       k         chi           mag          phase        phase-2kr  @#
     0.0000   -2.117443E-01  2.882290E-01 -2.316458E+00 -2.316458E+00
     0.0500   -2.116347E-01  2.862216E-01 -2.309401E+00 -2.542950E+00
     0.1000   -2.114956E-01  2.842142E-01 -2.302344E+00 -2.769442E+00
     0.1500   -2.111371E-01  2.785073E-01 -2.281194E+00 -2.981842E+00
     0.2000   -2.105267E-01  2.728004E-01 -2.260045E+00 -3.194242E+00
     0.2500   -2.096996E-01  2.642262E-01 -2.224829E+00 -3.392576E+00
     0.3000   -2.082452E-01  2.556520E-01 -2.189614E+00 -3.590909E+00
     0.3500   -2.063080E-01  2.448008E-01 -2.139205E+00 -3.774050E+00
     0.4000   -2.032580E-01  2.339496E-01 -2.088797E+00 -3.957190E+00
     0.4500   -2.003137E-01  2.229570E-01 -2.025387E+00 -4.127330E+00
     0.5000   -1.959525E-01  2.119644E-01 -1.961977E+00 -4.297469E+00
     0.5500   -1.912706E-01  2.010805E-01 -1.884445E+00 -4.453486E+00
     0.6000   -1.849194E-01  1.901966E-01 -1.806912E+00 -4.609503E+00
     0.6500   -1.781805E-01  1.800706E-01 -1.715814E+00 -4.751954E+00
     0.7000   -1.696976E-01  1.699446E-01 -1.624715E+00 -4.894404E+00
     0.7500   -1.605765E-01  1.607834E-01 -1.520066E+00 -5.023304E+00
     0.8000   -1.497955E-01  1.516221E-01 -1.415417E+00 -5.152204E+00
     0.8500   -1.381429E-01  1.434699E-01 -1.297439E+00 -5.267776E+00
     0.9000   -1.250878E-01  1.353177E-01 -1.179461E+00 -5.383347E+00
     0.9500   -1.110224E-01  1.280870E-01 -1.048695E+00 -5.486130E+00
     1.0000   -9.600176E-02  1.208564E-01 -9.179300E-01 -5.588914E+00
     1.0500   -7.989734E-02  1.143483E-01 -7.736054E-01 -5.678139E+00
     1.1000   -6.347082E-02  1.078402E-01 -6.292808E-01 -5.767364E+00
     1.1500   -4.626022E-02  1.018747E-01 -4.713501E-01 -5.842982E+00
     1.2000   -2.957005E-02  9.590912E-02 -3.134193E-01 -5.918601E+00
     1.2500   -1.261425E-02  9.033888E-02 -1.400904E-01 -5.978821E+00
     1.3000    2.817073E-03  8.476863E-02  3.323861E-02 -6.039041E+00
     1.3500    1.743010E-02  7.934222E-02  2.214890E-01 -6.084340E+00
     1.4000    2.944587E-02  7.391581E-02  4.097394E-01 -6.129639E+00
     1.4500    3.955067E-02  6.849752E-02  6.155441E-01 -6.157383E+00
     1.5000    4.617812E-02  6.307923E-02  8.213489E-01 -6.185128E+00
     1.5500    4.986444E-02  5.757967E-02  1.047162E+00 -6.192864E+00
     1.6000    4.978745E-02  5.208011E-02  1.272975E+00 -6.200600E+00
     1.6500    4.647926E-02  4.653509E-02  1.521806E+00 -6.185319E+00
     1.7000    4.017431E-02  4.099007E-02  1.770636E+00 -6.170038E+00
     1.7500    3.157043E-02  3.553959E-02  2.047925E+00 -6.126298E+00
     1.8000    2.192505E-02  3.008911E-02  2.325214E+00 -6.082558E+00
     1.8500    1.192681E-02  2.501552E-02  2.644609E+00 -5.996712E+00
     1.9000    3.522883E-03  1.994194E-02  2.964004E+00 -5.910867E+00
     1.9500   -3.372169E-03  1.603317E-02  3.353500E+00 -5.754920E+00
     2.0000   -6.859983E-03  1.212440E-02  3.742996E+00 -5.598973E+00
     2.0500   -1.061085E-02  1.161673E-02  4.293180E+00 -5.282338E+00
     2.1000   -1.101391E-02  1.110906E-02  4.843364E+00 -4.965703E+00
     2.1500   -8.235620E-03  1.060139E-02  5.393548E+00 -4.649068E+00
     2.2000   -3.360924E-03  1.009373E-02  5.943732E+00 -4.332434E+00
     2.2500   -2.511136E-04  1.160675E-02  6.261548E+00 -4.248166E+00
     2.3000    3.829244E-03  1.311977E-02  6.579365E+00 -4.163899E+00
     2.3500    8.430508E-03  1.463279E-02  6.897181E+00 -4.079632E+00
     2.4000    1.296027E-02  1.614581E-02  7.214998E+00 -3.995365E+00
     2.4500    1.571999E-02  1.715029E-02  7.442683E+00 -4.001229E+00
     2.5000    1.784959E-02  1.815477E-02  7.670368E+00 -4.007093E+00
     2.5500    1.914064E-02  1.915924E-02  7.898053E+00 -4.012957E+00
     2.6000    1.942373E-02  2.016372E-02  8.125738E+00 -4.018821E+00
     2.6500    1.851320E-02  2.078218E-02  8.325629E+00 -4.052480E+00
     2.7000    1.675382E-02  2.140063E-02  8.525520E+00 -4.086138E+00
     2.7500    1.417443E-02  2.201909E-02  8.725411E+00 -4.119796E+00
     2.8000    1.084261E-02  2.263755E-02  8.925302E+00 -4.153454E+00
     2.8500    7.039285E-03  2.304870E-02  9.114410E+00 -4.197896E+00
     2.9000    2.837777E-03  2.345986E-02  9.303518E+00 -4.242337E+00
     2.9500   -1.618359E-03  2.387102E-02  9.492626E+00 -4.286778E+00
     3.0000   -6.171017E-03  2.428218E-02  9.681734E+00 -4.331219E+00
     3.0500   -1.048988E-02  2.455478E-02  9.866175E+00 -4.380327E+00
     3.1000   -1.454331E-02  2.482739E-02  1.005062E+01 -4.429435E+00
     3.1500   -1.818444E-02  2.509999E-02  1.023506E+01 -4.478543E+00
     3.2000   -2.127763E-02  2.537259E-02  1.041950E+01 -4.527651E+00
     3.2500   -2.356422E-02  2.551936E-02  1.060159E+01 -4.579112E+00
     3.3000   -2.509207E-02  2.566613E-02  1.078368E+01 -4.630573E+00
     3.3500   -2.580143E-02  2.581290E-02  1.096576E+01 -4.682033E+00
     3.4000   -2.565926E-02  2.595967E-02  1.114785E+01 -4.733494E+00
     3.4500   -2.454621E-02  2.597570E-02  1.132887E+01 -4.786023E+00
     3.5000   -2.262913E-02  2.599173E-02  1.150989E+01 -4.838553E+00
     3.5500   -1.996972E-02  2.600776E-02  1.169091E+01 -4.891082E+00
     3.6000   -1.665403E-02  2.602378E-02  1.187193E+01 -4.943612E+00
     3.6500   -1.273096E-02  2.591303E-02  1.205279E+01 -4.996299E+00
     3.7000   -8.427290E-03  2.580227E-02  1.223366E+01 -5.048987E+00
     3.7500   -3.886367E-03  2.569151E-02  1.241452E+01 -5.101674E+00
     3.8000    7.419499E-04  2.558076E-02  1.259538E+01 -5.154362E+00
     3.8500    5.289228E-03  2.535932E-02  1.277648E+01 -5.206805E+00
     3.9000    9.585480E-03  2.513787E-02  1.295759E+01 -5.259249E+00
     3.9500    1.349445E-02  2.491643E-02  1.313870E+01 -5.311692E+00
     4.0000    1.689496E-02  2.469499E-02  1.331980E+01 -5.364136E+00
     4.0500    1.960769E-02  2.437701E-02  1.350095E+01 -5.416533E+00
     4.1000    2.161065E-02  2.405904E-02  1.368211E+01 -5.468930E+00
     4.1500    2.285601E-02  2.374106E-02  1.386326E+01 -5.521327E+00
     4.2000    2.332239E-02  2.342308E-02  1.404441E+01 -5.573724E+00
     4.2500    2.298358E-02  2.307345E-02  1.422545E+01 -5.626229E+00
     4.3000    2.190461E-02  2.272382E-02  1.440650E+01 -5.678735E+00
     4.3500    2.014313E-02  2.237419E-02  1.458754E+01 -5.731240E+00
     4.4000    1.777803E-02  2.202456E-02  1.476859E+01 -5.783746E+00
     4.4500    1.489267E-02  2.167553E-02  1.495051E+01 -5.835370E+00
     4.5000    1.160753E-02  2.132650E-02  1.513244E+01 -5.886994E+00
     4.5500    8.045225E-03  2.097747E-02  1.531436E+01 -5.938618E+00
     4.6000    4.334024E-03  2.062843E-02  1.549629E+01 -5.990242E+00
     4.6500    5.663624E-04  2.029175E-02  1.568005E+01 -6.040029E+00
     4.7000   -3.097375E-03  1.995507E-02  1.586381E+01 -6.089816E+00
     4.7500   -6.535261E-03  1.961839E-02  1.604757E+01 -6.139603E+00
     4.8000   -9.637065E-03  1.928171E-02  1.623134E+01 -6.189390E+00
     4.8500   -1.235104E-02  1.896162E-02  1.641735E+01 -6.236921E+00
     4.9000   -1.454903E-02  1.864153E-02  1.660337E+01 -6.284453E+00
     4.9500   -1.617102E-02  1.832144E-02  1.678939E+01 -6.331985E+00
     5.0000   -1.717940E-02  1.800135E-02  1.697541E+01 -6.379516E+00
     5.0500   -1.758447E-02  1.770279E-02  1.716307E+01 -6.425397E+00
     5.1000   -1.735917E-02  1.740424E-02  1.735074E+01 -6.471277E+00
     5.1500   -1.653229E-02  1.710569E-02  1.753841E+01 -6.517157E+00
     5.2000   -1.515346E-02  1.680713E-02  1.772608E+01 -6.563037E+00
     5.2500   -1.329137E-02  1.652754E-02  1.791524E+01 -6.607432E+00
     5.3000   -1.101763E-02  1.624795E-02  1.810439E+01 -6.651827E+00
     5.3500   -8.428146E-03  1.596836E-02  1.829354E+01 -6.696222E+00
     5.4000   -5.627306E-03  1.568878E-02  1.848270E+01 -6.740617E+00
     5.4500   -2.721107E-03  1.543652E-02  1.867235E+01 -6.784512E+00
     5.5000    1.890533E-04  1.518427E-02  1.886201E+01 -6.828407E+00
     5.5500    2.997332E-03  1.493201E-02  1.905166E+01 -6.872302E+00
     5.6000    5.604950E-03  1.467976E-02  1.924132E+01 -6.916198E+00
     5.6500    7.938873E-03  1.444937E-02  1.943123E+01 -6.959828E+00
     5.7000    9.914628E-03  1.421899E-02  1.962115E+01 -7.003458E+00
     5.7500    1.147149E-02  1.398860E-02  1.981107E+01 -7.047088E+00
     5.8000    1.256605E-02  1.375821E-02  2.000099E+01 -7.090719E+00
     5.8500    1.319520E-02  1.355071E-02  2.019078E+01 -7.134478E+00
     5.9000    1.333265E-02  1.334321E-02  2.038057E+01 -7.178237E+00
     5.9500    1.298819E-02  1.313571E-02  2.057036E+01 -7.221997E+00
     6.0000    1.218900E-02  1.292821E-02  2.076015E+01 -7.265756E+00
     6.0500    1.099983E-02  1.274775E-02  2.095020E+01 -7.309255E+00
     6.1000    9.449005E-03  1.256730E-02  2.114025E+01 -7.352754E+00
     6.1500    7.602870E-03  1.238685E-02  2.133030E+01 -7.396252E+00
     6.2000    5.536775E-03  1.220639E-02  2.152035E+01 -7.439751E+00
     6.2500    3.332059E-03  1.202594E-02  2.171040E+01 -7.483250E+00
     6.3000    1.072863E-03  1.184548E-02  2.190045E+01 -7.526749E+00
     6.3500   -1.157069E-03  1.166503E-02  2.209050E+01 -7.570248E+00
     6.4000   -3.277492E-03  1.148458E-02  2.228055E+01 -7.613746E+00
     6.4500   -5.214547E-03  1.130412E-02  2.247060E+01 -7.657245E+00
     6.5000   -6.903332E-03  1.112367E-02  2.266065E+01 -7.700744E+00
     6.5500   -8.323334E-03  1.096373E-02  2.285319E+01 -7.741763E+00
     6.6000   -9.395920E-03  1.080380E-02  2.304572E+01 -7.782781E+00
     6.6500   -1.009108E-02  1.064386E-02  2.323825E+01 -7.823799E+00
     6.7000   -1.039387E-02  1.048393E-02  2.343078E+01 -7.864818E+00
     6.7500   -1.030456E-02  1.032399E-02  2.362331E+01 -7.905836E+00
     6.8000   -9.838216E-03  1.016406E-02  2.381584E+01 -7.946855E+00
     6.8500   -9.023684E-03  1.000412E-02  2.400837E+01 -7.987873E+00
     6.9000   -7.902118E-03  9.844190E-03  2.420090E+01 -8.028892E+00
     6.9500   -6.525039E-03  9.684255E-03  2.439343E+01 -8.069910E+00
     7.0000   -4.952062E-03  9.524320E-03  2.458596E+01 -8.110929E+00
     7.0500   -3.216725E-03  9.376477E-03  2.478257E+01 -8.147875E+00
     7.1000   -1.411706E-03  9.228633E-03  2.497917E+01 -8.184821E+00
     7.1500    3.906230E-04  9.080789E-03  2.517577E+01 -8.221767E+00
     7.2000    2.120197E-03  8.932946E-03  2.537237E+01 -8.258714E+00
     7.2500    3.711974E-03  8.785102E-03  2.556898E+01 -8.295660E+00
     7.3000    5.108385E-03  8.637258E-03  2.576558E+01 -8.332606E+00
     7.3500    6.261404E-03  8.489415E-03  2.596218E+01 -8.369553E+00
     7.4000    7.134177E-03  8.341571E-03  2.615879E+01 -8.406499E+00
     7.4500    7.702151E-03  8.193727E-03  2.635539E+01 -8.443445E+00
     7.5000    7.953668E-03  8.045884E-03  2.655199E+01 -8.480392E+00
     7.5500    7.910961E-03  7.919957E-03  2.675121E+01 -8.514726E+00
     7.6000    7.557708E-03  7.794031E-03  2.695042E+01 -8.549061E+00
     7.6500    6.917689E-03  7.668105E-03  2.714963E+01 -8.583396E+00
     7.7000    6.025542E-03  7.542179E-03  2.734885E+01 -8.617731E+00
     7.7500    4.925030E-03  7.416253E-03  2.754806E+01 -8.652066E+00
     7.8000    3.666971E-03  7.290326E-03  2.774728E+01 -8.686401E+00
     7.8500    2.306942E-03  7.164400E-03  2.794649E+01 -8.720736E+00
     7.9000    9.028477E-04  7.038474E-03  2.814571E+01 -8.755070E+00
     7.9500   -4.875292E-04  6.912548E-03  2.834492E+01 -8.789405E+00
     8.0000   -1.808904E-03  6.786621E-03  2.854413E+01 -8.823740E+00
     8.0500   -3.027639E-03  6.692688E-03  2.874377E+01 -8.857658E+00
     8.1000   -4.092890E-03  6.598754E-03  2.894340E+01 -8.891576E+00
     8.1500   -4.966345E-03  6.504820E-03  2.914303E+01 -8.925494E+00
     8.2000   -5.618474E-03  6.410886E-03  2.934266E+01 -8.959412E+00
     8.2500   -6.029492E-03  6.316953E-03  2.954229E+01 -8.993329E+00
     8.3000   -6.189905E-03  6.223019E-03  2.974192E+01 -9.027247E+00
     8.3500   -6.100614E-03  6.129085E-03  2.994155E+01 -9.061165E+00
     8.4000   -5.772590E-03  6.035151E-03  3.014119E+01 -9.095083E+00
     8.4500   -5.226146E-03  5.941217E-03  3.034082E+01 -9.129001E+00
     8.5000   -4.489836E-03  5.847284E-03  3.054045E+01 -9.162919E+00
     8.5500   -3.607210E-03  5.769996E-03  3.074058E+01 -9.196335E+00
     8.6000   -2.604569E-03  5.692708E-03  3.094071E+01 -9.229751E+00
     8.6500   -1.525279E-03  5.615420E-03  3.114085E+01 -9.263168E+00
     8.7000   -4.146750E-04  5.538132E-03  3.134098E+01 -9.296584E+00
     8.7500    6.818394E-04  5.460844E-03  3.154111E+01 -9.330000E+00
     8.8000    1.720646E-03  5.383556E-03  3.174125E+01 -9.363417E+00
     8.8500    2.661647E-03  5.306268E-03  3.194138E+01 -9.396833E+00
     8.9000    3.469812E-03  5.228980E-03  3.214151E+01 -9.430249E+00
     8.9500    4.116474E-03  5.151692E-03  3.234164E+01 -9.463666E+00
     9.0000    4.580331E-03  5.074404E-03  3.254178E+01 -9.497082E+00
     9.0500    4.856845E-03  5.004844E-03  3.274293E+01 -9.529481E+00
     9.1000    4.930797E-03  4.935284E-03  3.294408E+01 -9.561880E+00
     9.1500    4.804728E-03  4.865723E-03  3.314523E+01 -9.594279E+00
     9.2000    4.489296E-03  4.796163E-03  3.334638E+01 -9.626678E+00
     9.2500    4.002615E-03  4.726603E-03  3.354753E+01 -9.659077E+00
     9.3000    3.369311E-03  4.657043E-03  3.374868E+01 -9.691476E+00
     9.3500    2.619328E-03  4.587482E-03  3.394983E+01 -9.723875E+00
     9.4000    1.786540E-03  4.517922E-03  3.415098E+01 -9.756274E+00
     9.4500    9.072396E-04  4.448362E-03  3.435213E+01 -9.788673E+00
     9.5000    1.856613E-05  4.378801E-03  3.455328E+01 -9.821072E+00
     9.5500   -8.521523E-04  4.315367E-03  3.475629E+01 -9.851606E+00
     9.6000   -1.662793E-03  4.251933E-03  3.495931E+01 -9.882140E+00
     9.6500   -2.381594E-03  4.188498E-03  3.516233E+01 -9.912673E+00
     9.7000   -2.981531E-03  4.125064E-03  3.536534E+01 -9.943207E+00
     9.7500   -3.441327E-03  4.061629E-03  3.556836E+01 -9.973740E+00
     9.8000   -3.746187E-03  3.998195E-03  3.577137E+01 -1.000427E+01
     9.8500   -3.888238E-03  3.934760E-03  3.597439E+01 -1.003481E+01
     9.9000   -3.866662E-03  3.871326E-03  3.617740E+01 -1.006534E+01
     9.9500   -3.687522E-03  3.807892E-03  3.638042E+01 -1.009587E+01
    10.0000   -3.363302E-03  3.744457E-03  3.658344E+01 -1.012641E+01
    10.0500   -2.921181E-03  3.698995E-03  3.678875E+01 -1.015464E+01
    10.1000   -2.367721E-03  3.653532E-03  3.699407E+01 -1.018287E+01
    10.1500   -1.728916E-03  3.608070E-03  3.719939E+01 -1.021110E+01
    10.2000   -1.033753E-03  3.562607E-03  3.740471E+01 -1.023933E+01
    10.2500   -3.129055E-04  3.517145E-03  3.761003E+01 -1.026756E+01
    10.3000    4.026226E-04  3.471682E-03  3.781535E+01 -1.029579E+01
    10.3500    1.082825E-03  3.426220E-03  3.802067E+01 -1.032402E+01
    10.4000    1.699952E-03  3.380757E-03  3.822598E+01 -1.035225E+01
    10.4500    2.229645E-03  3.335295E-03  3.843130E+01 -1.038048E+01
    10.5000    2.651889E-03  3.289832E-03  3.863662E+01 -1.040872E+01
    10.5500    2.951762E-03  3.244370E-03  3.884194E+01 -1.043695E+01
    10.6000    3.119944E-03  3.198907E-03  3.904726E+01 -1.046518E+01
    10.6500    3.152971E-03  3.153445E-03  3.925258E+01 -1.049341E+01
    10.7000    3.053228E-03  3.107982E-03  3.945789E+01 -1.052164E+01
    10.7500    2.828689E-03  3.062520E-03  3.966321E+01 -1.054987E+01
    10.8000    2.492428E-03  3.017057E-03  3.986853E+01 -1.057810E+01
    10.8500    2.061912E-03  2.971595E-03  4.007385E+01 -1.060633E+01
    10.9000    1.558128E-03  2.926132E-03  4.027917E+01 -1.063456E+01
    10.9500    1.004582E-03  2.880670E-03  4.048449E+01 -1.066279E+01
    11.0000    4.262093E-04  2.835207E-03  4.068981E+01 -1.069102E+01
    11.0500   -1.557805E-04  2.803194E-03  4.089631E+01 -1.071807E+01
    11.1000   -7.180436E-04  2.771181E-03  4.110281E+01 -1.074512E+01
    11.1500   -1.237117E-03  2.739167E-03  4.130931E+01 -1.077217E+01
    11.2000   -1.691911E-03  2.707154E-03  4.151581E+01 -1.079922E+01
    11.2500   -2.064565E-03  2.675141E-03  4.172231E+01 -1.082627E+01
    11.3000   -2.341146E-03  2.643128E-03  4.192881E+01 -1.085332E+01
    11.3500   -2.512155E-03  2.611114E-03  4.213531E+01 -1.088036E+01
    11.4000   -2.572840E-03  2.579101E-03  4.234181E+01 -1.090741E+01
    11.4500   -2.523288E-03  2.547088E-03  4.254831E+01 -1.093446E+01
    11.5000   -2.368309E-03  2.515075E-03  4.275481E+01 -1.096151E+01
    11.5500   -2.117117E-03  2.483061E-03  4.296131E+01 -1.098856E+01
    11.6000   -1.782825E-03  2.451048E-03  4.316781E+01 -1.101561E+01
    11.6500   -1.381788E-03  2.419035E-03  4.337431E+01 -1.104266E+01
    11.7000   -9.328122E-04  2.387022E-03  4.358081E+01 -1.106970E+01
    11.7500   -4.562841E-04  2.355008E-03  4.378731E+01 -1.109675E+01
    11.8000    2.675301E-05  2.322995E-03  4.399381E+01 -1.112380E+01
    11.8500    4.955265E-04  2.290982E-03  4.420031E+01 -1.115085E+01
    11.9000    9.304275E-04  2.258968E-03  4.440682E+01 -1.117790E+01
    11.9500    1.313831E-03  2.226955E-03  4.461332E+01 -1.120495E+01
    12.0000    1.630809E-03  2.194942E-03  4.481982E+01 -1.123200E+01
    12.0500    1.877911E-03  2.169955E-03  4.502827E+01 -1.125709E+01
    12.1000    2.038522E-03  2.144969E-03  4.523673E+01 -1.128218E+01
    12.1500    2.107653E-03  2.119983E-03  4.544519E+01 -1.130727E+01
    12.2000    2.084414E-03  2.094996E-03  4.565365E+01 -1.133236E+01
    12.2500    1.971963E-03  2.070010E-03  4.586211E+01 -1.135745E+01
    12.3000    1.777276E-03  2.045023E-03  4.607056E+01 -1.138254E+01
    12.3500    1.510753E-03  2.020037E-03  4.627902E+01 -1.140764E+01
    12.4000    1.185684E-03  1.995050E-03  4.648748E+01 -1.143273E+01
    12.4500    8.175946E-04  1.970064E-03  4.669594E+01 -1.145782E+01
    12.5000    4.235150E-04  1.945077E-03  4.690439E+01 -1.148291E+01
    12.5500    2.119196E-05  1.920091E-03  4.711285E+01 -1.150800E+01
    12.6000   -3.717073E-04  1.895105E-03  4.732131E+01 -1.153309E+01
    12.6500   -7.383714E-04  1.870118E-03  4.752977E+01 -1.155818E+01
    12.7000   -1.063564E-03  1.845132E-03  4.773823E+01 -1.158328E+01
    12.7500   -1.334256E-03  1.820145E-03  4.794668E+01 -1.160837E+01
    12.8000   -1.540144E-03  1.795159E-03  4.815514E+01 -1.163346E+01
    12.8500   -1.674034E-03  1.770172E-03  4.836360E+01 -1.165855E+01
    12.9000   -1.732081E-03  1.745186E-03  4.857206E+01 -1.168364E+01
    12.9500   -1.713867E-03  1.720200E-03  4.878052E+01 -1.170873E+01
    13.0000   -1.622334E-03  1.695213E-03  4.898897E+01 -1.173382E+01
    13.0500   -1.468326E-03  1.677726E-03  4.919966E+01 -1.175669E+01
    13.1000   -1.252919E-03  1.660240E-03  4.941034E+01 -1.177955E+01
    13.1500   -9.869020E-04  1.642753E-03  4.962103E+01 -1.180241E+01
    13.2000   -6.830867E-04  1.625267E-03  4.983172E+01 -1.182528E+01
    13.2500   -3.556988E-04  1.607780E-03  5.004240E+01 -1.184814E+01
    13.3000   -1.971307E-05  1.590293E-03  5.025309E+01 -1.187101E+01
    13.3500    3.098311E-04  1.572807E-03  5.046377E+01 -1.189387E+01
    13.4000    6.185024E-04  1.555320E-03  5.067446E+01 -1.191673E+01
    13.4500    8.931101E-04  1.537834E-03  5.088514E+01 -1.193960E+01
    13.5000    1.122266E-03  1.520347E-03  5.109583E+01 -1.196246E+01
    13.5500    1.296857E-03  1.502860E-03  5.130651E+01 -1.198532E+01
    13.6000    1.410399E-03  1.485374E-03  5.151720E+01 -1.200819E+01
    13.6500    1.459272E-03  1.467887E-03  5.172788E+01 -1.203105E+01
    13.7000    1.442819E-03  1.450400E-03  5.193857E+01 -1.205392E+01
    13.7500    1.363305E-03  1.432914E-03  5.214926E+01 -1.207678E+01
    13.8000    1.225751E-03  1.415427E-03  5.235994E+01 -1.209964E+01
    13.8500    1.037646E-03  1.397941E-03  5.257063E+01 -1.212251E+01
    13.9000    8.085537E-04  1.380454E-03  5.278131E+01 -1.214537E+01
    13.9500    5.496313E-04  1.362967E-03  5.299200E+01 -1.216823E+01
    14.0000    2.730946E-04  1.345481E-03  5.320268E+01 -1.219110E+01
    14.0500   -1.099073E-05  1.331711E-03  5.341533E+01 -1.221200E+01
    14.1000   -2.887688E-04  1.317940E-03  5.362797E+01 -1.223291E+01
    14.1500   -5.478675E-04  1.304170E-03  5.384062E+01 -1.225381E+01
    14.2000   -7.770113E-04  1.290400E-03  5.405326E+01 -1.227471E+01
    14.2500   -9.665119E-04  1.276629E-03  5.426591E+01 -1.229562E+01
    14.3000   -1.108676E-03  1.262859E-03  5.447855E+01 -1.231652E+01
    14.3500   -1.198114E-03  1.249089E-03  5.469120E+01 -1.233743E+01
    14.4000   -1.231935E-03  1.235319E-03  5.490384E+01 -1.235833E+01
    14.4500   -1.209831E-03  1.221548E-03  5.511649E+01 -1.237924E+01
    14.5000   -1.134030E-03  1.207778E-03  5.532913E+01 -1.240014E+01
    14.5500   -1.009143E-03  1.194008E-03  5.554178E+01 -1.242104E+01
    14.6000   -8.419029E-04  1.180237E-03  5.575442E+01 -1.244195E+01
    14.6500   -6.408105E-04  1.166467E-03  5.596707E+01 -1.246285E+01
    14.7000   -4.157077E-04  1.152697E-03  5.617971E+01 -1.248376E+01
    14.7500   -1.772993E-04  1.138927E-03  5.639236E+01 -1.250466E+01
    14.8000    6.335453E-05  1.125156E-03  5.660500E+01 -1.252556E+01
    14.8500    2.953513E-04  1.111386E-03  5.681765E+01 -1.254647E+01
    14.9000    5.084398E-04  1.097616E-03  5.703030E+01 -1.256737E+01
    14.9500    6.934731E-04  1.083846E-03  5.724294E+01 -1.258828E+01
    15.0000    8.428000E-04  1.070075E-03  5.745559E+01 -1.260918E+01
    15.0500    9.583366E-04  1.063488E-03  5.767103E+01 -1.262729E+01
    15.1000    1.028343E-03  1.056901E-03  5.788647E+01 -1.264540E+01
    15.1500    1.050153E-03  1.050315E-03  5.810191E+01 -1.266350E+01
    15.2000    1.023359E-03  1.043728E-03  5.831735E+01 -1.268161E+01
    15.2500    9.498026E-04  1.037141E-03  5.853279E+01 -1.269972E+01
    15.3000    8.334629E-04  1.030554E-03  5.874823E+01 -1.271783E+01
    15.3500    6.802439E-04  1.023967E-03  5.896367E+01 -1.273594E+01
    15.4000    4.976784E-04  1.017380E-03  5.917912E+01 -1.275404E+01
    15.4500    2.945587E-04  1.010793E-03  5.939456E+01 -1.277215E+01
    15.5000    8.051391E-05  1.004206E-03  5.961000E+01 -1.279026E+01
    15.5500   -1.344463E-04  9.976193E-04  5.982544E+01 -1.280837E+01
    15.6000   -3.403996E-04  9.910324E-04  6.004088E+01 -1.282648E+01
    15.6500   -5.279695E-04  9.844455E-04  6.025632E+01 -1.284458E+01
    15.7000   -6.887513E-04  9.778586E-04  6.047176E+01 -1.286269E+01
    15.7500   -8.156890E-04  9.712717E-04  6.068720E+01 -1.288080E+01
    15.8000   -9.033840E-04  9.646848E-04  6.090264E+01 -1.289891E+01
    15.8500   -9.483225E-04  9.580979E-04  6.111809E+01 -1.291702E+01
    15.9000   -9.490134E-04  9.515110E-04  6.133353E+01 -1.293512E+01
    15.9500   -9.060299E-04  9.449241E-04  6.154897E+01 -1.295323E+01
    16.0000   -8.219552E-04  9.383372E-04  6.176441E+01 -1.297134E+01
    16.0500   -7.051595E-04  9.344037E-04  6.197671E+01 -1.299259E+01
    16.1000   -5.577871E-04  9.304703E-04  6.218902E+01 -1.301383E+01
    16.1500   -3.866948E-04  9.265368E-04  6.240132E+01 -1.303508E+01
    16.2000   -1.997448E-04  9.226034E-04  6.261362E+01 -1.305632E+01
    16.2500   -5.443852E-06  9.186699E-04  6.282593E+01 -1.307757E+01
    16.3000    1.874439E-04  9.147365E-04  6.303823E+01 -1.309881E+01
    16.3500    3.702923E-04  9.108031E-04  6.325053E+01 -1.312006E+01
    16.4000    5.349987E-04  9.068696E-04  6.346284E+01 -1.314131E+01
    16.4500    6.743432E-04  9.029362E-04  6.367514E+01 -1.316255E+01
    16.5000    7.823048E-04  8.990027E-04  6.388744E+01 -1.318380E+01
    16.5500    8.543213E-04  8.950693E-04  6.409975E+01 -1.320504E+01
    16.6000    8.874811E-04  8.911358E-04  6.431205E+01 -1.322629E+01
    16.6500    8.806398E-04  8.872024E-04  6.452435E+01 -1.324754E+01
    16.7000    8.344556E-04  8.832689E-04  6.473666E+01 -1.326878E+01
    16.7500    7.513448E-04  8.793355E-04  6.494896E+01 -1.329003E+01
    16.8000    6.353570E-04  8.754021E-04  6.516127E+01 -1.331127E+01
    16.8500    4.919796E-04  8.714686E-04  6.537357E+01 -1.333252E+01
    16.9000    3.278788E-04  8.675352E-04  6.558587E+01 -1.335376E+01
    16.9500    1.505896E-04  8.636017E-04  6.579818E+01 -1.337501E+01
    17.0000   -3.182930E-05  8.596683E-04  6.601048E+01 -1.339626E+01
    17.0500   -2.098685E-04  8.555592E-04  6.622127E+01 -1.341901E+01
    17.1000   -3.769498E-04  8.514502E-04  6.643207E+01 -1.344176E+01
    17.1500   -5.258015E-04  8.473412E-04  6.664287E+01 -1.346452E+01
    17.2000   -6.500273E-04  8.432321E-04  6.685366E+01 -1.348727E+01
    17.2500   -7.443809E-04  8.391231E-04  6.706446E+01 -1.351002E+01
    17.3000   -8.049866E-04  8.350140E-04  6.727525E+01 -1.353278E+01
    17.3500   -8.294984E-04  8.309050E-04  6.748605E+01 -1.355553E+01
    17.4000   -8.171878E-04  8.267959E-04  6.769684E+01 -1.357829E+01
    17.4500   -7.689615E-04  8.226869E-04  6.790764E+01 -1.360104E+01
    17.5000   -6.873041E-04  8.185778E-04  6.811843E+01 -1.362379E+01
    17.5500   -5.761534E-04  8.144688E-04  6.832923E+01 -1.364655E+01
    17.6000   -4.407116E-04  8.103597E-04  6.854002E+01 -1.366930E+01
    17.6500   -2.872024E-04  8.062507E-04  6.875082E+01 -1.369206E+01
    17.7000   -1.225853E-04  8.021416E-04  6.896161E+01 -1.371481E+01
    17.7500    4.575938E-05  7.980326E-04  6.917241E+01 -1.373756E+01
    17.8000    2.103615E-04  7.939236E-04  6.938321E+01 -1.376032E+01
    17.8500    3.639928E-04  7.898145E-04  6.959400E+01 -1.378307E+01
    17.9000    4.999840E-04  7.857055E-04  6.980480E+01 -1.380582E+01
    17.9500    6.125142E-04  7.815964E-04  7.001559E+01 -1.382858E+01
    18.0000    6.968600E-04  7.774874E-04  7.022639E+01 -1.385133E+01
    18.0500    7.493392E-04  7.732120E-04  7.043670E+01 -1.387457E+01
    18.1000    7.683570E-04  7.689366E-04  7.064700E+01 -1.389781E+01
    18.1500    7.534463E-04  7.646612E-04  7.085731E+01 -1.392105E+01
    18.2000    7.056381E-04  7.603859E-04  7.106762E+01 -1.394429E+01
    18.2500    6.273995E-04  7.561105E-04  7.127793E+01 -1.396753E+01
    18.3000    5.225096E-04  7.518351E-04  7.148824E+01 -1.399077E+01
    18.3500    3.958777E-04  7.475598E-04  7.169855E+01 -1.401401E+01
    18.4000    2.533148E-04  7.432844E-04  7.190886E+01 -1.403725E+01
    18.4500    1.012674E-04  7.390090E-04  7.211917E+01 -1.406049E+01
    18.5000   -5.347440E-05  7.347336E-04  7.232948E+01 -1.408374E+01
    18.5500   -2.040794E-04  7.304583E-04  7.253979E+01 -1.410698E+01
    18.6000   -3.439772E-04  7.261829E-04  7.275009E+01 -1.413022E+01
    18.6500   -4.671449E-04  7.219075E-04  7.296040E+01 -1.415346E+01
    18.7000   -5.683659E-04  7.176321E-04  7.317071E+01 -1.417670E+01
    18.7500   -6.434508E-04  7.133568E-04  7.338102E+01 -1.419994E+01
    18.8000   -6.894102E-04  7.090814E-04  7.359133E+01 -1.422318E+01
    18.8500   -7.045717E-04  7.048060E-04  7.380164E+01 -1.424642E+01
    18.9000   -6.886388E-04  7.005307E-04  7.401195E+01 -1.426966E+01
    18.9500   -6.426871E-04  6.962553E-04  7.422226E+01 -1.429290E+01
    19.0000   -5.691007E-04  6.919799E-04  7.443257E+01 -1.431614E+01
    19.0500   -4.720629E-04  6.880929E-04  7.464218E+01 -1.434007E+01
    19.1000   -3.555355E-04  6.842059E-04  7.485180E+01 -1.436400E+01
    19.1500   -2.248250E-04  6.803190E-04  7.506142E+01 -1.438793E+01
    19.2000   -8.579862E-05  6.764320E-04  7.527104E+01 -1.441186E+01
    19.2500    5.537941E-05  6.725450E-04  7.548066E+01 -1.443579E+01
    19.3000    1.925208E-04  6.686580E-04  7.569028E+01 -1.445972E+01
    19.3500    3.196846E-04  6.647710E-04  7.589990E+01 -1.448365E+01
    19.4000    4.314344E-04  6.608840E-04  7.610952E+01 -1.450758E+01
    19.4500    5.230708E-04  6.569970E-04  7.631914E+01 -1.453151E+01
    19.5000    5.908287E-04  6.531100E-04  7.652875E+01 -1.455544E+01
    19.5500    6.320309E-04  6.492231E-04  7.673837E+01 -1.457937E+01
    19.6000    6.451934E-04  6.453361E-04  7.694799E+01 -1.460330E+01
    19.6500    6.300757E-04  6.414491E-04  7.715761E+01 -1.462723E+01
    19.7000    5.876768E-04  6.375621E-04  7.736723E+01 -1.465116E+01
    19.7500    5.201771E-04  6.336751E-04  7.757685E+01 -1.467509E+01
    19.8000    4.308281E-04  6.297881E-04  7.778647E+01 -1.469902E+01
    19.8500    3.237977E-04  6.259011E-04  7.799609E+01 -1.472295E+01
    19.9000    2.039759E-04  6.220142E-04  7.820571E+01 -1.474688E+01
    19.9500    7.675238E-05  6.181272E-04  7.841533E+01 -1.477081E+01
    20.0000   -5.222617E-05  6.142402E-04  7.862494E+01 -1.479474E+01
