# # xx                                                           FEFF 9.9.1  
# # POT  SCF 100  5.0000   0, core-hole, AFOLP (folp(0)= 1.150)
# # Abs   Z=28 Rmt= 1.320 Rnm= 1.527 K  shell
# # Pot 1 Z=28 Rmt= 1.302 Rnm= 1.519
# # Pot 2 Z=30 Rmt= 1.280 Rnm= 1.497
# # Pot 3 Z=19 Rmt= 2.061 Rnm= 2.170
# # Pot 4 Z=17 Rmt= 1.374 Rnm= 1.582
# # Gam_ch=1.576E+00 H-L exch Vi= 0.000E+00 Vr= 0.000E+00
# # Mu=-7.123E+00eV kf=1.540E+00 Vint=-1.059E+01eV Rs_int= 2.355
# # PATH  Rmax= 5.000,  Keep_limit= 0.00, Heap_limit 0.00  Pwcrit= 2.50%
#  S02=1.000  Temp=   0.00  Debye_temp=   0.00  Global_sig2= 0.00000
#  Energy zero shift, vr, vi    0.00000E+00   0.00000E+00
#  Curved wave amplitude ratio filter   4.000%
#     file         sig2 tot  cw amp ratio   deg  nlegs   reff  inp sig2
#           1       0.00000    100.00      1.00     2   2.2463
#           2       0.00000     91.60      1.00     2   2.3355
#           3       0.00000     86.95      1.00     2   2.3891
#           4       0.00000     84.35      1.00     2   2.4208
#           5       0.00000     29.01      1.00     2   3.7168
#           6       0.00000     26.68      1.00     2   3.8394
#           7       0.00000     12.65      2.00     3   4.0191
#           8       0.00000     12.79      2.00     3   4.0234
#           9       0.00000     23.41      1.00     2   4.0357
#          10       0.00000     22.73      1.00     2   4.0594
#          11       0.00000     15.65      1.00     2   4.1582
#          12       0.00000     13.28      2.00     3   4.2204
#          13       0.00000      9.77      2.00     3   4.2360
#          14       0.00000     17.79      1.00     2   4.4385
#          15       0.00000     10.96      2.00     3   4.4404
#          16       0.00000     17.83      1.00     2   4.4634
#          17       0.00000     19.38      2.00     3   4.4658
#          18       0.00000     11.46      2.00     3   4.4787
#          19       0.00000     13.41      1.00     4   4.4926
#          20       0.00000     12.43      2.00     3   4.5004
#          21       0.00000      9.41      2.00     3   4.5398
#          22       0.00000      6.75      2.00     4   4.5818
#          23       0.00000     12.58      2.00     3   4.6188
#          24       0.00000      4.14      2.00     4   4.6354
#          25       0.00000     14.04      2.00     4   4.6671
#          26       0.00000     10.83      1.00     4   4.6710
#          27       0.00000      9.18      2.00     3   4.7524
#          29       0.00000      9.56      1.00     4   4.7783
#          31       0.00000      5.58      2.00     4   4.8099
#          32       0.00000      8.90      1.00     4   4.8416
#          33       0.00000     10.38      2.00     3   4.9811
#    31/  33 paths used
#  xsedge+50, used to normalize mu           2.6113E-04
#  -----------------------------------------------------------------------
#  omega    e    k    mu    mu0     chi     @#
    8336.366     -7.123   0.000  1.02053E-01  3.41115E-01 -4.96550E-01
    8336.376     -7.114   0.050  1.03485E-01  3.46168E-01 -5.00470E-01
    8336.404     -7.085   0.100  1.04927E-01  3.51221E-01 -5.04314E-01
    8336.452     -7.038   0.150  1.09489E-01  3.66427E-01 -5.15242E-01
    8336.519     -6.971   0.200  1.14168E-01  3.81634E-01 -5.25498E-01
    8336.604     -6.885   0.250  1.21775E-01  4.06486E-01 -5.41200E-01
    8336.709     -6.780   0.300  1.29844E-01  4.31339E-01 -5.55062E-01
    8336.833     -6.657   0.350  1.39443E-01  4.63268E-01 -5.71378E-01
    8336.976     -6.514   0.400  1.50398E-01  4.95197E-01 -5.84095E-01
    8337.138     -6.352   0.450  1.59773E-01  5.30662E-01 -5.98455E-01
    8337.319     -6.171   0.500  1.71916E-01  5.66127E-01 -6.07251E-01
    8337.519     -5.971   0.550  1.81571E-01  6.03006E-01 -6.16769E-01
    8337.738     -5.752   0.600  1.96152E-01  6.39884E-01 -6.18515E-01
    8337.976     -5.514   0.650  2.08899E-01  6.77388E-01 -6.20891E-01
    8338.233     -5.256   0.700  2.28588E-01  7.14891E-01 -6.14277E-01
    8338.509     -4.980   0.750  2.48316E-01  7.52242E-01 -6.07475E-01
    8338.805     -4.685   0.800  2.77228E-01  7.89592E-01 -5.90678E-01
    8339.119     -4.371   0.850  3.08863E-01  8.25554E-01 -5.71811E-01
    8339.452     -4.037   0.900  3.51832E-01  8.61516E-01 -5.42337E-01
    8339.805     -3.685   0.950  4.01143E-01  8.94567E-01 -5.07638E-01
    8340.176     -3.313   1.000  4.63372E-01  9.27618E-01 -4.62301E-01
    8340.567     -2.923   1.050  5.35738E-01  9.56285E-01 -4.08018E-01
    8340.976     -2.513   1.100  6.21240E-01  9.84953E-01 -3.44032E-01
    8341.405     -2.085   1.150  7.17927E-01  1.00817E+00 -2.69485E-01
    8341.853     -1.637   1.200  8.25032E-01  1.03139E+00 -1.88136E-01
    8342.319     -1.170   1.250  9.42732E-01  1.04866E+00 -9.54310E-02
    8342.805     -0.685   1.300  1.06290E+00  1.06592E+00 -2.68861E-03
    8343.310     -0.180   1.350  1.17645E+00  1.07735E+00  8.77116E-02
    8343.834      0.344   1.400  1.26975E+00  1.08878E+00  1.59198E-01
    8344.377      0.887   1.450  1.33355E+00  1.09493E+00  2.09608E-01
    8344.939      1.449   1.500  1.36453E+00  1.10107E+00  2.31083E-01
    8345.520      2.030   1.550  1.36213E+00  1.10281E+00  2.27940E-01
    8346.120      2.630   1.600  1.33657E+00  1.10455E+00  2.04371E-01
    8346.739      3.249   1.650  1.29613E+00  1.10285E+00  1.71049E-01
    8347.377      3.887   1.700  1.25248E+00  1.10115E+00  1.34555E-01
    8348.034      4.545   1.750  1.20913E+00  1.09695E+00  1.00386E-01
    8348.711      5.221   1.800  1.17143E+00  1.09276E+00  7.08630E-02
    8349.406      5.916   1.850  1.13385E+00  1.08691E+00  4.25927E-02
    8350.120      6.631   1.900  1.10108E+00  1.08106E+00  1.83008E-02
    8350.854      7.364   1.950  1.06692E+00  1.07412E+00 -6.63132E-03
    8351.606      8.117   2.000  1.04321E+00  1.06717E+00 -2.22588E-02
    8352.378      8.888   2.050  1.01946E+00  1.06022E+00 -3.81641E-02
    8353.168      9.679   2.100  1.00840E+00  1.05326E+00 -4.23354E-02
    8353.978     10.488   2.150  1.01016E+00  1.04631E+00 -3.43874E-02
    8354.807     11.317   2.200  1.02112E+00  1.03935E+00 -1.74796E-02
    8355.654     12.165   2.250  1.02701E+00  1.03291E+00 -5.69769E-03
    8356.521     13.031   2.300  1.03686E+00  1.02646E+00  1.01046E-02
    8357.407     13.917   2.350  1.04854E+00  1.02002E+00  2.79125E-02
    8358.312     14.822   2.400  1.05945E+00  1.01357E+00  4.52101E-02
    8359.236     15.746   2.450  1.06494E+00  1.00853E+00  5.58741E-02
    8360.179     16.689   2.500  1.06719E+00  1.00349E+00  6.34244E-02
    8361.141     17.651   2.550  1.06580E+00  9.98444E-01  6.74021E-02
    8362.122     18.632   2.600  1.06061E+00  9.93401E-01  6.76102E-02
    8363.122     19.632   2.650  1.05328E+00  9.90070E-01  6.37839E-02
    8364.141     20.651   2.700  1.04244E+00  9.86739E-01  5.63832E-02
    8365.179     21.690   2.750  1.02895E+00  9.83408E-01  4.62459E-02
    8366.237     22.747   2.800  1.01382E+00  9.80077E-01  3.43764E-02
    8367.313     23.823   2.850  9.99529E-01  9.78507E-01  2.14431E-02
    8368.408     24.919   2.900  9.84029E-01  9.76938E-01  7.24263E-03
    8369.523     26.033   2.950  9.68306E-01  9.75368E-01 -7.22147E-03
    8370.656     27.166   3.000  9.53201E-01  9.73799E-01 -2.10890E-02
    8371.809     28.319   3.050  9.39972E-01  9.73856E-01 -3.46743E-02
    8372.980     29.491   3.100  9.27574E-01  9.73913E-01 -4.73955E-02
    8374.171     30.681   3.150  9.16403E-01  9.73970E-01 -5.88485E-02
    8375.381     31.891   3.200  9.06773E-01  9.74028E-01 -6.87158E-02
    8376.609     33.120   3.250  9.00257E-01  9.75486E-01 -7.67112E-02
    8377.857     34.367   3.300  8.95883E-01  9.76945E-01 -8.24949E-02
    8379.124     35.634   3.350  8.93858E-01  9.78403E-01 -8.58697E-02
    8380.410     36.920   3.400  8.94312E-01  9.79861E-01 -8.67192E-02
    8381.715     38.225   3.450  8.98754E-01  9.82391E-01 -8.45254E-02
    8383.039     39.549   3.500  9.05841E-01  9.84921E-01 -7.96805E-02
    8384.382     40.892   3.550  9.15485E-01  9.87451E-01 -7.22957E-02
    8385.744     42.254   3.600  9.27553E-01  9.89981E-01 -6.25267E-02
    8387.125     43.635   3.650  9.42752E-01  9.93189E-01 -5.03363E-02
    8388.525     45.035   3.700  9.59903E-01  9.96397E-01 -3.62915E-02
    8389.944     46.455   3.750  9.78700E-01  9.99605E-01 -2.07154E-02
    8391.382     47.893   3.800  9.98764E-01  1.00281E+00 -3.99765E-03
    8392.840     49.350   3.850  1.01987E+00  1.00625E+00  1.33973E-02
    8394.316     50.826   3.900  1.04112E+00  1.00969E+00  3.08120E-02
    8395.812     52.322   3.950  1.06182E+00  1.01313E+00  4.75650E-02
    8397.326     53.836   4.000  1.08119E+00  1.01656E+00  6.29042E-02
    8398.860     55.370   4.050  1.09799E+00  1.01977E+00  7.58907E-02
    8400.412     56.922   4.100  1.11170E+00  1.02297E+00  8.58142E-02
    8401.984     58.494   4.150  1.12162E+00  1.02617E+00  9.20177E-02
    8403.574     60.085   4.200  1.12722E+00  1.02938E+00  9.40356E-02
    8405.184     61.694   4.250  1.12741E+00  1.03194E+00  9.15250E-02
    8406.813     63.323   4.300  1.12306E+00  1.03451E+00  8.47022E-02
    8408.461     64.971   4.350  1.11463E+00  1.03708E+00  7.40025E-02
    8410.128     66.638   4.400  1.10284E+00  1.03964E+00  6.01582E-02
    8411.813     68.324   4.450  1.08769E+00  1.04127E+00  4.41282E-02
    8413.518     70.029   4.500  1.07140E+00  1.04290E+00  2.70558E-02
    8415.242     71.753   4.550  1.05517E+00  1.04453E+00  1.00891E-02
    8416.986     73.496   4.600  1.04014E+00  1.04616E+00 -5.70211E-03
    8418.748     75.258   4.650  1.02615E+00  1.04672E+00 -1.94799E-02
    8420.529     77.039   4.700  1.01493E+00  1.04728E+00 -3.06292E-02
    8422.329     78.839   4.750  1.00681E+00  1.04785E+00 -3.88400E-02
    8424.148     80.659   4.800  1.00181E+00  1.04841E+00 -4.40997E-02
    8425.987     82.497   4.850  9.98495E-01  1.04793E+00 -4.68214E-02
    8427.844     84.354   4.900  9.97486E-01  1.04745E+00 -4.73645E-02
    8429.720     86.231   4.950  9.98171E-01  1.04697E+00 -4.63002E-02
    8431.616     88.126   5.000  9.99933E-01  1.04650E+00 -4.42127E-02
    8433.530     90.041   5.050  1.00130E+00  1.04519E+00 -4.17415E-02
    8435.464     91.974   5.100  1.00281E+00  1.04388E+00 -3.91220E-02
    8437.417     93.927   5.150  1.00427E+00  1.04257E+00 -3.65465E-02
    8439.388     95.899   5.200  1.00567E+00  1.04126E+00 -3.40180E-02
    8441.379     97.889   5.250  1.00661E+00  1.03941E+00 -3.14116E-02
    8443.389     99.899   5.300  1.00801E+00  1.03755E+00 -2.83608E-02
    8445.418    101.928   5.350  1.01019E+00  1.03569E+00 -2.45311E-02
    8447.465    103.976   5.400  1.01348E+00  1.03384E+00 -1.96309E-02
    8449.532    106.043   5.450  1.01780E+00  1.03178E+00 -1.35084E-02
    8451.618    108.129   5.500  1.02346E+00  1.02972E+00 -6.06572E-03
    8453.723    110.234   5.550  1.03023E+00  1.02767E+00  2.49092E-03
    8455.847    112.358   5.600  1.03768E+00  1.02561E+00  1.17437E-02
    8457.990    114.501   5.650  1.04534E+00  1.02365E+00  2.11454E-02
    8460.153    116.663   5.700  1.05237E+00  1.02168E+00  2.99779E-02
    8462.334    118.844   5.750  1.05805E+00  1.01972E+00  3.75245E-02
    8464.534    121.044   5.800  1.06173E+00  1.01775E+00  4.31403E-02
    8466.753    123.264   5.850  1.06338E+00  1.01616E+00  4.64117E-02
    8468.992    125.502   5.900  1.06229E+00  1.01456E+00  4.69842E-02
    8471.249    127.760   5.950  1.05842E+00  1.01296E+00  4.48273E-02
    8473.526    130.036   6.000  1.05203E+00  1.01136E+00  4.01673E-02
    8475.821    132.332   6.050  1.04450E+00  1.01061E+00  3.34949E-02
    8478.136    134.646   6.100  1.03547E+00  1.00986E+00  2.53296E-02
    8480.469    136.980   6.150  1.02568E+00  1.00911E+00  1.63959E-02
    8482.822    139.332   6.200  1.01586E+00  1.00836E+00  7.42580E-03
    8485.194    141.704   6.250  1.00667E+00  1.00761E+00 -9.35896E-04
    8487.585    144.095   6.300  9.98588E-01  1.00686E+00 -8.20392E-03
    8489.994    146.505   6.350  9.91916E-01  1.00611E+00 -1.40877E-02
    8492.423    148.934   6.400  9.86745E-01  1.00536E+00 -1.84880E-02
    8494.871    151.381   6.450  9.83014E-01  1.00461E+00 -2.14641E-02
    8497.338    153.848   6.500  9.80548E-01  1.00386E+00 -2.31863E-02
    8499.824    156.334   6.550  9.79984E-01  1.00404E+00 -2.39201E-02
    8502.329    158.840   6.600  9.80176E-01  1.00422E+00 -2.39020E-02
    8504.853    161.364   6.650  9.80859E-01  1.00441E+00 -2.33969E-02
    8507.396    163.907   6.700  9.81840E-01  1.00459E+00 -2.25953E-02
    8509.959    166.469   6.750  9.83030E-01  1.00477E+00 -2.15874E-02
    8512.540    169.050   6.800  9.84440E-01  1.00495E+00 -2.03610E-02
    8515.140    171.651   6.850  9.86166E-01  1.00513E+00 -1.88225E-02
    8517.760    174.270   6.900  9.88345E-01  1.00531E+00 -1.68344E-02
    8520.398    176.908   6.950  9.91115E-01  1.00549E+00 -1.42619E-02
    8523.055    179.566   7.000  9.94563E-01  1.00567E+00 -1.10183E-02
    8525.732    182.242   7.050  9.98640E-01  1.00572E+00 -7.01790E-03
    8528.428    184.938   7.100  1.00332E+00  1.00576E+00 -2.41566E-03
    8531.142    187.653   7.150  1.00840E+00  1.00580E+00  2.57299E-03
    8533.876    190.386   7.200  1.01355E+00  1.00584E+00  7.63855E-03
    8536.629    193.139   7.250  1.01841E+00  1.00589E+00  1.24133E-02
    8539.400    195.911   7.300  1.02259E+00  1.00593E+00  1.65198E-02
    8542.191    198.701   7.350  1.02577E+00  1.00597E+00  1.96223E-02
    8545.001    201.511   7.400  1.02768E+00  1.00601E+00  2.14746E-02
    8547.830    204.340   7.450  1.02821E+00  1.00606E+00  2.19535E-02
    8550.678    207.188   7.500  1.02736E+00  1.00610E+00  2.10747E-02
    8553.545    210.055   7.550  1.02438E+00  1.00522E+00  1.90077E-02
    8556.431    212.941   7.600  1.02039E+00  1.00434E+00  1.59408E-02
    8559.336    215.846   7.650  1.01574E+00  1.00346E+00  1.22136E-02
    8562.260    218.771   7.700  1.01082E+00  1.00257E+00  8.20047E-03
    8565.203    221.714   7.750  1.00597E+00  1.00169E+00  4.25988E-03
    8568.166    224.676   7.800  1.00151E+00  1.00081E+00  6.90719E-04
    8571.147    227.657   7.850  9.97628E-01  9.99932E-01 -2.29957E-03
    8574.147    230.658   7.900  9.94437E-01  9.99050E-01 -4.60997E-03
    8577.167    233.677   7.950  9.91927E-01  9.98169E-01 -6.24318E-03
    8580.205    236.716   8.000  9.90010E-01  9.97288E-01 -7.28688E-03
    8583.263    239.773   8.050  9.87866E-01  9.95758E-01 -7.91447E-03
    8586.339    242.850   8.100  9.86013E-01  9.94227E-01 -8.25071E-03
    8589.435    245.945   8.150  9.84299E-01  9.92696E-01 -8.44878E-03
    8592.550    249.060   8.200  9.82609E-01  9.91166E-01 -8.62373E-03
    8595.683    252.194   8.250  9.80886E-01  9.89635E-01 -8.83197E-03
    8598.836    255.346   8.300  9.79141E-01  9.88105E-01 -9.06335E-03
    8602.008    258.518   8.350  9.77444E-01  9.86574E-01 -9.24659E-03
    8605.199    261.709   8.400  9.75909E-01  9.85044E-01 -9.26651E-03
    8608.409    264.919   8.450  9.74666E-01  9.83513E-01 -8.98951E-03
    8611.638    268.148   8.500  9.73834E-01  9.81982E-01 -8.29271E-03
    8614.886    271.396   8.550  9.73553E-01  9.80529E-01 -7.11035E-03
    8618.153    274.663   8.600  9.73803E-01  9.79075E-01 -5.38128E-03
    8621.439    277.949   8.650  9.74543E-01  9.77621E-01 -3.14657E-03
    8624.744    281.254   8.700  9.75658E-01  9.76168E-01 -5.22026E-04
    8628.068    284.579   8.750  9.76969E-01  9.74714E-01  2.31227E-03
    8631.411    287.922   8.800  9.78258E-01  9.73260E-01  5.13261E-03
    8634.774    291.284   8.850  9.79292E-01  9.71806E-01  7.69916E-03
    8638.155    294.665   8.900  9.79853E-01  9.70353E-01  9.78613E-03
    8641.556    298.066   8.950  9.79765E-01  9.68899E-01  1.12099E-02
    8644.975    301.485   9.000  9.78915E-01  9.67445E-01  1.18512E-02
    8648.413    304.924   9.050  9.77845E-01  9.66535E-01  1.16970E-02
    8651.871    308.381   9.100  9.75993E-01  9.65625E-01  1.07325E-02
    8655.348    311.858   9.150  9.73464E-01  9.64714E-01  9.06584E-03
    8658.843    315.354   9.200  9.70428E-01  9.63804E-01  6.86969E-03
    8662.358    318.868   9.250  9.67093E-01  9.62894E-01  4.35872E-03
    8665.892    322.402   9.300  9.63681E-01  9.61983E-01  1.76350E-03
    8669.445    325.955   9.350  9.60404E-01  9.61073E-01 -6.96045E-04
    8673.016    329.527   9.400  9.57440E-01  9.60163E-01 -2.83385E-03
    8676.607    333.118   9.450  9.54919E-01  9.59252E-01 -4.51478E-03
    8680.217    336.728   9.500  9.52911E-01  9.58342E-01 -5.66399E-03
    8683.846    340.357   9.550  9.51714E-01  9.57734E-01 -6.28305E-03
    8687.494    344.005   9.600  9.51015E-01  9.57127E-01 -6.38209E-03
    8691.162    347.672   9.650  9.50732E-01  9.56519E-01 -6.04689E-03
    8694.848    351.358   9.700  9.50753E-01  9.55911E-01 -5.39343E-03
    8698.553    355.063   9.750  9.50955E-01  9.55304E-01 -4.54934E-03
    8702.277    358.788   9.800  9.51222E-01  9.54696E-01 -3.63626E-03
    8706.020    362.531   9.850  9.51458E-01  9.54088E-01 -2.75551E-03
    8709.783    366.293   9.900  9.51593E-01  9.53481E-01 -1.97853E-03
    8713.564    370.075   9.950  9.51593E-01  9.52873E-01 -1.34295E-03
    8717.365    373.875  10.000  9.51452E-01  9.52265E-01 -8.54092E-04
    8721.184    377.695  10.050  9.50699E-01  9.51167E-01 -4.91977E-04
    8725.023    381.533  10.100  9.49863E-01  9.50068E-01 -2.15807E-04
    8728.880    385.391  10.150  9.48992E-01  9.48970E-01  2.34175E-05
    8732.757    389.267  10.200  9.48131E-01  9.47871E-01  2.73853E-04
    8736.653    393.163  10.250  9.47316E-01  9.46773E-01  5.73442E-04
    8740.567    397.078  10.300  9.46567E-01  9.45674E-01  9.43109E-04
    8744.501    401.012  10.350  9.45883E-01  9.44576E-01  1.38326E-03
    8748.454    404.965  10.400  9.45246E-01  9.43477E-01  1.87383E-03
    8752.426    408.936  10.450  9.44621E-01  9.42379E-01  2.37742E-03
    8756.417    412.927  10.500  9.43960E-01  9.41280E-01  2.84494E-03
    8760.427    416.937  10.550  9.43213E-01  9.40182E-01  3.22256E-03
    8764.456    420.966  10.600  9.42334E-01  9.39083E-01  3.45904E-03
    8768.504    425.015  10.650  9.41281E-01  9.37985E-01  3.51232E-03
    8772.571    429.082  10.700  9.40031E-01  9.36886E-01  3.35480E-03
    8776.658    433.168  10.750  9.38575E-01  9.35788E-01  2.97668E-03
    8780.763    437.273  10.800  9.36922E-01  9.34689E-01  2.38737E-03
    8784.887    441.397  10.850  9.35099E-01  9.33591E-01  1.61501E-03
    8789.030    445.541  10.900  9.33150E-01  9.32492E-01  7.04399E-04
    8793.193    449.703  10.950  9.31127E-01  9.31394E-01 -2.86314E-04
    8797.374    453.885  11.000  9.29095E-01  9.30295E-01 -1.28980E-03
    8801.575    458.085  11.050  9.26831E-01  9.28934E-01 -2.26263E-03
    8805.794    462.305  11.100  9.24689E-01  9.27573E-01 -3.10793E-03
    8810.033    466.543  11.150  9.22735E-01  9.26212E-01 -3.75200E-03
    8814.291    470.801  11.200  9.21025E-01  9.24850E-01 -4.13413E-03
    8818.567    475.078  11.250  9.19597E-01  9.23489E-01 -4.21308E-03
    8822.863    479.373  11.300  9.18464E-01  9.22128E-01 -3.97227E-03
    8827.178    483.688  11.350  9.17614E-01  9.20767E-01 -3.42300E-03
    8831.512    488.022  11.400  9.17009E-01  9.19406E-01 -2.60516E-03
    8835.865    492.375  11.450  9.16589E-01  9.18044E-01 -1.58508E-03
    8840.237    496.747  11.500  9.16270E-01  9.16683E-01 -4.50425E-04
    8844.628    501.138  11.550  9.15961E-01  9.15322E-01  6.97624E-04
    8849.038    505.548  11.600  9.15564E-01  9.13961E-01  1.75425E-03
    8853.467    509.977  11.650  9.14993E-01  9.12599E-01  2.62202E-03
    8857.915    514.425  11.700  9.14175E-01  9.11238E-01  3.22181E-03
    8862.382    518.893  11.750  9.13064E-01  9.09877E-01  3.50222E-03
    8866.868    523.379  11.800  9.11647E-01  9.08516E-01  3.44615E-03
    8871.374    527.884  11.850  9.09943E-01  9.07155E-01  3.07354E-03
    8875.898    532.408  11.900  9.08004E-01  9.05793E-01  2.43957E-03
    8880.442    536.952  11.950  9.05905E-01  9.04432E-01  1.62823E-03
    8885.004    541.514  12.000  9.03741E-01  9.03071E-01  7.42062E-04
    8889.585    546.096  12.050  9.01911E-01  9.02015E-01 -1.15208E-04
    8894.186    550.696  12.100  9.00205E-01  9.00959E-01 -8.35985E-04
    8898.806    555.316  12.150  8.98695E-01  8.99903E-01 -1.34172E-03
    8903.444    559.955  12.200  8.97419E-01  8.98846E-01 -1.58809E-03
    8908.102    564.612  12.250  8.96380E-01  8.97790E-01 -1.57094E-03
    8912.779    569.289  12.300  8.95545E-01  8.96734E-01 -1.32626E-03
    8917.475    573.985  12.350  8.94850E-01  8.95678E-01 -9.23904E-04
    8922.189    578.700  12.400  8.94214E-01  8.94622E-01 -4.56021E-04
    8926.923    583.434  12.450  8.93547E-01  8.93566E-01 -2.17522E-05
    8931.676    588.187  12.500  8.92768E-01  8.92510E-01  2.89319E-04
    8936.448    592.959  12.550  8.91822E-01  8.91454E-01  4.12356E-04
    8941.239    597.750  12.600  8.90681E-01  8.90398E-01  3.18548E-04
    8946.049    602.560  12.650  8.89360E-01  8.89342E-01  2.05374E-05
    8950.879    607.389  12.700  8.87904E-01  8.88286E-01 -4.29039E-04
    8955.727    612.237  12.750  8.86390E-01  8.87229E-01 -9.45806E-04
    8960.594    617.104  12.800  8.84908E-01  8.86173E-01 -1.42748E-03
    8965.480    621.991  12.850  8.83549E-01  8.85117E-01 -1.77106E-03
    8970.386    626.896  12.900  8.82389E-01  8.84061E-01 -1.89068E-03
    8975.310    631.820  12.950  8.81474E-01  8.83005E-01 -1.73295E-03
    8980.254    636.764  13.000  8.80813E-01  8.81949E-01 -1.28749E-03
    8985.216    641.726  13.050  8.80033E-01  8.80555E-01 -5.92535E-04
    8990.198    646.708  13.100  8.79411E-01  8.79162E-01  2.83968E-04
    8995.198    651.709  13.150  8.78851E-01  8.77768E-01  1.23362E-03
    9000.218    656.728  13.200  8.78241E-01  8.76374E-01  2.12893E-03
    9005.257    661.767  13.250  8.77469E-01  8.74981E-01  2.84218E-03
    9010.314    666.825  13.300  8.76441E-01  8.73587E-01  3.26505E-03
    9015.391    671.902  13.350  8.75096E-01  8.72194E-01  3.32603E-03
    9020.487    676.997  13.400  8.73416E-01  8.70800E-01  3.00264E-03
    9025.602    682.112  13.450  8.71430E-01  8.69406E-01  2.32628E-03
    9030.736    687.246  13.500  8.69210E-01  8.68013E-01  1.37879E-03
    9035.889    692.399  13.550  8.66863E-01  8.66619E-01  2.81026E-04
    9041.061    697.571  13.600  8.64511E-01  8.65225E-01 -8.24988E-04
    9046.252    702.762  13.650  8.62279E-01  8.63832E-01 -1.79728E-03
    9051.462    707.973  13.700  8.60268E-01  8.62438E-01 -2.51532E-03
    9056.691    713.202  13.750  8.58548E-01  8.61045E-01 -2.89799E-03
    9061.940    718.450  13.800  8.57144E-01  8.59651E-01 -2.91514E-03
    9067.207    723.717  13.850  8.56033E-01  8.58257E-01 -2.59095E-03
    9072.493    729.004  13.900  8.55151E-01  8.56864E-01 -1.99842E-03
    9077.799    734.309  13.950  8.54404E-01  8.55470E-01 -1.24621E-03
    9083.123    739.634  14.000  8.53683E-01  8.54076E-01 -4.59972E-04
    9088.467    744.977  14.050  8.52951E-01  8.52751E-01  2.33471E-04
    9093.829    750.340  14.100  8.52065E-01  8.51426E-01  7.50209E-04
    9099.211    755.721  14.150  8.50976E-01  8.50101E-01  1.02864E-03
    9104.611    761.122  14.200  8.49669E-01  8.48776E-01  1.05106E-03
    9110.031    766.542  14.250  8.48168E-01  8.47451E-01  8.45331E-04
    9115.470    771.980  14.300  8.46532E-01  8.46126E-01  4.79017E-04
    9120.928    777.438  14.350  8.44841E-01  8.44801E-01  4.68051E-05
    9126.405    782.915  14.400  8.43184E-01  8.43476E-01 -3.46669E-04
    9131.900    788.411  14.450  8.41641E-01  8.42151E-01 -6.05754E-04
    9137.415    793.926  14.500  8.40270E-01  8.40826E-01 -6.61175E-04
    9142.949    799.460  14.550  8.39096E-01  8.39501E-01 -4.82769E-04
    9148.502    805.013  14.600  8.38105E-01  8.38176E-01 -8.52781E-05
    9154.075    810.585  14.650  8.37248E-01  8.36851E-01  4.73855E-04
    9159.666    816.176  14.700  8.36449E-01  8.35526E-01  1.10425E-03
    9165.276    821.786  14.750  8.35619E-01  8.34201E-01  1.69811E-03
    9170.905    827.416  14.800  8.34667E-01  8.32876E-01  2.14856E-03
    9176.553    833.064  14.850  8.33521E-01  8.31551E-01  2.36774E-03
    9182.221    838.731  14.900  8.32138E-01  8.30226E-01  2.30127E-03
    9187.907    844.418  14.950  8.30508E-01  8.28901E-01  1.93710E-03
    9193.613    850.123  15.000  8.28659E-01  8.27576E-01  1.30742E-03
    9199.337    855.848  15.050  8.26661E-01  8.26264E-01  4.80226E-04
    9205.081    861.591  15.100  8.24578E-01  8.24952E-01 -4.52888E-04
    9210.843    867.354  15.150  8.22506E-01  8.23639E-01 -1.37482E-03
    9216.625    873.135  15.200  8.20544E-01  8.22327E-01 -2.16730E-03
    9222.426    878.936  15.250  8.18774E-01  8.21014E-01 -2.72824E-03
    9228.245    884.756  15.300  8.17253E-01  8.19702E-01 -2.98683E-03
    9234.084    890.595  15.350  8.16004E-01  8.18390E-01 -2.91424E-03
    9239.942    896.452  15.400  8.15011E-01  8.17077E-01 -2.52781E-03
    9245.819    902.329  15.450  8.14224E-01  8.15765E-01 -1.88825E-03
    9251.715    908.225  15.500  8.13564E-01  8.14452E-01 -1.08994E-03
    9257.630    914.140  15.550  8.12940E-01  8.13140E-01 -2.45858E-04
    9263.564    920.074  15.600  8.12258E-01  8.11828E-01  5.30269E-04
    9269.517    926.027  15.650  8.11441E-01  8.10515E-01  1.14165E-03
    9275.489    932.000  15.700  8.10436E-01  8.09203E-01  1.52290E-03
    9281.480    937.991  15.750  8.09223E-01  8.07890E-01  1.64888E-03
    9287.491    944.001  15.800  8.07818E-01  8.06578E-01  1.53646E-03
    9293.520    950.030  15.850  8.06264E-01  8.05266E-01  1.23911E-03
    9299.568    956.079  15.900  8.04625E-01  8.03953E-01  8.35782E-04
    9305.636    962.146  15.950  8.02975E-01  8.02641E-01  4.15928E-04
    9311.722    968.233  16.000  8.01380E-01  8.01328E-01  6.38266E-05
    9317.828    974.338  16.050  7.99745E-01  7.99876E-01 -1.63306E-04
    9323.952    980.463  16.100  7.98249E-01  7.98423E-01 -2.17293E-04
    9330.096    986.606  16.150  7.96898E-01  7.96970E-01 -9.06766E-05
    9336.259    992.769  16.200  7.95668E-01  7.95517E-01  1.88905E-04
    9342.440    998.951  16.250  7.94512E-01  7.94065E-01  5.63670E-04
    9348.641   1005.151  16.300  7.93369E-01  7.92612E-01  9.55617E-04
    9354.861   1011.371  16.350  7.92172E-01  7.91159E-01  1.27977E-03
    9361.100   1017.610  16.400  7.90858E-01  7.89706E-01  1.45862E-03
    9367.358   1023.868  16.450  7.89385E-01  7.88253E-01  1.43542E-03
    9373.634   1030.145  16.500  7.87733E-01  7.86801E-01  1.18418E-03
    9379.930   1036.441  16.550  7.85909E-01  7.85348E-01  7.14881E-04
    9386.246   1042.756  16.600  7.83952E-01  7.83895E-01  7.29118E-05
    9392.580   1049.090  16.650  7.81920E-01  7.82442E-01 -6.67004E-04
    9398.933   1055.443  16.700  7.79887E-01  7.80989E-01 -1.41155E-03
    9405.305   1061.815  16.750  7.77928E-01  7.79537E-01 -2.06249E-03
    9411.696   1068.207  16.800  7.76114E-01  7.78084E-01 -2.53115E-03
    9418.106   1074.617  16.850  7.74494E-01  7.76631E-01 -2.75153E-03
    9424.536   1081.046  16.900  7.73093E-01  7.75178E-01 -2.68992E-03
    9430.984   1087.495  16.950  7.71907E-01  7.73725E-01 -2.34978E-03
    9437.452   1093.962  17.000  7.70905E-01  7.72273E-01 -1.77101E-03
    9443.938   1100.449  17.050  7.70133E-01  7.70923E-01 -1.02487E-03
    9450.444   1106.954  17.100  7.69420E-01  7.69574E-01 -1.99789E-04
    9456.968   1113.479  17.150  7.68691E-01  7.68224E-01  6.06801E-04
    9463.512   1120.022  17.200  7.67875E-01  7.66875E-01  1.30359E-03
    9470.075   1126.585  17.250  7.66917E-01  7.65526E-01  1.81770E-03
    9476.656   1133.167  17.300  7.65784E-01  7.64176E-01  2.10399E-03
    9483.257   1139.768  17.350  7.64467E-01  7.62827E-01  2.14987E-03
    9489.877   1146.387  17.400  7.62982E-01  7.61477E-01  1.97531E-03
    9496.516   1153.026  17.450  7.61366E-01  7.60128E-01  1.62803E-03
    9503.174   1159.684  17.500  7.59670E-01  7.58778E-01  1.17481E-03
    9509.851   1166.361  17.550  7.57952E-01  7.57429E-01  6.90508E-04
    9516.547   1173.057  17.600  7.56266E-01  7.56079E-01  2.46397E-04
    9523.262   1179.772  17.650  7.54654E-01  7.54730E-01 -1.00284E-04
    9529.996   1186.507  17.700  7.53144E-01  7.53381E-01 -3.14041E-04
    9536.749   1193.260  17.750  7.51741E-01  7.52031E-01 -3.85044E-04
    9543.522   1200.032  17.800  7.50435E-01  7.50682E-01 -3.28828E-04
    9550.313   1206.823  17.850  7.49196E-01  7.49332E-01 -1.82026E-04
    9557.123   1213.634  17.900  7.47987E-01  7.47983E-01  5.00663E-06
    9563.953   1220.463  17.950  7.46766E-01  7.46633E-01  1.77387E-04
    9570.801   1227.311  18.000  7.45497E-01  7.45284E-01  2.85177E-04
    9577.669   1234.179  18.050  7.44076E-01  7.43857E-01  2.95006E-04
    9584.555   1241.066  18.100  7.42567E-01  7.42430E-01  1.84262E-04
    9591.461   1247.971  18.150  7.40970E-01  7.41003E-01 -4.41673E-05
    9598.385   1254.896  18.200  7.39305E-01  7.39576E-01 -3.66141E-04
    9605.329   1261.839  18.250  7.37602E-01  7.38149E-01 -7.40213E-04
    9612.292   1268.802  18.300  7.35900E-01  7.36721E-01 -1.11413E-03
    9619.274   1275.784  18.350  7.34241E-01  7.35294E-01 -1.43276E-03
    9626.275   1282.785  18.400  7.32659E-01  7.33867E-01 -1.64630E-03
    9633.294   1289.805  18.450  7.31182E-01  7.32440E-01 -1.71739E-03
    9640.333   1296.844  18.500  7.29824E-01  7.31013E-01 -1.62628E-03
    9647.391   1303.902  18.550  7.28584E-01  7.29586E-01 -1.37335E-03
    9654.468   1310.979  18.600  7.27446E-01  7.28159E-01 -9.78792E-04
    9661.564   1318.075  18.650  7.26383E-01  7.26732E-01 -4.79653E-04
    9668.680   1325.190  18.700  7.25359E-01  7.25305E-01  7.52287E-05
    9675.814   1332.324  18.750  7.24335E-01  7.23878E-01  6.31479E-04
    9682.967   1339.477  18.800  7.23271E-01  7.22451E-01  1.13581E-03
    9690.139   1346.650  18.850  7.22136E-01  7.21024E-01  1.54209E-03
    9697.331   1353.841  18.900  7.20904E-01  7.19596E-01  1.81608E-03
    9704.541   1361.051  18.950  7.19562E-01  7.18169E-01  1.93851E-03
    9711.771   1368.281  19.000  7.18109E-01  7.16742E-01  1.90608E-03
    9719.019   1375.529  19.050  7.16573E-01  7.15334E-01  1.73209E-03
    9726.287   1382.797  19.100  7.14953E-01  7.13926E-01  1.43872E-03
    9733.573   1390.084  19.150  7.13273E-01  7.12518E-01  1.05963E-03
    9740.879   1397.389  19.200  7.11560E-01  7.11110E-01  6.33765E-04
    9748.204   1404.714  19.250  7.09844E-01  7.09701E-01  2.01050E-04
    9755.547   1412.058  19.300  7.08150E-01  7.08293E-01 -2.01620E-04
    9762.910   1419.420  19.350  7.06501E-01  7.06885E-01 -5.43709E-04
    9770.292   1426.802  19.400  7.04910E-01  7.05477E-01 -8.03471E-04
    9777.693   1434.203  19.450  7.03386E-01  7.04069E-01 -9.69322E-04
    9785.113   1441.623  19.500  7.01930E-01  7.02661E-01 -1.04013E-03
    9792.552   1449.062  19.550  7.00534E-01  7.01252E-01 -1.02448E-03
    9800.010   1456.520  19.600  6.99187E-01  6.99844E-01 -9.39034E-04
    9807.487   1463.997  19.650  6.97873E-01  6.98436E-01 -8.06107E-04
    9814.983   1471.493  19.700  6.96574E-01  6.97028E-01 -6.50805E-04
    9822.498   1479.009  19.750  6.95273E-01  6.95620E-01 -4.97878E-04
    9830.032   1486.543  19.800  6.93956E-01  6.94212E-01 -3.68664E-04
    9837.586   1494.096  19.850  6.92610E-01  6.92803E-01 -2.78436E-04
    9845.158   1501.668  19.900  6.91233E-01  6.91395E-01 -2.34470E-04
    9852.749   1509.260  19.950  6.89825E-01  6.89987E-01 -2.35091E-04
    9860.360   1516.870  20.000  6.88393E-01  6.88579E-01 -2.69887E-04
