0.0000   0.00001067
0.0250   0.00001306
0.0500   0.00001439
0.0750   0.00001530
0.1000   0.00001596
0.1250   0.00001645
0.1500   0.00001683
0.1750   0.00001714
0.2000   0.00001739
0.2250   0.00001760
0.2500   0.00001779
0.2750   0.00001796
0.3000   0.00001812
0.3250   0.00001828
0.3500   0.00001843
0.3750   0.00001860
0.4000   0.00001878
0.4250   0.00001896
0.4500   0.00001913
0.4750   0.00001928
0.5000   0.00001940
0.5250   0.00001950
0.5500   0.00001960
0.5750   0.00001968
0.6000   0.00001976
0.6250   0.00001983
0.6500   0.00001990
0.6750   0.00001997
0.7000   0.00002004
0.7250   0.00002011
0.7500   0.00002018
0.7750   0.00002026
0.8000   0.00002035
0.8250   0.00002046
0.8500   0.00002058
0.8750   0.00002072
0.9000   0.00002086
0.9250   0.00002100
0.9500   0.00002112
0.9750   0.00002122
1.0000   0.00002131
1.0250   0.00002139
1.0500   0.00002146
1.0750   0.00002153
1.1000   0.00002160
1.1250   0.00002167
1.1500   0.00002174
1.1750   0.00002182
1.2000   0.00002191
1.2250   0.00002201
1.2500   0.00002213
1.2750   0.00002227
1.3000   0.00002241
1.3250   0.00002255
1.3500   0.00002267
1.3750   0.00002278
1.4000   0.00002287
1.4250   0.00002295
1.4500   0.00002302
1.4750   0.00002309
1.5000   0.00002317
1.5250   0.00002324
1.5500   0.00002332
1.5750   0.00002341
1.6000   0.00002352
1.6250   0.00002364
1.6500   0.00002372
1.6750   0.00002377
1.7000   0.00002382
1.7250   0.00002386
1.7500   0.00002388
1.7750   0.00002390
1.8000   0.00002391
1.8250   0.00002393
1.8500   0.00002395
1.8750   0.00002397
1.9000   0.00002401
1.9250   0.00002405
1.9500   0.00002412
1.9750   0.00002420
2.0000   0.00002430
2.0250   0.00002442
2.0500   0.00002452
2.0750   0.00002462
2.1000   0.00002471
2.1250   0.00002479
2.1500   0.00002487
2.1750   0.00002494
2.2000   0.00002503
2.2250   0.00002512
2.2500   0.00002523
2.2750   0.00002535
2.3000   0.00002548
2.3250   0.00002563
2.3500   0.00002577
2.3750   0.00002590
2.4000   0.00002603
2.4250   0.00002614
2.4500   0.00002625
2.4750   0.00002637
2.5000   0.00002649
2.5250   0.00002662
2.5500   0.00002677
2.5750   0.00002693
2.6000   0.00002710
2.6250   0.00002727
2.6500   0.00002742
2.6750   0.00002757
2.7000   0.00002771
2.7250   0.00002785
2.7500   0.00002800
2.7750   0.00002815
2.8000   0.00002832
2.8250   0.00002850
2.8500   0.00002869
2.8750   0.00002887
2.9000   0.00002905
2.9250   0.00002922
2.9500   0.00002938
2.9750   0.00002955
3.0000   0.00002973
3.0250   0.00002991
3.0500   0.00003011
3.0750   0.00003031
3.1000   0.00003050
3.1250   0.00003069
3.1500   0.00003088
3.1750   0.00003106
3.2000   0.00003125
3.2250   0.00003144
3.2500   0.00003164
3.2750   0.00003185
3.3000   0.00003207
3.3250   0.00003228
3.3500   0.00003249
3.3750   0.00003270
3.4000   0.00003291
3.4250   0.00003313
3.4500   0.00003335
3.4750   0.00003358
3.5000   0.00003381
3.5250   0.00003405
3.5500   0.00003429
3.5750   0.00003452
3.6000   0.00003476
3.6250   0.00003500
3.6500   0.00003525
3.6750   0.00003550
3.7000   0.00003576
3.7250   0.00003601
3.7500   0.00003626
3.7750   0.00003652
3.8000   0.00003678
3.8250   0.00003705
3.8500   0.00003732
3.8750   0.00003760
3.9000   0.00003787
3.9250   0.00003815
3.9500   0.00003844
3.9750   0.00003873
4.0000   0.00003902
4.0250   0.00003931
4.0500   0.00003961
4.0750   0.00003991
4.1000   0.00004021
4.1250   0.00004051
4.1500   0.00004083
4.1750   0.00004114
4.2000   0.00004145
4.2250   0.00004177
4.2500   0.00004209
4.2750   0.00004242
4.3000   0.00004276
4.3250   0.00004310
4.3500   0.00004344
4.3750   0.00004379
4.4000   0.00004415
4.4250   0.00004450
4.4500   0.00004487
4.4750   0.00004523
4.5000   0.00004560
4.5250   0.00004597
4.5500   0.00004635
4.5750   0.00004673
4.6000   0.00004712
4.6250   0.00004751
4.6500   0.00004791
4.6750   0.00004831
4.7000   0.00004871
4.7250   0.00004913
4.7500   0.00004954
4.7750   0.00004997
4.8000   0.00005040
4.8250   0.00005085
4.8500   0.00005130
4.8750   0.00005175
4.9000   0.00005221
4.9250   0.00005268
4.9500   0.00005316
4.9750   0.00005365
5.0000   0.00005414
5.0250   0.00005464
5.0500   0.00005514
5.0750   0.00005566
5.1000   0.00005618
5.1250   0.00005672
5.1500   0.00005726
5.1750   0.00005780
5.2000   0.00005836
5.2250   0.00005892
5.2500   0.00005949
5.2750   0.00006008
5.3000   0.00006067
5.3250   0.00006127
5.3500   0.00006188
5.3750   0.00006250
5.4000   0.00006313
5.4250   0.00006377
5.4500   0.00006442
5.4750   0.00006508
5.5000   0.00006575
5.5250   0.00006644
5.5500   0.00006713
5.5750   0.00006783
5.6000   0.00006855
5.6250   0.00006928
5.6500   0.00007002
5.6750   0.00007078
5.7000   0.00007155
5.7250   0.00007233
5.7500   0.00007312
5.7750   0.00007393
5.8000   0.00007475
5.8250   0.00007558
5.8500   0.00007643
5.8750   0.00007730
5.9000   0.00007818
5.9250   0.00007908
5.9500   0.00007999
5.9750   0.00008092
6.0000   0.00008187
6.0250   0.00008284
6.0500   0.00008382
6.0750   0.00008482
6.1000   0.00008584
6.1250   0.00008688
6.1500   0.00008793
6.1750   0.00008901
6.2000   0.00009010
6.2250   0.00009122
6.2500   0.00009236
6.2750   0.00009352
6.3000   0.00009470
6.3250   0.00009591
6.3500   0.00009715
6.3750   0.00009841
6.4000   0.00009970
6.4250   0.00010102
6.4500   0.00010236
6.4750   0.00010373
6.5000   0.00010513
6.5250   0.00010656
6.5500   0.00010802
6.5750   0.00010951
6.6000   0.00011103
6.6250   0.00011259
6.6500   0.00011418
6.6750   0.00011581
6.7000   0.00011747
6.7250   0.00011918
6.7500   0.00012093
6.7750   0.00012271
6.8000   0.00012455
6.8250   0.00012642
6.8500   0.00012834
6.8750   0.00013030
6.9000   0.00013231
6.9250   0.00013436
6.9500   0.00013646
6.9750   0.00013861
7.0000   0.00014082
7.0250   0.00014307
7.0500   0.00014538
7.0750   0.00014775
7.1000   0.00015018
7.1250   0.00015267
7.1500   0.00015523
7.1750   0.00015786
7.2000   0.00016055
7.2250   0.00016332
7.2500   0.00016617
7.2750   0.00016909
7.3000   0.00017209
7.3250   0.00017518
7.3500   0.00017835
7.3750   0.00018161
7.4000   0.00018497
7.4250   0.00018842
7.4500   0.00019197
7.4750   0.00019563
7.5000   0.00019939
7.5250   0.00020327
7.5500   0.00020727
7.5750   0.00021139
7.6000   0.00021564
7.6250   0.00022002
7.6500   0.00022454
7.6750   0.00022920
7.7000   0.00023401
7.7250   0.00023898
7.7500   0.00024412
7.7750   0.00024942
7.8000   0.00025489
7.8250   0.00026056
7.8500   0.00026641
7.8750   0.00027246
7.9000   0.00027873
7.9250   0.00028521
7.9500   0.00029193
7.9750   0.00029889
8.0000   0.00030609
8.0250   0.00031357
8.0500   0.00032132
8.0750   0.00032935
8.1000   0.00033770
8.1250   0.00034636
8.1500   0.00035536
8.1750   0.00036470
8.2000   0.00037442
8.2250   0.00038452
8.2500   0.00039503
8.2750   0.00040597
8.3000   0.00041735
8.3250   0.00042921
8.3500   0.00044156
8.3750   0.00045444
8.4000   0.00046786
8.4250   0.00048186
8.4500   0.00049647
8.4750   0.00051172
8.5000   0.00052764
8.5250   0.00054427
8.5500   0.00056165
8.5750   0.00057980
8.6000   0.00059879
8.6250   0.00061863
8.6500   0.00063939
8.6750   0.00066110
8.7000   0.00068382
8.7250   0.00070759
8.7500   0.00073246
8.7750   0.00075848
8.8000   0.00078570
8.8250   0.00081418
8.8500   0.00084397
8.8750   0.00087511
8.9000   0.00090766
8.9250   0.00094166
8.9500   0.00097716
8.9750   0.00101418
9.0000   0.00105275
9.0250   0.00109482
9.0500   0.00113596
9.0750   0.00117875
9.1000   0.00122320
9.1250   0.00126929
9.1500   0.00131699
9.1750   0.00136623
9.2000   0.00141692
9.2250   0.00146896
9.2500   0.00152220
9.2750   0.00157644
9.3000   0.00163148
9.3250   0.00168703
9.3500   0.00174279
9.3750   0.00179843
9.4000   0.00185355
9.4250   0.00190774
9.4500   0.00196055
9.4750   0.00201150
9.5000   0.00206013
9.5250   0.00210597
9.5500   0.00214855
9.5750   0.00218744
9.6000   0.00222228
9.6250   0.00225272
9.6500   0.00227852
9.6750   0.00229948
9.7000   0.00231550
9.7250   0.00232656
9.7500   0.00233272
9.7750   0.00233411
9.8000   0.00233092
9.8250   0.00232340
9.8500   0.00231185
9.8750   0.00229661
9.9000   0.00227803
9.9250   0.00225648
9.9500   0.00223233
9.9750   0.00220595
10.0000   0.00217770
10.0250   0.00214792
10.0500   0.00211693
10.0750   0.00208502
10.1000   0.00205249
10.1250   0.00201956
10.1500   0.00198648
10.1750   0.00195344
10.2000   0.00192060
10.2250   0.00188813
10.2500   0.00185614
10.2750   0.00182475
10.3000   0.00179405
10.3250   0.00176410
10.3500   0.00173496
10.3750   0.00170667
10.4000   0.00167927
10.4250   0.00165278
10.4500   0.00162721
10.4750   0.00160257
10.5000   0.00157887
10.5250   0.00155610
10.5500   0.00153427
10.5750   0.00151338
10.6000   0.00149342
10.6250   0.00147438
10.6500   0.00145627
10.6750   0.00143908
10.7000   0.00142281
10.7250   0.00140746
10.7500   0.00139302
10.7750   0.00137950
10.8000   0.00136690
10.8250   0.00135522
10.8500   0.00134446
10.8750   0.00133461
10.9000   0.00132569
10.9250   0.00131769
10.9500   0.00131060
10.9750   0.00130444
11.0000   0.00129919
11.0250   0.00129486
11.0500   0.00129145
11.0750   0.00128895
11.1000   0.00128735
11.1250   0.00128667
11.1500   0.00128688
11.1750   0.00128799
11.2000   0.00128999
11.2250   0.00129288
11.2500   0.00129664
11.2750   0.00130127
11.3000   0.00130675
11.3250   0.00131307
11.3500   0.00132023
11.3750   0.00132819
11.4000   0.00133693
11.4250   0.00134644
11.4500   0.00135668
11.4750   0.00136761
11.5000   0.00137920
11.5250   0.00139141
11.5500   0.00140417
11.5750   0.00141745
11.6000   0.00143116
11.6250   0.00144526
11.6500   0.00145967
11.6750   0.00147432
11.7000   0.00148911
11.7250   0.00150398
11.7500   0.00151883
11.7750   0.00153359
11.8000   0.00154816
11.8250   0.00156246
11.8500   0.00157641
11.8750   0.00158994
11.9000   0.00160297
11.9250   0.00161545
11.9500   0.00162732
11.9750   0.00163853
12.0000   0.00164905
12.0250   0.00165886
12.0500   0.00166795
12.0750   0.00167631
12.1000   0.00168396
12.1250   0.00169091
12.1500   0.00169720
12.1750   0.00170285
12.2000   0.00170792
12.2250   0.00171246
12.2500   0.00171652
12.2750   0.00172016
12.3000   0.00172344
12.3250   0.00172642
12.3500   0.00172917
12.3750   0.00173174
12.4000   0.00173420
12.4250   0.00173661
12.4500   0.00173902
12.4750   0.00174148
12.5000   0.00174404
12.5250   0.00174674
12.5500   0.00174963
12.5750   0.00175275
12.6000   0.00175611
12.6250   0.00175977
12.6500   0.00176372
12.6750   0.00176801
12.7000   0.00177265
12.7250   0.00177764
12.7500   0.00178300
12.7750   0.00178875
12.8000   0.00179488
12.8250   0.00180139
12.8500   0.00180829
12.8750   0.00181557
12.9000   0.00182324
12.9250   0.00183127
12.9500   0.00183967
12.9750   0.00184843
13.0000   0.00185753
13.0250   0.00186696
13.0500   0.00187670
13.0750   0.00188674
13.1000   0.00189707
13.1250   0.00190765
13.1500   0.00191848
13.1750   0.00192953
13.2000   0.00194079
13.2250   0.00195222
13.2500   0.00196380
13.2750   0.00197551
13.3000   0.00198733
13.3250   0.00199922
13.3500   0.00201117
13.3750   0.00202314
13.4000   0.00203510
13.4250   0.00204704
13.4500   0.00205892
13.4750   0.00207072
13.5000   0.00208241
13.5250   0.00209396
13.5500   0.00210534
13.5750   0.00211653
13.6000   0.00212751
13.6250   0.00213825
13.6500   0.00214872
13.6750   0.00215890
13.7000   0.00216876
13.7250   0.00217830
13.7500   0.00218748
13.7750   0.00219629
13.8000   0.00220470
13.8250   0.00221271
13.8500   0.00222029
13.8750   0.00222744
13.9000   0.00223414
13.9250   0.00224038
13.9500   0.00224615
13.9750   0.00225144
14.0000   0.00225626
14.0250   0.00226058
14.0500   0.00226442
14.0750   0.00226776
14.1000   0.00227062
14.1250   0.00227299
14.1500   0.00227487
14.1750   0.00227627
14.2000   0.00227720
14.2250   0.00227765
14.2500   0.00227764
14.2750   0.00227718
14.3000   0.00227628
14.3250   0.00227494
14.3500   0.00227317
14.3750   0.00227099
14.4000   0.00226841
14.4250   0.00226543
14.4500   0.00226208
14.4750   0.00225837
14.5000   0.00225430
14.5250   0.00224988
14.5500   0.00224514
14.5750   0.00224009
14.6000   0.00223472
14.6250   0.00222907
14.6500   0.00222314
14.6750   0.00221694
14.7000   0.00221048
14.7250   0.00220377
14.7500   0.00219683
14.7750   0.00218966
14.8000   0.00218227
14.8250   0.00217468
14.8500   0.00216688
14.8750   0.00215890
14.9000   0.00215073
14.9250   0.00214238
14.9500   0.00213387
14.9750   0.00212519
15.0000   0.00211635
15.0250   0.00210737
15.0500   0.00209823
15.0750   0.00208896
15.1000   0.00207955
15.1250   0.00207000
15.1500   0.00206033
15.1750   0.00205053
15.2000   0.00204061
15.2250   0.00203058
15.2500   0.00202043
15.2750   0.00201017
15.3000   0.00199980
15.3250   0.00198933
15.3500   0.00197875
15.3750   0.00196808
15.4000   0.00195732
15.4250   0.00194646
15.4500   0.00193552
15.4750   0.00192449
15.5000   0.00191338
15.5250   0.00190220
15.5500   0.00189094
15.5750   0.00187961
15.6000   0.00186822
15.6250   0.00185677
15.6500   0.00184526
15.6750   0.00183370
15.7000   0.00182210
15.7250   0.00181046
15.7500   0.00179878
15.7750   0.00178707
15.8000   0.00177533
15.8250   0.00176358
15.8500   0.00175182
15.8750   0.00174006
15.9000   0.00172829
15.9250   0.00171654
15.9500   0.00170480
15.9750   0.00169308
16.0000   0.00168139
16.0250   0.00166974
16.0500   0.00165813
16.0750   0.00164657
16.1000   0.00163507
16.1250   0.00162364
16.1500   0.00161227
16.1750   0.00160098
16.2000   0.00158978
16.2250   0.00157867
16.2500   0.00156765
16.2750   0.00155674
16.3000   0.00154593
16.3250   0.00153524
16.3500   0.00152466
16.3750   0.00151421
16.4000   0.00150389
16.4250   0.00149369
16.4500   0.00148363
16.4750   0.00147371
16.5000   0.00146393
16.5250   0.00145429
16.5500   0.00144480
16.5750   0.00143546
16.6000   0.00142626
16.6250   0.00141722
16.6500   0.00140833
16.6750   0.00139959
16.7000   0.00139100
16.7250   0.00138257
16.7500   0.00137430
16.7750   0.00136617
16.8000   0.00135820
16.8250   0.00135038
16.8500   0.00134272
16.8750   0.00133520
16.9000   0.00132783
16.9250   0.00132061
16.9500   0.00131354
16.9750   0.00130662
17.0000   0.00129983
17.0250   0.00129319
17.0500   0.00128669
17.0750   0.00128032
17.1000   0.00127410
17.1250   0.00126800
17.1500   0.00126204
17.1750   0.00125621
17.2000   0.00125051
17.2250   0.00124493
17.2500   0.00123947
17.2750   0.00123414
17.3000   0.00122893
17.3250   0.00122383
17.3500   0.00121885
17.3750   0.00121399
17.4000   0.00120923
17.4250   0.00120459
17.4500   0.00120006
17.4750   0.00119563
17.5000   0.00119131
17.5250   0.00118710
17.5500   0.00118299
17.5750   0.00117898
17.6000   0.00117507
17.6250   0.00117126
17.6500   0.00116755
17.6750   0.00116394
17.7000   0.00116043
17.7250   0.00115702
17.7500   0.00115370
17.7750   0.00115048
17.8000   0.00114736
17.8250   0.00114434
17.8500   0.00114141
17.8750   0.00113858
17.9000   0.00113585
17.9250   0.00113322
17.9500   0.00113068
17.9750   0.00112824
18.0000   0.00112591
18.0250   0.00112367
18.0500   0.00112153
18.0750   0.00111949
18.1000   0.00111756
18.1250   0.00111573
18.1500   0.00111400
18.1750   0.00111238
18.2000   0.00111086
18.2250   0.00110945
18.2500   0.00110815
18.2750   0.00110695
18.3000   0.00110586
18.3250   0.00110488
18.3500   0.00110401
18.3750   0.00110325
18.4000   0.00110260
18.4250   0.00110207
18.4500   0.00110164
18.4750   0.00110133
18.5000   0.00110113
18.5250   0.00110104
18.5500   0.00110107
18.5750   0.00110121
18.6000   0.00110147
18.6250   0.00110184
18.6500   0.00110232
18.6750   0.00110292
18.7000   0.00110363
18.7250   0.00110446
18.7500   0.00110540
18.7750   0.00110645
18.8000   0.00110762
18.8250   0.00110889
18.8500   0.00111028
18.8750   0.00111178
18.9000   0.00111339
18.9250   0.00111510
18.9500   0.00111693
18.9750   0.00111886
19.0000   0.00112090
19.0250   0.00112304
19.0500   0.00112529
19.0750   0.00112764
19.1000   0.00113009
19.1250   0.00113264
19.1500   0.00113529
19.1750   0.00113803
19.2000   0.00114087
19.2250   0.00114381
19.2500   0.00114683
19.2750   0.00114995
19.3000   0.00115315
19.3250   0.00115644
19.3500   0.00115982
19.3750   0.00116328
19.4000   0.00116681
19.4250   0.00117043
19.4500   0.00117412
19.4750   0.00117789
19.5000   0.00118173
19.5250   0.00118564
19.5500   0.00118961
19.5750   0.00119365
19.6000   0.00119776
19.6250   0.00120192
19.6500   0.00120614
19.6750   0.00121042
19.7000   0.00121475
19.7250   0.00121913
19.7500   0.00122355
19.7750   0.00122803
19.8000   0.00123254
19.8250   0.00123709
19.8500   0.00124168
19.8750   0.00124631
19.9000   0.00125096
19.9250   0.00125564
19.9500   0.00126035
19.9750   0.00126507
20.0000   0.00126982
20.0250   0.00127458
20.0500   0.00127935
20.0750   0.00128413
20.1000   0.00128891
20.1250   0.00129370
20.1500   0.00129848
20.1750   0.00130326
20.2000   0.00130803
20.2250   0.00131279
20.2500   0.00131753
20.2750   0.00132224
20.3000   0.00132694
20.3250   0.00133160
20.3500   0.00133623
20.3750   0.00134083
20.4000   0.00134539
20.4250   0.00134990
20.4500   0.00135436
20.4750   0.00135877
20.5000   0.00136312
20.5250   0.00136741
20.5500   0.00137164
20.5750   0.00137580
20.6000   0.00137988
20.6250   0.00138389
20.6500   0.00138782
20.6750   0.00139166
20.7000   0.00139541
20.7250   0.00139907
20.7500   0.00140263
20.7750   0.00140609
20.8000   0.00140945
20.8250   0.00141270
20.8500   0.00141584
20.8750   0.00141886
20.9000   0.00142176
20.9250   0.00142455
20.9500   0.00142721
20.9750   0.00142974
21.0000   0.00143214
21.0250   0.00143441
21.0500   0.00143655
21.0750   0.00143854
21.1000   0.00144040
21.1250   0.00144212
21.1500   0.00144369
21.1750   0.00144512
21.2000   0.00144640
21.2250   0.00144754
21.2500   0.00144852
21.2750   0.00144936
21.3000   0.00145004
21.3250   0.00145058
21.3500   0.00145096
21.3750   0.00145120
21.4000   0.00145128
21.4250   0.00145121
21.4500   0.00145099
21.4750   0.00145062
21.5000   0.00145010
21.5250   0.00144944
21.5500   0.00144862
21.5750   0.00144766
21.6000   0.00144656
21.6250   0.00144531
21.6500   0.00144392
21.6750   0.00144240
21.7000   0.00144073
21.7250   0.00143894
21.7500   0.00143700
21.7750   0.00143494
21.8000   0.00143275
21.8250   0.00143044
21.8500   0.00142800
21.8750   0.00142544
21.9000   0.00142277
21.9250   0.00141998
21.9500   0.00141708
21.9750   0.00141408
22.0000   0.00141097
22.0250   0.00140775
22.0500   0.00140444
22.0750   0.00140103
22.1000   0.00139753
22.1250   0.00139393
22.1500   0.00139025
22.1750   0.00138649
22.2000   0.00138265
22.2250   0.00137872
22.2500   0.00137473
22.2750   0.00137066
22.3000   0.00136652
22.3250   0.00136232
22.3500   0.00135805
22.3750   0.00135372
22.4000   0.00134934
22.4250   0.00134489
22.4500   0.00134040
22.4750   0.00133586
22.5000   0.00133127
22.5250   0.00132663
22.5500   0.00132195
22.5750   0.00131723
22.6000   0.00131248
22.6250   0.00130769
22.6500   0.00130286
22.6750   0.00129801
22.7000   0.00129312
22.7250   0.00128821
22.7500   0.00128327
22.7750   0.00127832
22.8000   0.00127334
22.8250   0.00126834
22.8500   0.00126333
22.8750   0.00125830
22.9000   0.00125326
22.9250   0.00124821
22.9500   0.00124315
22.9750   0.00123809
23.0000   0.00123302
23.0250   0.00122795
23.0500   0.00122287
23.0750   0.00121780
23.1000   0.00121273
23.1250   0.00120766
23.1500   0.00120260
23.1750   0.00119755
23.2000   0.00119251
23.2250   0.00118748
23.2500   0.00118246
23.2750   0.00117745
23.3000   0.00117247
23.3250   0.00116750
23.3500   0.00116255
23.3750   0.00115762
23.4000   0.00115271
23.4250   0.00114783
23.4500   0.00114297
23.4750   0.00113815
23.5000   0.00113335
23.5250   0.00112858
23.5500   0.00112384
23.5750   0.00111913
23.6000   0.00111446
23.6250   0.00110983
23.6500   0.00110523
23.6750   0.00110067
23.7000   0.00109615
23.7250   0.00109167
23.7500   0.00108723
23.7750   0.00108284
23.8000   0.00107849
23.8250   0.00107418
23.8500   0.00106992
23.8750   0.00106571
23.9000   0.00106154
23.9250   0.00105742
23.9500   0.00105336
23.9750   0.00104934
24.0000   0.00104537
24.0250   0.00104145
24.0500   0.00103759
24.0750   0.00103378
24.1000   0.00103002
24.1250   0.00102632
24.1500   0.00102267
24.1750   0.00101907
24.2000   0.00101553
24.2250   0.00101204
24.2500   0.00100861
24.2750   0.00100524
24.3000   0.00100192
24.3250   0.00099866
24.3500   0.00099545
24.3750   0.00099230
24.4000   0.00098921
24.4250   0.00098618
24.4500   0.00098320
24.4750   0.00098028
24.5000   0.00097741
24.5250   0.00097460
24.5500   0.00097185
24.5750   0.00096916
24.6000   0.00096652
24.6250   0.00096394
24.6500   0.00096142
24.6750   0.00095896
24.7000   0.00095655
24.7250   0.00095419
24.7500   0.00095190
24.7750   0.00094966
24.8000   0.00094747
24.8250   0.00094534
24.8500   0.00094327
24.8750   0.00094125
24.9000   0.00093929
24.9250   0.00093738
24.9500   0.00093553
24.9750   0.00093373
25.0000   0.00093199
25.0250   0.00093030
25.0500   0.00092867
25.0750   0.00092709
25.1000   0.00092556
25.1250   0.00092409
25.1500   0.00092267
25.1750   0.00092131
25.2000   0.00091999
25.2250   0.00091873
25.2500   0.00091753
25.2750   0.00091637
25.3000   0.00091527
25.3250   0.00091422
25.3500   0.00091322
25.3750   0.00091227
25.4000   0.00091137
25.4250   0.00091053
25.4500   0.00090973
25.4750   0.00090899
25.5000   0.00090829
25.5250   0.00090765
25.5500   0.00090705
25.5750   0.00090650
25.6000   0.00090600
25.6250   0.00090555
25.6500   0.00090515
25.6750   0.00090480
25.7000   0.00090449
25.7250   0.00090423
25.7500   0.00090401
25.7750   0.00090384
25.8000   0.00090372
25.8250   0.00090364
25.8500   0.00090360
25.8750   0.00090361
25.9000   0.00090366
25.9250   0.00090375
25.9500   0.00090389
25.9750   0.00090406
26.0000   0.00090428
26.0250   0.00090453
26.0500   0.00090483
26.0750   0.00090516
26.1000   0.00090553
26.1250   0.00090594
26.1500   0.00090639
26.1750   0.00090686
26.2000   0.00090738
26.2250   0.00090792
26.2500   0.00090850
26.2750   0.00090911
26.3000   0.00090976
26.3250   0.00091043
26.3500   0.00091113
26.3750   0.00091185
26.4000   0.00091261
26.4250   0.00091339
26.4500   0.00091419
26.4750   0.00091501
26.5000   0.00091586
26.5250   0.00091673
26.5500   0.00091762
26.5750   0.00091853
26.6000   0.00091945
26.6250   0.00092039
26.6500   0.00092134
26.6750   0.00092231
26.7000   0.00092329
26.7250   0.00092427
26.7500   0.00092527
26.7750   0.00092628
26.8000   0.00092729
26.8250   0.00092830
26.8500   0.00092932
26.8750   0.00093035
26.9000   0.00093137
26.9250   0.00093239
26.9500   0.00093341
26.9750   0.00093442
27.0000   0.00093543
27.0250   0.00093643
27.0500   0.00093742
27.0750   0.00093841
27.1000   0.00093938
27.1250   0.00094034
27.1500   0.00094128
27.1750   0.00094221
27.2000   0.00094312
27.2250   0.00094402
27.2500   0.00094489
27.2750   0.00094574
27.3000   0.00094657
27.3250   0.00094738
27.3500   0.00094816
27.3750   0.00094891
27.4000   0.00094963
27.4250   0.00095033
27.4500   0.00095099
27.4750   0.00095162
27.5000   0.00095222
27.5250   0.00095279
27.5500   0.00095332
27.5750   0.00095382
27.6000   0.00095427
27.6250   0.00095469
27.6500   0.00095508
27.6750   0.00095542
27.7000   0.00095572
27.7250   0.00095598
27.7500   0.00095619
27.7750   0.00095637
27.8000   0.00095650
27.8250   0.00095659
27.8500   0.00095663
27.8750   0.00095663
27.9000   0.00095658
27.9250   0.00095649
27.9500   0.00095635
27.9750   0.00095617
28.0000   0.00095593
28.0250   0.00095566
28.0500   0.00095533
28.0750   0.00095496
28.1000   0.00095455
28.1250   0.00095408
28.1500   0.00095357
28.1750   0.00095302
28.2000   0.00095241
28.2250   0.00095177
28.2500   0.00095107
28.2750   0.00095033
28.3000   0.00094955
28.3250   0.00094872
28.3500   0.00094785
28.3750   0.00094693
28.4000   0.00094597
28.4250   0.00094497
28.4500   0.00094393
28.4750   0.00094285
28.5000   0.00094172
28.5250   0.00094056
28.5500   0.00093935
28.5750   0.00093811
28.6000   0.00093683
28.6250   0.00093551
28.6500   0.00093416
28.6750   0.00093277
28.7000   0.00093135
28.7250   0.00092989
28.7500   0.00092840
28.7750   0.00092688
28.8000   0.00092532
28.8250   0.00092374
28.8500   0.00092213
28.8750   0.00092048
28.9000   0.00091881
28.9250   0.00091712
28.9500   0.00091540
28.9750   0.00091365
29.0000   0.00091188
29.0250   0.00091008
29.0500   0.00090827
29.0750   0.00090643
29.1000   0.00090457
29.1250   0.00090270
29.1500   0.00090080
29.1750   0.00089889
29.2000   0.00089696
29.2250   0.00089501
29.2500   0.00089305
29.2750   0.00089107
29.3000   0.00088908
29.3250   0.00088708
29.3500   0.00088507
29.3750   0.00088305
29.4000   0.00088102
29.4250   0.00087897
29.4500   0.00087692
29.4750   0.00087486
29.5000   0.00087280
29.5250   0.00087073
29.5500   0.00086865
29.5750   0.00086657
29.6000   0.00086449
29.6250   0.00086240
29.6500   0.00086031
29.6750   0.00085822
29.7000   0.00085613
29.7250   0.00085404
29.7500   0.00085195
29.7750   0.00084986
29.8000   0.00084777
29.8250   0.00084569
29.8500   0.00084360
29.8750   0.00084152
29.9000   0.00083945
29.9250   0.00083738
29.9500   0.00083531
29.9750   0.00083325
30.0000   0.00083120
30.0250   0.00082915
30.0500   0.00082711
30.0750   0.00082508
30.1000   0.00082305
30.1250   0.00082104
30.1500   0.00081903
30.1750   0.00081704
30.2000   0.00081505
30.2250   0.00081307
30.2500   0.00081111
30.2750   0.00080915
30.3000   0.00080721
30.3250   0.00080528
30.3500   0.00080336
30.3750   0.00080145
30.4000   0.00079955
30.4250   0.00079767
30.4500   0.00079580
30.4750   0.00079395
30.5000   0.00079210
30.5250   0.00079028
30.5500   0.00078846
30.5750   0.00078666
30.6000   0.00078488
30.6250   0.00078311
30.6500   0.00078136
30.6750   0.00077962
30.7000   0.00077790
30.7250   0.00077619
30.7500   0.00077450
30.7750   0.00077282
30.8000   0.00077116
30.8250   0.00076952
30.8500   0.00076789
30.8750   0.00076628
30.9000   0.00076469
30.9250   0.00076311
30.9500   0.00076155
30.9750   0.00076001
31.0000   0.00075848
31.0250   0.00075697
31.0500   0.00075548
31.0750   0.00075401
31.1000   0.00075255
31.1250   0.00075111
31.1500   0.00074969
31.1750   0.00074828
31.2000   0.00074689
31.2250   0.00074552
31.2500   0.00074417
31.2750   0.00074283
31.3000   0.00074152
31.3250   0.00074022
31.3500   0.00073893
31.3750   0.00073767
31.4000   0.00073642
31.4250   0.00073519
31.4500   0.00073397
31.4750   0.00073278
31.5000   0.00073160
31.5250   0.00073043
31.5500   0.00072929
31.5750   0.00072816
31.6000   0.00072705
31.6250   0.00072595
31.6500   0.00072487
31.6750   0.00072381
31.7000   0.00072276
31.7250   0.00072173
31.7500   0.00072071
31.7750   0.00071971
31.8000   0.00071873
31.8250   0.00071776
31.8500   0.00071681
31.8750   0.00071587
31.9000   0.00071495
31.9250   0.00071404
31.9500   0.00071315
31.9750   0.00071227
32.0000   0.00071141
32.0250   0.00071056
32.0500   0.00070972
32.0750   0.00070890
32.1000   0.00070809
32.1250   0.00070729
32.1500   0.00070651
32.1750   0.00070574
32.2000   0.00070498
32.2250   0.00070424
32.2500   0.00070351
32.2750   0.00070279
32.3000   0.00070208
32.3250   0.00070138
32.3500   0.00070070
32.3750   0.00070002
32.4000   0.00069936
32.4250   0.00069871
32.4500   0.00069807
32.4750   0.00069743
32.5000   0.00069681
32.5250   0.00069620
32.5500   0.00069560
32.5750   0.00069501
32.6000   0.00069443
32.6250   0.00069386
32.6500   0.00069330
32.6750   0.00069274
32.7000   0.00069220
32.7250   0.00069166
32.7500   0.00069114
32.7750   0.00069062
32.8000   0.00069011
32.8250   0.00068961
32.8500   0.00068911
32.8750   0.00068863
32.9000   0.00068815
32.9250   0.00068768
32.9500   0.00068722
32.9750   0.00068677
33.0000   0.00068632
33.0250   0.00068588
33.0500   0.00068545
33.0750   0.00068503
33.1000   0.00068461
33.1250   0.00068420
33.1500   0.00068380
33.1750   0.00068341
33.2000   0.00068302
33.2250   0.00068264
33.2500   0.00068227
33.2750   0.00068190
33.3000   0.00068154
33.3250   0.00068119
33.3500   0.00068085
33.3750   0.00068052
33.4000   0.00068019
33.4250   0.00067987
33.4500   0.00067956
33.4750   0.00067925
33.5000   0.00067895
33.5250   0.00067866
33.5500   0.00067838
33.5750   0.00067811
33.6000   0.00067784
33.6250   0.00067758
33.6500   0.00067733
33.6750   0.00067709
33.7000   0.00067685
33.7250   0.00067663
33.7500   0.00067641
33.7750   0.00067620
33.8000   0.00067600
33.8250   0.00067581
33.8500   0.00067563
33.8750   0.00067545
33.9000   0.00067529
33.9250   0.00067513
33.9500   0.00067499
33.9750   0.00067485
34.0000   0.00067472
34.0250   0.00067460
34.0500   0.00067450
34.0750   0.00067440
34.1000   0.00067431
34.1250   0.00067423
34.1500   0.00067416
34.1750   0.00067410
34.2000   0.00067405
34.2250   0.00067401
34.2500   0.00067398
34.2750   0.00067396
34.3000   0.00067396
34.3250   0.00067396
34.3500   0.00067397
34.3750   0.00067400
34.4000   0.00067403
34.4250   0.00067408
34.4500   0.00067413
34.4750   0.00067420
34.5000   0.00067428
34.5250   0.00067437
34.5500   0.00067447
34.5750   0.00067459
34.6000   0.00067471
34.6250   0.00067485
34.6500   0.00067499
34.6750   0.00067515
34.7000   0.00067532
34.7250   0.00067550
34.7500   0.00067570
34.7750   0.00067590
34.8000   0.00067612
34.8250   0.00067635
34.8500   0.00067659
34.8750   0.00067684
34.9000   0.00067710
34.9250   0.00067738
34.9500   0.00067766
34.9750   0.00067796
35.0000   0.00067827
35.0250   0.00067859
35.0500   0.00067893
35.0750   0.00067927
35.1000   0.00067963
35.1250   0.00068000
35.1500   0.00068038
35.1750   0.00068078
35.2000   0.00068118
35.2250   0.00068160
35.2500   0.00068203
35.2750   0.00068247
35.3000   0.00068292
35.3250   0.00068338
35.3500   0.00068386
35.3750   0.00068434
35.4000   0.00068484
35.4250   0.00068535
35.4500   0.00068587
35.4750   0.00068640
35.5000   0.00068694
35.5250   0.00068750
35.5500   0.00068807
35.5750   0.00068864
35.6000   0.00068923
35.6250   0.00068983
35.6500   0.00069044
35.6750   0.00069106
35.7000   0.00069169
35.7250   0.00069233
35.7500   0.00069299
35.7750   0.00069365
35.8000   0.00069432
35.8250   0.00069501
35.8500   0.00069570
35.8750   0.00069641
35.9000   0.00069712
35.9250   0.00069785
35.9500   0.00069858
35.9750   0.00069933
36.0000   0.00070008
36.0250   0.00070084
36.0500   0.00070162
36.0750   0.00070240
36.1000   0.00070319
36.1250   0.00070399
36.1500   0.00070480
36.1750   0.00070562
36.2000   0.00070644
36.2250   0.00070728
36.2500   0.00070812
36.2750   0.00070897
36.3000   0.00070983
36.3250   0.00071070
36.3500   0.00071158
36.3750   0.00071246
36.4000   0.00071335
36.4250   0.00071425
36.4500   0.00071515
36.4750   0.00071606
36.5000   0.00071698
36.5250   0.00071791
36.5500   0.00071884
36.5750   0.00071978
36.6000   0.00072072
36.6250   0.00072167
36.6500   0.00072263
36.6750   0.00072359
36.7000   0.00072456
36.7250   0.00072554
36.7500   0.00072652
36.7750   0.00072750
36.8000   0.00072849
36.8250   0.00072949
36.8500   0.00073049
36.8750   0.00073149
36.9000   0.00073250
36.9250   0.00073352
36.9500   0.00073454
36.9750   0.00073556
37.0000   0.00073659
37.0250   0.00073762
37.0500   0.00073865
37.0750   0.00073969
37.1000   0.00074074
37.1250   0.00074178
37.1500   0.00074283
37.1750   0.00074389
37.2000   0.00074495
37.2250   0.00074601
37.2500   0.00074707
37.2750   0.00074814
37.3000   0.00074921
37.3250   0.00075029
37.3500   0.00075137
37.3750   0.00075245
37.4000   0.00075353
37.4250   0.00075462
37.4500   0.00075571
37.4750   0.00075681
37.5000   0.00075791
37.5250   0.00075901
37.5500   0.00076011
37.5750   0.00076122
37.6000   0.00076233
37.6250   0.00076344
37.6500   0.00076456
37.6750   0.00076568
37.7000   0.00076681
37.7250   0.00076793
37.7500   0.00076907
37.7750   0.00077020
37.8000   0.00077134
37.8250   0.00077248
37.8500   0.00077363
37.8750   0.00077478
37.9000   0.00077593
37.9250   0.00077709
37.9500   0.00077826
37.9750   0.00077942
38.0000   0.00078059
38.0250   0.00078177
38.0500   0.00078295
38.0750   0.00078414
38.1000   0.00078533
38.1250   0.00078652
38.1500   0.00078772
38.1750   0.00078893
38.2000   0.00079014
38.2250   0.00079136
38.2500   0.00079258
38.2750   0.00079381
38.3000   0.00079504
38.3250   0.00079628
38.3500   0.00079753
38.3750   0.00079878
38.4000   0.00080004
38.4250   0.00080131
38.4500   0.00080258
38.4750   0.00080386
38.5000   0.00080515
38.5250   0.00080644
38.5500   0.00080774
38.5750   0.00080905
38.6000   0.00081037
38.6250   0.00081169
38.6500   0.00081303
38.6750   0.00081437
38.7000   0.00081572
38.7250   0.00081708
38.7500   0.00081844
38.7750   0.00081982
38.8000   0.00082120
38.8250   0.00082259
38.8500   0.00082400
38.8750   0.00082541
38.9000   0.00082683
38.9250   0.00082826
38.9500   0.00082970
38.9750   0.00083115
39.0000   0.00083261
39.0250   0.00083408
39.0500   0.00083556
39.0750   0.00083706
39.1000   0.00083856
39.1250   0.00084007
39.1500   0.00084160
39.1750   0.00084313
39.2000   0.00084468
39.2250   0.00084623
39.2500   0.00084780
39.2750   0.00084938
39.3000   0.00085097
39.3250   0.00085257
39.3500   0.00085419
39.3750   0.00085581
39.4000   0.00085745
39.4250   0.00085910
39.4500   0.00086076
39.4750   0.00086244
39.5000   0.00086412
39.5250   0.00086582
39.5500   0.00086753
39.5750   0.00086925
39.6000   0.00087099
39.6250   0.00087274
39.6500   0.00087450
39.6750   0.00087627
39.7000   0.00087805
39.7250   0.00087985
39.7500   0.00088166
39.7750   0.00088348
39.8000   0.00088532
39.8250   0.00088717
39.8500   0.00088903
39.8750   0.00089090
39.9000   0.00089279
39.9250   0.00089469
39.9500   0.00089660
39.9750   0.00089852
40.0000   0.00090046
40.0250   0.00090241
40.0500   0.00090437
40.0750   0.00090634
40.1000   0.00090833
40.1250   0.00091033
40.1500   0.00091234
40.1750   0.00091436
40.2000   0.00091640
40.2250   0.00091844
40.2500   0.00092050
40.2750   0.00092258
40.3000   0.00092466
40.3250   0.00092676
40.3500   0.00092886
40.3750   0.00093098
40.4000   0.00093311
40.4250   0.00093526
40.4500   0.00093741
40.4750   0.00093957
40.5000   0.00094175
40.5250   0.00094394
40.5500   0.00094613
40.5750   0.00094834
40.6000   0.00095056
40.6250   0.00095279
40.6500   0.00095503
40.6750   0.00095728
40.7000   0.00095955
40.7250   0.00096182
40.7500   0.00096410
40.7750   0.00096639
40.8000   0.00096869
40.8250   0.00097100
40.8500   0.00097332
40.8750   0.00097564
40.9000   0.00097798
40.9250   0.00098032
40.9500   0.00098268
40.9750   0.00098504
41.0000   0.00098741
41.0250   0.00098979
41.0500   0.00099217
41.0750   0.00099457
41.1000   0.00099697
41.1250   0.00099938
41.1500   0.00100179
41.1750   0.00100421
41.2000   0.00100664
41.2250   0.00100907
41.2500   0.00101151
41.2750   0.00101396
41.3000   0.00101641
41.3250   0.00101886
41.3500   0.00102133
41.3750   0.00102379
41.4000   0.00102626
41.4250   0.00102874
41.4500   0.00103121
41.4750   0.00103370
41.5000   0.00103618
41.5250   0.00103867
41.5500   0.00104116
41.5750   0.00104365
41.6000   0.00104614
41.6250   0.00104864
41.6500   0.00105114
41.6750   0.00105364
41.7000   0.00105614
41.7250   0.00105863
41.7500   0.00106113
41.7750   0.00106363
41.8000   0.00106613
41.8250   0.00106862
41.8500   0.00107112
41.8750   0.00107361
41.9000   0.00107610
41.9250   0.00107859
41.9500   0.00108107
41.9750   0.00108355
42.0000   0.00108602
42.0250   0.00108849
42.0500   0.00109096
42.0750   0.00109341
42.1000   0.00109586
42.1250   0.00109831
42.1500   0.00110075
42.1750   0.00110318
42.2000   0.00110560
42.2250   0.00110801
42.2500   0.00111041
42.2750   0.00111281
42.3000   0.00111519
42.3250   0.00111756
42.3500   0.00111992
42.3750   0.00112227
42.4000   0.00112460
42.4250   0.00112692
42.4500   0.00112923
42.4750   0.00113152
42.5000   0.00113380
42.5250   0.00113606
42.5500   0.00113830
42.5750   0.00114053
42.6000   0.00114274
42.6250   0.00114493
42.6500   0.00114710
42.6750   0.00114926
42.7000   0.00115139
42.7250   0.00115350
42.7500   0.00115559
42.7750   0.00115766
42.8000   0.00115971
42.8250   0.00116173
42.8500   0.00116373
42.8750   0.00116571
42.9000   0.00116766
42.9250   0.00116958
42.9500   0.00117148
42.9750   0.00117336
43.0000   0.00117520
43.0250   0.00117702
43.0500   0.00117881
43.0750   0.00118057
43.1000   0.00118230
43.1250   0.00118400
43.1500   0.00118566
43.1750   0.00118730
43.2000   0.00118891
43.2250   0.00119048
43.2500   0.00119202
43.2750   0.00119353
43.3000   0.00119501
43.3250   0.00119645
43.3500   0.00119785
43.3750   0.00119922
43.4000   0.00120056
43.4250   0.00120186
43.4500   0.00120312
43.4750   0.00120435
43.5000   0.00120554
43.5250   0.00120669
43.5500   0.00120781
43.5750   0.00120888
43.6000   0.00120992
43.6250   0.00121092
43.6500   0.00121188
43.6750   0.00121281
43.7000   0.00121369
43.7250   0.00121453
43.7500   0.00121533
43.7750   0.00121610
43.8000   0.00121682
43.8250   0.00121750
43.8500   0.00121814
43.8750   0.00121874
43.9000   0.00121930
43.9250   0.00121982
43.9500   0.00122030
43.9750   0.00122074
44.0000   0.00122113
44.0250   0.00122148
44.0500   0.00122180
44.0750   0.00122207
44.1000   0.00122230
44.1250   0.00122249
44.1500   0.00122264
44.1750   0.00122274
44.2000   0.00122281
44.2250   0.00122283
44.2500   0.00122281
44.2750   0.00122276
44.3000   0.00122266
44.3250   0.00122252
44.3500   0.00122234
44.3750   0.00122212
44.4000   0.00122186
44.4250   0.00122156
44.4500   0.00122122
44.4750   0.00122084
44.5000   0.00122042
44.5250   0.00121996
44.5500   0.00121946
44.5750   0.00121892
44.6000   0.00121835
44.6250   0.00121774
44.6500   0.00121709
44.6750   0.00121640
44.7000   0.00121567
44.7250   0.00121491
44.7500   0.00121411
44.7750   0.00121327
44.8000   0.00121240
44.8250   0.00121149
44.8500   0.00121055
44.8750   0.00120957
44.9000   0.00120856
44.9250   0.00120751
44.9500   0.00120643
44.9750   0.00120531
45.0000   0.00120417
45.0250   0.00120299
45.0500   0.00120177
45.0750   0.00120053
45.1000   0.00119925
45.1250   0.00119795
45.1500   0.00119661
45.1750   0.00119524
45.2000   0.00119384
45.2250   0.00119242
45.2500   0.00119096
45.2750   0.00118948
45.3000   0.00118797
45.3250   0.00118643
45.3500   0.00118486
45.3750   0.00118327
45.4000   0.00118165
45.4250   0.00118001
45.4500   0.00117834
45.4750   0.00117665
45.5000   0.00117493
45.5250   0.00117319
45.5500   0.00117143
45.5750   0.00116964
45.6000   0.00116783
45.6250   0.00116600
45.6500   0.00116415
45.6750   0.00116228
45.7000   0.00116039
45.7250   0.00115848
45.7500   0.00115655
45.7750   0.00115460
45.8000   0.00115263
45.8250   0.00115065
45.8500   0.00114865
45.8750   0.00114663
45.9000   0.00114460
45.9250   0.00114255
45.9500   0.00114049
45.9750   0.00113841
46.0000   0.00113632
46.0250   0.00113422
46.0500   0.00113210
46.0750   0.00112997
46.1000   0.00112783
46.1250   0.00112567
46.1500   0.00112351
46.1750   0.00112134
46.2000   0.00111915
46.2250   0.00111696
46.2500   0.00111476
46.2750   0.00111254
46.3000   0.00111033
46.3250   0.00110810
46.3500   0.00110587
46.3750   0.00110363
46.4000   0.00110138
46.4250   0.00109913
46.4500   0.00109687
46.4750   0.00109461
46.5000   0.00109234
46.5250   0.00109007
46.5500   0.00108780
46.5750   0.00108552
46.6000   0.00108325
46.6250   0.00108096
46.6500   0.00107868
46.6750   0.00107640
46.7000   0.00107411
46.7250   0.00107183
46.7500   0.00106954
46.7750   0.00106726
46.8000   0.00106497
46.8250   0.00106269
46.8500   0.00106041
46.8750   0.00105812
46.9000   0.00105585
46.9250   0.00105357
46.9500   0.00105130
46.9750   0.00104903
47.0000   0.00104676
47.0250   0.00104449
47.0500   0.00104224
47.0750   0.00103998
47.1000   0.00103773
47.1250   0.00103548
47.1500   0.00103324
47.1750   0.00103101
47.2000   0.00102878
47.2250   0.00102655
47.2500   0.00102434
47.2750   0.00102213
47.3000   0.00101992
47.3250   0.00101772
47.3500   0.00101553
47.3750   0.00101335
47.4000   0.00101118
47.4250   0.00100901
47.4500   0.00100685
47.4750   0.00100470
47.5000   0.00100255
47.5250   0.00100042
47.5500   0.00099829
47.5750   0.00099618
47.6000   0.00099407
47.6250   0.00099197
47.6500   0.00098988
47.6750   0.00098780
47.7000   0.00098572
47.7250   0.00098366
47.7500   0.00098161
47.7750   0.00097957
47.8000   0.00097754
47.8250   0.00097551
47.8500   0.00097350
47.8750   0.00097150
47.9000   0.00096951
47.9250   0.00096753
47.9500   0.00096556
47.9750   0.00096360
48.0000   0.00096165
48.0250   0.00095971
48.0500   0.00095778
48.0750   0.00095586
48.1000   0.00095396
48.1250   0.00095206
48.1500   0.00095018
48.1750   0.00094830
48.2000   0.00094644
48.2250   0.00094458
48.2500   0.00094274
48.2750   0.00094091
48.3000   0.00093909
48.3250   0.00093728
48.3500   0.00093549
48.3750   0.00093370
48.4000   0.00093192
48.4250   0.00093016
48.4500   0.00092840
48.4750   0.00092666
48.5000   0.00092493
48.5250   0.00092320
48.5500   0.00092149
48.5750   0.00091979
48.6000   0.00091810
48.6250   0.00091643
48.6500   0.00091476
48.6750   0.00091310
48.7000   0.00091145
48.7250   0.00090982
48.7500   0.00090819
48.7750   0.00090657
48.8000   0.00090497
48.8250   0.00090338
48.8500   0.00090179
48.8750   0.00090022
48.9000   0.00089865
48.9250   0.00089710
48.9500   0.00089556
48.9750   0.00089402
49.0000   0.00089250
49.0250   0.00089098
49.0500   0.00088948
49.0750   0.00088799
49.1000   0.00088650
49.1250   0.00088503
49.1500   0.00088356
49.1750   0.00088211
49.2000   0.00088066
49.2250   0.00087922
49.2500   0.00087780
49.2750   0.00087638
49.3000   0.00087497
49.3250   0.00087357
49.3500   0.00087218
49.3750   0.00087080
49.4000   0.00086942
49.4250   0.00086806
49.4500   0.00086670
49.4750   0.00086536
49.5000   0.00086402
49.5250   0.00086269
49.5500   0.00086137
49.5750   0.00086005
49.6000   0.00085875
49.6250   0.00085745
49.6500   0.00085617
49.6750   0.00085489
49.7000   0.00085362
49.7250   0.00085235
49.7500   0.00085110
49.7750   0.00084985
49.8000   0.00084861
49.8250   0.00084738
49.8500   0.00084615
49.8750   0.00084494
49.9000   0.00084373
49.9250   0.00084253
49.9500   0.00084133
49.9750   0.00084014
50.0000   0.00083897
50.0250   0.00083779
50.0500   0.00083663
50.0750   0.00083547
50.1000   0.00083432
50.1250   0.00083318
50.1500   0.00083204
50.1750   0.00083091
50.2000   0.00082979
50.2250   0.00082867
50.2500   0.00082756
50.2750   0.00082646
50.3000   0.00082536
50.3250   0.00082427
50.3500   0.00082319
50.3750   0.00082211
50.4000   0.00082104
50.4250   0.00081998
50.4500   0.00081892
50.4750   0.00081787
50.5000   0.00081682
50.5250   0.00081579
50.5500   0.00081475
50.5750   0.00081373
50.6000   0.00081271
50.6250   0.00081169
50.6500   0.00081068
50.6750   0.00080968
50.7000   0.00080868
50.7250   0.00080769
50.7500   0.00080671
50.7750   0.00080573
50.8000   0.00080476
50.8250   0.00080379
50.8500   0.00080283
50.8750   0.00080187
50.9000   0.00080092
50.9250   0.00079997
50.9500   0.00079903
50.9750   0.00079810
51.0000   0.00079717
51.0250   0.00079625
51.0500   0.00079533
51.0750   0.00079441
51.1000   0.00079351
51.1250   0.00079260
51.1500   0.00079171
51.1750   0.00079081
51.2000   0.00078993
51.2250   0.00078904
51.2500   0.00078817
51.2750   0.00078729
51.3000   0.00078643
51.3250   0.00078557
51.3500   0.00078471
51.3750   0.00078386
51.4000   0.00078301
51.4250   0.00078217
51.4500   0.00078133
51.4750   0.00078049
51.5000   0.00077967
51.5250   0.00077884
51.5500   0.00077802
51.5750   0.00077721
51.6000   0.00077640
51.6250   0.00077559
51.6500   0.00077479
51.6750   0.00077400
51.7000   0.00077321
51.7250   0.00077242
51.7500   0.00077164
51.7750   0.00077086
51.8000   0.00077008
51.8250   0.00076931
51.8500   0.00076855
51.8750   0.00076779
51.9000   0.00076703
51.9250   0.00076628
51.9500   0.00076553
51.9750   0.00076478
52.0000   0.00076404
52.0250   0.00076331
52.0500   0.00076258
52.0750   0.00076185
52.1000   0.00076112
52.1250   0.00076040
52.1500   0.00075969
52.1750   0.00075897
52.2000   0.00075827
52.2250   0.00075756
52.2500   0.00075686
52.2750   0.00075616
52.3000   0.00075547
52.3250   0.00075478
52.3500   0.00075409
52.3750   0.00075341
52.4000   0.00075273
52.4250   0.00075206
52.4500   0.00075139
52.4750   0.00075072
52.5000   0.00075005
52.5250   0.00074939
52.5500   0.00074873
52.5750   0.00074808
52.6000   0.00074743
52.6250   0.00074678
52.6500   0.00074613
52.6750   0.00074549
52.7000   0.00074485
52.7250   0.00074422
52.7500   0.00074359
52.7750   0.00074296
52.8000   0.00074233
52.8250   0.00074171
52.8500   0.00074109
52.8750   0.00074047
52.9000   0.00073986
52.9250   0.00073925
52.9500   0.00073864
52.9750   0.00073804
53.0000   0.00073743
53.0250   0.00073683
53.0500   0.00073624
53.0750   0.00073564
53.1000   0.00073505
53.1250   0.00073446
53.1500   0.00073388
53.1750   0.00073329
53.2000   0.00073271
53.2250   0.00073213
53.2500   0.00073156
53.2750   0.00073098
53.3000   0.00073041
53.3250   0.00072984
53.3500   0.00072928
53.3750   0.00072871
53.4000   0.00072815
53.4250   0.00072759
53.4500   0.00072703
53.4750   0.00072648
53.5000   0.00072592
53.5250   0.00072537
53.5500   0.00072482
53.5750   0.00072428
53.6000   0.00072373
53.6250   0.00072319
53.6500   0.00072265
53.6750   0.00072211
53.7000   0.00072157
53.7250   0.00072104
53.7500   0.00072050
53.7750   0.00071997
53.8000   0.00071944
53.8250   0.00071892
53.8500   0.00071839
53.8750   0.00071786
53.9000   0.00071734
53.9250   0.00071682
53.9500   0.00071630
53.9750   0.00071578
54.0000   0.00071527
54.0250   0.00071475
54.0500   0.00071424
54.0750   0.00071372
54.1000   0.00071321
54.1250   0.00071270
54.1500   0.00071220
54.1750   0.00071169
54.2000   0.00071118
54.2250   0.00071068
54.2500   0.00071018
54.2750   0.00070968
54.3000   0.00070918
54.3250   0.00070868
54.3500   0.00070818
54.3750   0.00070768
54.4000   0.00070719
54.4250   0.00070669
54.4500   0.00070620
54.4750   0.00070570
54.5000   0.00070521
54.5250   0.00070472
54.5500   0.00070423
54.5750   0.00070374
54.6000   0.00070326
54.6250   0.00070277
54.6500   0.00070228
54.6750   0.00070180
54.7000   0.00070131
54.7250   0.00070083
54.7500   0.00070034
54.7750   0.00069986
54.8000   0.00069938
54.8250   0.00069890
54.8500   0.00069842
54.8750   0.00069794
54.9000   0.00069746
54.9250   0.00069698
54.9500   0.00069650
54.9750   0.00069603
55.0000   0.00069555
55.0250   0.00069507
55.0500   0.00069460
55.0750   0.00069412
55.1000   0.00069365
55.1250   0.00069317
55.1500   0.00069270
55.1750   0.00069223
55.2000   0.00069175
55.2250   0.00069128
55.2500   0.00069081
55.2750   0.00069034
55.3000   0.00068986
55.3250   0.00068939
55.3500   0.00068892
55.3750   0.00068845
55.4000   0.00068798
55.4250   0.00068751
55.4500   0.00068704
55.4750   0.00068657
55.5000   0.00068610
55.5250   0.00068563
55.5500   0.00068516
55.5750   0.00068469
55.6000   0.00068422
55.6250   0.00068375
55.6500   0.00068328
55.6750   0.00068281
55.7000   0.00068234
55.7250   0.00068188
55.7500   0.00068141
55.7750   0.00068094
55.8000   0.00068047
55.8250   0.00068000
55.8500   0.00067953
55.8750   0.00067906
55.9000   0.00067859
55.9250   0.00067812
55.9500   0.00067765
55.9750   0.00067718
56.0000   0.00067672
56.0250   0.00067625
56.0500   0.00067578
56.0750   0.00067531
56.1000   0.00067484
56.1250   0.00067437
56.1500   0.00067390
56.1750   0.00067343
56.2000   0.00067296
56.2250   0.00067248
56.2500   0.00067201
56.2750   0.00067154
56.3000   0.00067107
56.3250   0.00067060
56.3500   0.00067013
56.3750   0.00066966
56.4000   0.00066918
56.4250   0.00066871
56.4500   0.00066824
56.4750   0.00066777
56.5000   0.00066729
56.5250   0.00066682
56.5500   0.00066634
56.5750   0.00066587
56.6000   0.00066540
56.6250   0.00066492
56.6500   0.00066445
56.6750   0.00066397
56.7000   0.00066350
56.7250   0.00066302
56.7500   0.00066254
56.7750   0.00066207
56.8000   0.00066159
56.8250   0.00066111
56.8500   0.00066063
56.8750   0.00066016
56.9000   0.00065968
56.9250   0.00065920
56.9500   0.00065872
56.9750   0.00065824
57.0000   0.00065776
57.0250   0.00065728
57.0500   0.00065680
57.0750   0.00065632
57.1000   0.00065584
57.1250   0.00065536
57.1500   0.00065487
57.1750   0.00065439
57.2000   0.00065391
57.2250   0.00065343
57.2500   0.00065294
57.2750   0.00065246
57.3000   0.00065197
57.3250   0.00065149
57.3500   0.00065100
57.3750   0.00065052
57.4000   0.00065003
57.4250   0.00064955
57.4500   0.00064906
57.4750   0.00064857
57.5000   0.00064809
57.5250   0.00064760
57.5500   0.00064711
57.5750   0.00064662
57.6000   0.00064613
57.6250   0.00064564
57.6500   0.00064516
57.6750   0.00064467
57.7000   0.00064418
57.7250   0.00064368
57.7500   0.00064319
57.7750   0.00064270
57.8000   0.00064221
57.8250   0.00064172
57.8500   0.00064123
57.8750   0.00064074
57.9000   0.00064024
57.9250   0.00063975
57.9500   0.00063926
57.9750   0.00063876
58.0000   0.00063827
58.0250   0.00063777
58.0500   0.00063728
58.0750   0.00063679
58.1000   0.00063629
58.1250   0.00063579
58.1500   0.00063530
58.1750   0.00063480
58.2000   0.00063431
58.2250   0.00063381
58.2500   0.00063331
58.2750   0.00063282
58.3000   0.00063232
58.3250   0.00063182
58.3500   0.00063133
58.3750   0.00063083
58.4000   0.00063033
58.4250   0.00062983
58.4500   0.00062933
58.4750   0.00062884
58.5000   0.00062834
58.5250   0.00062784
58.5500   0.00062734
58.5750   0.00062684
58.6000   0.00062634
58.6250   0.00062584
58.6500   0.00062534
58.6750   0.00062484
58.7000   0.00062434
58.7250   0.00062384
58.7500   0.00062334
58.7750   0.00062284
58.8000   0.00062234
58.8250   0.00062184
58.8500   0.00062134
58.8750   0.00062084
58.9000   0.00062034
58.9250   0.00061984
58.9500   0.00061934
58.9750   0.00061884
59.0000   0.00061834
59.0250   0.00061784
59.0500   0.00061734
59.0750   0.00061684
59.1000   0.00061634
59.1250   0.00061584
59.1500   0.00061534
59.1750   0.00061484
59.2000   0.00061434
59.2250   0.00061384
59.2500   0.00061334
59.2750   0.00061284
59.3000   0.00061234
59.3250   0.00061184
59.3500   0.00061134
59.3750   0.00061084
59.4000   0.00061034
59.4250   0.00060984
59.4500   0.00060934
59.4750   0.00060884
59.5000   0.00060834
59.5250   0.00060785
59.5500   0.00060735
59.5750   0.00060685
59.6000   0.00060635
59.6250   0.00060585
59.6500   0.00060536
59.6750   0.00060486
59.7000   0.00060436
59.7250   0.00060386
59.7500   0.00060337
59.7750   0.00060287
59.8000   0.00060238
59.8250   0.00060188
59.8500   0.00060138
59.8750   0.00060089
59.9000   0.00060039
59.9250   0.00059990
59.9500   0.00059940
59.9750   0.00059891
60.0000   0.00059842
60.0250   0.00059792
60.0500   0.00059743
60.0750   0.00059694
60.1000   0.00059645
60.1250   0.00059595
60.1500   0.00059546
60.1750   0.00059497
60.2000   0.00059448
60.2250   0.00059399
60.2500   0.00059350
60.2750   0.00059301
60.3000   0.00059252
60.3250   0.00059204
60.3500   0.00059155
60.3750   0.00059106
60.4000   0.00059057
60.4250   0.00059009
60.4500   0.00058960
60.4750   0.00058911
60.5000   0.00058863
60.5250   0.00058814
60.5500   0.00058766
60.5750   0.00058718
60.6000   0.00058669
60.6250   0.00058621
60.6500   0.00058573
60.6750   0.00058525
60.7000   0.00058477
60.7250   0.00058429
60.7500   0.00058381
60.7750   0.00058333
60.8000   0.00058285
60.8250   0.00058237
60.8500   0.00058189
60.8750   0.00058142
60.9000   0.00058094
60.9250   0.00058046
60.9500   0.00057999
60.9750   0.00057951
61.0000   0.00057904
61.0250   0.00057857
61.0500   0.00057809
61.0750   0.00057762
61.1000   0.00057715
61.1250   0.00057668
61.1500   0.00057621
61.1750   0.00057574
61.2000   0.00057527
61.2250   0.00057480
61.2500   0.00057434
61.2750   0.00057387
61.3000   0.00057340
61.3250   0.00057294
61.3500   0.00057247
61.3750   0.00057201
61.4000   0.00057155
61.4250   0.00057108
61.4500   0.00057062
61.4750   0.00057016
61.5000   0.00056970
61.5250   0.00056924
61.5500   0.00056878
61.5750   0.00056832
61.6000   0.00056786
61.6250   0.00056741
61.6500   0.00056695
61.6750   0.00056650
61.7000   0.00056604
61.7250   0.00056559
61.7500   0.00056513
61.7750   0.00056468
61.8000   0.00056423
61.8250   0.00056378
61.8500   0.00056333
61.8750   0.00056288
61.9000   0.00056243
61.9250   0.00056198
61.9500   0.00056154
61.9750   0.00056109
62.0000   0.00056064
62.0250   0.00056020
62.0500   0.00055975
62.0750   0.00055931
62.1000   0.00055887
62.1250   0.00055843
62.1500   0.00055799
62.1750   0.00055755
62.2000   0.00055711
62.2250   0.00055667
62.2500   0.00055623
62.2750   0.00055579
62.3000   0.00055536
62.3250   0.00055492
62.3500   0.00055449
62.3750   0.00055406
62.4000   0.00055362
62.4250   0.00055319
62.4500   0.00055276
62.4750   0.00055233
62.5000   0.00055190
62.5250   0.00055147
62.5500   0.00055104
62.5750   0.00055062
62.6000   0.00055019
62.6250   0.00054977
62.6500   0.00054934
62.6750   0.00054892
62.7000   0.00054850
62.7250   0.00054807
62.7500   0.00054765
62.7750   0.00054723
62.8000   0.00054681
62.8250   0.00054640
62.8500   0.00054598
62.8750   0.00054556
62.9000   0.00054515
62.9250   0.00054473
62.9500   0.00054432
62.9750   0.00054390
63.0000   0.00054349
63.0250   0.00054308
63.0500   0.00054267
63.0750   0.00054226
63.1000   0.00054185
63.1250   0.00054144
63.1500   0.00054104
63.1750   0.00054063
63.2000   0.00054023
63.2250   0.00053982
63.2500   0.00053942
63.2750   0.00053902
63.3000   0.00053861
63.3250   0.00053821
63.3500   0.00053781
63.3750   0.00053741
63.4000   0.00053702
63.4250   0.00053662
63.4500   0.00053622
63.4750   0.00053583
63.5000   0.00053543
63.5250   0.00053504
63.5500   0.00053465
63.5750   0.00053425
63.6000   0.00053386
63.6250   0.00053347
63.6500   0.00053308
63.6750   0.00053270
63.7000   0.00053231
63.7250   0.00053192
63.7500   0.00053154
63.7750   0.00053115
63.8000   0.00053077
63.8250   0.00053039
63.8500   0.00053001
63.8750   0.00052963
63.9000   0.00052925
63.9250   0.00052887
63.9500   0.00052849
63.9750   0.00052811
64.0000   0.00052774
64.0250   0.00052736
64.0500   0.00052699
64.0750   0.00052661
64.1000   0.00052624
64.1250   0.00052587
64.1500   0.00052550
64.1750   0.00052513
64.2000   0.00052476
64.2250   0.00052440
64.2500   0.00052403
64.2750   0.00052366
64.3000   0.00052330
64.3250   0.00052294
64.3500   0.00052257
64.3750   0.00052221
64.4000   0.00052185
64.4250   0.00052149
64.4500   0.00052113
64.4750   0.00052078
64.5000   0.00052042
64.5250   0.00052006
64.5500   0.00051971
64.5750   0.00051936
64.6000   0.00051900
64.6250   0.00051865
64.6500   0.00051830
64.6750   0.00051795
64.7000   0.00051760
64.7250   0.00051726
64.7500   0.00051691
64.7750   0.00051656
64.8000   0.00051622
64.8250   0.00051587
64.8500   0.00051553
64.8750   0.00051519
64.9000   0.00051485
64.9250   0.00051451
64.9500   0.00051417
64.9750   0.00051383
65.0000   0.00051350
65.0250   0.00051316
65.0500   0.00051283
65.0750   0.00051249
65.1000   0.00051216
65.1250   0.00051183
65.1500   0.00051150
65.1750   0.00051117
65.2000   0.00051084
65.2250   0.00051052
65.2500   0.00051019
65.2750   0.00050987
65.3000   0.00050954
65.3250   0.00050922
65.3500   0.00050890
65.3750   0.00050858
65.4000   0.00050826
65.4250   0.00050794
65.4500   0.00050762
65.4750   0.00050730
65.5000   0.00050699
65.5250   0.00050667
65.5500   0.00050636
65.5750   0.00050605
65.6000   0.00050574
65.6250   0.00050543
65.6500   0.00050512
65.6750   0.00050481
65.7000   0.00050451
65.7250   0.00050420
65.7500   0.00050390
65.7750   0.00050359
65.8000   0.00050329
65.8250   0.00050299
65.8500   0.00050269
65.8750   0.00050239
65.9000   0.00050209
65.9250   0.00050179
65.9500   0.00050150
65.9750   0.00050120
66.0000   0.00050091
66.0250   0.00050062
66.0500   0.00050033
66.0750   0.00050004
66.1000   0.00049975
66.1250   0.00049946
66.1500   0.00049917
66.1750   0.00049889
66.2000   0.00049860
66.2250   0.00049832
66.2500   0.00049804
66.2750   0.00049776
66.3000   0.00049748
66.3250   0.00049720
66.3500   0.00049692
66.3750   0.00049665
66.4000   0.00049637
66.4250   0.00049610
66.4500   0.00049583
66.4750   0.00049555
66.5000   0.00049528
66.5250   0.00049501
66.5500   0.00049475
66.5750   0.00049448
66.6000   0.00049421
66.6250   0.00049395
66.6500   0.00049368
66.6750   0.00049342
66.7000   0.00049316
66.7250   0.00049290
66.7500   0.00049264
66.7750   0.00049239
66.8000   0.00049213
66.8250   0.00049187
66.8500   0.00049162
66.8750   0.00049137
66.9000   0.00049112
66.9250   0.00049086
66.9500   0.00049062
66.9750   0.00049037
67.0000   0.00049012
67.0250   0.00048988
67.0500   0.00048963
67.0750   0.00048939
67.1000   0.00048915
67.1250   0.00048890
67.1500   0.00048867
67.1750   0.00048843
67.2000   0.00048819
67.2250   0.00048795
67.2500   0.00048772
67.2750   0.00048749
67.3000   0.00048725
67.3250   0.00048702
67.3500   0.00048679
67.3750   0.00048656
67.4000   0.00048634
67.4250   0.00048611
67.4500   0.00048588
67.4750   0.00048566
67.5000   0.00048544
67.5250   0.00048522
67.5500   0.00048500
67.5750   0.00048478
67.6000   0.00048456
67.6250   0.00048434
67.6500   0.00048413
67.6750   0.00048392
67.7000   0.00048370
67.7250   0.00048349
67.7500   0.00048328
67.7750   0.00048307
67.8000   0.00048286
67.8250   0.00048266
67.8500   0.00048245
67.8750   0.00048225
67.9000   0.00048205
67.9250   0.00048184
67.9500   0.00048164
67.9750   0.00048144
68.0000   0.00048125
68.0250   0.00048105
68.0500   0.00048085
68.0750   0.00048066
68.1000   0.00048047
68.1250   0.00048028
68.1500   0.00048009
68.1750   0.00047990
68.2000   0.00047971
68.2250   0.00047952
68.2500   0.00047934
68.2750   0.00047915
68.3000   0.00047897
68.3250   0.00047879
68.3500   0.00047861
68.3750   0.00047843
68.4000   0.00047825
68.4250   0.00047807
68.4500   0.00047790
68.4750   0.00047772
68.5000   0.00047755
68.5250   0.00047738
68.5500   0.00047721
68.5750   0.00047704
68.6000   0.00047687
68.6250   0.00047670
68.6500   0.00047654
68.6750   0.00047637
68.7000   0.00047621
68.7250   0.00047605
68.7500   0.00047589
68.7750   0.00047573
68.8000   0.00047557
68.8250   0.00047541
68.8500   0.00047526
68.8750   0.00047510
68.9000   0.00047495
68.9250   0.00047480
68.9500   0.00047465
68.9750   0.00047450
69.0000   0.00047435
69.0250   0.00047420
69.0500   0.00047406
69.0750   0.00047391
69.1000   0.00047377
69.1250   0.00047363
69.1500   0.00047348
69.1750   0.00047334
69.2000   0.00047321
69.2250   0.00047307
69.2500   0.00047293
69.2750   0.00047280
69.3000   0.00047266
69.3250   0.00047253
69.3500   0.00047240
69.3750   0.00047227
69.4000   0.00047214
69.4250   0.00047201
69.4500   0.00047189
69.4750   0.00047176
69.5000   0.00047164
69.5250   0.00047152
69.5500   0.00047139
69.5750   0.00047127
69.6000   0.00047115
69.6250   0.00047104
69.6500   0.00047092
69.6750   0.00047080
69.7000   0.00047069
69.7250   0.00047058
69.7500   0.00047046
69.7750   0.00047035
69.8000   0.00047024
69.8250   0.00047013
69.8500   0.00047003
69.8750   0.00046992
69.9000   0.00046982
69.9250   0.00046971
69.9500   0.00046961
69.9750   0.00046951
70.0000   0.00046941
70.0250   0.00046931
70.0500   0.00046921
70.0750   0.00046911
70.1000   0.00046902
70.1250   0.00046892
70.1500   0.00046883
70.1750   0.00046874
70.2000   0.00046864
70.2250   0.00046855
70.2500   0.00046847
70.2750   0.00046838
70.3000   0.00046829
70.3250   0.00046821
70.3500   0.00046812
70.3750   0.00046804
70.4000   0.00046795
70.4250   0.00046787
70.4500   0.00046779
70.4750   0.00046771
70.5000   0.00046764
70.5250   0.00046756
70.5500   0.00046748
70.5750   0.00046741
70.6000   0.00046734
70.6250   0.00046726
70.6500   0.00046719
70.6750   0.00046712
70.7000   0.00046705
70.7250   0.00046698
70.7500   0.00046692
70.7750   0.00046685
70.8000   0.00046679
70.8250   0.00046672
70.8500   0.00046666
70.8750   0.00046660
70.9000   0.00046654
70.9250   0.00046648
70.9500   0.00046642
70.9750   0.00046636
71.0000   0.00046630
71.0250   0.00046625
71.0500   0.00046619
71.0750   0.00046614
71.1000   0.00046609
71.1250   0.00046603
71.1500   0.00046598
71.1750   0.00046593
71.2000   0.00046588
71.2250   0.00046584
71.2500   0.00046579
71.2750   0.00046574
71.3000   0.00046570
71.3250   0.00046565
71.3500   0.00046561
71.3750   0.00046557
71.4000   0.00046553
71.4250   0.00046549
71.4500   0.00046545
71.4750   0.00046541
71.5000   0.00046537
71.5250   0.00046534
71.5500   0.00046530
71.5750   0.00046526
71.6000   0.00046523
71.6250   0.00046520
71.6500   0.00046517
71.6750   0.00046513
71.7000   0.00046510
71.7250   0.00046507
71.7500   0.00046505
71.7750   0.00046502
71.8000   0.00046499
71.8250   0.00046496
71.8500   0.00046494
71.8750   0.00046491
71.9000   0.00046489
71.9250   0.00046487
71.9500   0.00046484
71.9750   0.00046482
72.0000   0.00046480
72.0250   0.00046478
72.0500   0.00046476
72.0750   0.00046475
72.1000   0.00046473
72.1250   0.00046471
72.1500   0.00046470
72.1750   0.00046468
72.2000   0.00046467
72.2250   0.00046465
72.2500   0.00046464
72.2750   0.00046463
72.3000   0.00046461
72.3250   0.00046460
72.3500   0.00046459
72.3750   0.00046458
72.4000   0.00046457
72.4250   0.00046457
72.4500   0.00046456
72.4750   0.00046455
72.5000   0.00046455
72.5250   0.00046454
72.5500   0.00046453
72.5750   0.00046453
72.6000   0.00046453
72.6250   0.00046452
72.6500   0.00046452
72.6750   0.00046452
72.7000   0.00046452
72.7250   0.00046452
72.7500   0.00046452
72.7750   0.00046452
72.8000   0.00046452
72.8250   0.00046452
72.8500   0.00046452
72.8750   0.00046452
72.9000   0.00046453
72.9250   0.00046453
72.9500   0.00046453
72.9750   0.00046454
73.0000   0.00046454
73.0250   0.00046455
73.0500   0.00046455
73.0750   0.00046456
73.1000   0.00046457
73.1250   0.00046457
73.1500   0.00046458
73.1750   0.00046459
73.2000   0.00046460
73.2250   0.00046461
73.2500   0.00046462
73.2750   0.00046463
73.3000   0.00046464
73.3250   0.00046465
73.3500   0.00046466
73.3750   0.00046467
73.4000   0.00046468
73.4250   0.00046469
73.4500   0.00046471
73.4750   0.00046472
73.5000   0.00046473
73.5250   0.00046474
73.5500   0.00046476
73.5750   0.00046477
73.6000   0.00046479
73.6250   0.00046480
73.6500   0.00046482
73.6750   0.00046483
73.7000   0.00046485
73.7250   0.00046486
73.7500   0.00046488
73.7750   0.00046489
73.8000   0.00046491
73.8250   0.00046493
73.8500   0.00046494
73.8750   0.00046496
73.9000   0.00046498
73.9250   0.00046499
73.9500   0.00046501
73.9750   0.00046503
74.0000   0.00046504
74.0250   0.00046506
74.0500   0.00046508
74.0750   0.00046510
74.1000   0.00046512
74.1250   0.00046513
74.1500   0.00046515
74.1750   0.00046517
74.2000   0.00046519
74.2250   0.00046521
74.2500   0.00046523
74.2750   0.00046524
74.3000   0.00046526
74.3250   0.00046528
74.3500   0.00046530
74.3750   0.00046532
74.4000   0.00046534
74.4250   0.00046536
74.4500   0.00046537
74.4750   0.00046539
74.5000   0.00046541
74.5250   0.00046543
74.5500   0.00046545
74.5750   0.00046547
74.6000   0.00046549
74.6250   0.00046550
74.6500   0.00046552
74.6750   0.00046554
74.7000   0.00046556
74.7250   0.00046558
74.7500   0.00046559
74.7750   0.00046561
74.8000   0.00046563
74.8250   0.00046565
74.8500   0.00046566
74.8750   0.00046568
74.9000   0.00046570
74.9250   0.00046572
74.9500   0.00046573
74.9750   0.00046575
75.0000   0.00046577
75.0250   0.00046578
75.0500   0.00046580
75.0750   0.00046581
75.1000   0.00046583
75.1250   0.00046584
75.1500   0.00046586
75.1750   0.00046587
75.2000   0.00046589
75.2250   0.00046590
75.2500   0.00046592
75.2750   0.00046593
75.3000   0.00046595
75.3250   0.00046596
75.3500   0.00046597
75.3750   0.00046598
75.4000   0.00046600
75.4250   0.00046601
75.4500   0.00046602
75.4750   0.00046603
75.5000   0.00046604
75.5250   0.00046605
75.5500   0.00046606
75.5750   0.00046607
75.6000   0.00046608
75.6250   0.00046609
75.6500   0.00046610
75.6750   0.00046611
75.7000   0.00046612
75.7250   0.00046613
75.7500   0.00046613
75.7750   0.00046614
75.8000   0.00046615
75.8250   0.00046615
75.8500   0.00046616
75.8750   0.00046616
75.9000   0.00046617
75.9250   0.00046617
75.9500   0.00046618
75.9750   0.00046618
76.0000   0.00046618
76.0250   0.00046619
76.0500   0.00046619
76.0750   0.00046619
76.1000   0.00046619
76.1250   0.00046619
76.1500   0.00046619
76.1750   0.00046619
76.2000   0.00046619
76.2250   0.00046619
76.2500   0.00046619
76.2750   0.00046618
76.3000   0.00046618
76.3250   0.00046618
76.3500   0.00046617
76.3750   0.00046617
76.4000   0.00046616
76.4250   0.00046616
76.4500   0.00046615
76.4750   0.00046614
76.5000   0.00046614
76.5250   0.00046613
76.5500   0.00046612
76.5750   0.00046611
76.6000   0.00046610
76.6250   0.00046609
76.6500   0.00046608
76.6750   0.00046607
76.7000   0.00046606
76.7250   0.00046604
76.7500   0.00046603
76.7750   0.00046602
76.8000   0.00046600
76.8250   0.00046599
76.8500   0.00046597
76.8750   0.00046595
76.9000   0.00046594
76.9250   0.00046592
76.9500   0.00046590
76.9750   0.00046588
77.0000   0.00046586
77.0250   0.00046584
77.0500   0.00046582
77.0750   0.00046580
77.1000   0.00046577
77.1250   0.00046575
77.1500   0.00046573
77.1750   0.00046570
77.2000   0.00046568
77.2250   0.00046565
77.2500   0.00046562
77.2750   0.00046560
77.3000   0.00046557
77.3250   0.00046554
77.3500   0.00046551
77.3750   0.00046548
77.4000   0.00046545
77.4250   0.00046542
77.4500   0.00046539
77.4750   0.00046535
77.5000   0.00046532
77.5250   0.00046528
77.5500   0.00046525
77.5750   0.00046521
77.6000   0.00046518
77.6250   0.00046514
77.6500   0.00046510
77.6750   0.00046506
77.7000   0.00046502
77.7250   0.00046498
77.7500   0.00046494
77.7750   0.00046490
77.8000   0.00046486
77.8250   0.00046481
77.8500   0.00046477
77.8750   0.00046472
77.9000   0.00046468
77.9250   0.00046463
77.9500   0.00046458
77.9750   0.00046454
78.0000   0.00046449
78.0250   0.00046444
78.0500   0.00046439
78.0750   0.00046434
78.1000   0.00046428
78.1250   0.00046423
78.1500   0.00046418
78.1750   0.00046412
78.2000   0.00046407
78.2250   0.00046401
78.2500   0.00046396
78.2750   0.00046390
78.3000   0.00046384
78.3250   0.00046378
78.3500   0.00046372
78.3750   0.00046366
78.4000   0.00046360
78.4250   0.00046354
78.4500   0.00046347
78.4750   0.00046341
78.5000   0.00046335
78.5250   0.00046328
78.5500   0.00046322
78.5750   0.00046315
78.6000   0.00046308
78.6250   0.00046301
78.6500   0.00046294
78.6750   0.00046287
78.7000   0.00046280
78.7250   0.00046273
78.7500   0.00046266
78.7750   0.00046258
78.8000   0.00046251
78.8250   0.00046244
78.8500   0.00046236
78.8750   0.00046228
78.9000   0.00046221
78.9250   0.00046213
78.9500   0.00046205
78.9750   0.00046197
79.0000   0.00046189
79.0250   0.00046181
79.0500   0.00046173
79.0750   0.00046164
79.1000   0.00046156
79.1250   0.00046148
79.1500   0.00046139
79.1750   0.00046130
79.2000   0.00046122
79.2250   0.00046113
79.2500   0.00046104
79.2750   0.00046095
79.3000   0.00046086
79.3250   0.00046077
79.3500   0.00046068
79.3750   0.00046059
79.4000   0.00046049
79.4250   0.00046040
79.4500   0.00046030
79.4750   0.00046021
79.5000   0.00046011
79.5250   0.00046002
79.5500   0.00045992
79.5750   0.00045982
79.6000   0.00045972
79.6250   0.00045962
79.6500   0.00045952
79.6750   0.00045942
79.7000   0.00045931
79.7250   0.00045921
79.7500   0.00045911
79.7750   0.00045900
79.8000   0.00045890
79.8250   0.00045879
79.8500   0.00045868
79.8750   0.00045857
79.9000   0.00045846
79.9250   0.00045835
79.9500   0.00045824
79.9750   0.00045813
80.0000   0.00045802
80.0250   0.00045791
80.0500   0.00045780
80.0750   0.00045768
80.1000   0.00045757
80.1250   0.00045745
80.1500   0.00045733
80.1750   0.00045722
80.2000   0.00045710
80.2250   0.00045698
80.2500   0.00045686
80.2750   0.00045674
80.3000   0.00045662
80.3250   0.00045650
80.3500   0.00045637
80.3750   0.00045625
80.4000   0.00045613
80.4250   0.00045600
80.4500   0.00045588
80.4750   0.00045575
80.5000   0.00045562
80.5250   0.00045550
80.5500   0.00045537
80.5750   0.00045524
80.6000   0.00045511
80.6250   0.00045498
80.6500   0.00045485
80.6750   0.00045472
80.7000   0.00045458
80.7250   0.00045445
80.7500   0.00045432
80.7750   0.00045418
80.8000   0.00045405
80.8250   0.00045391
80.8500   0.00045377
80.8750   0.00045363
80.9000   0.00045350
80.9250   0.00045336
80.9500   0.00045322
80.9750   0.00045308
81.0000   0.00045294
81.0250   0.00045279
81.0500   0.00045265
81.0750   0.00045251
81.1000   0.00045236
81.1250   0.00045222
81.1500   0.00045208
81.1750   0.00045193
81.2000   0.00045178
81.2250   0.00045164
81.2500   0.00045149
81.2750   0.00045134
81.3000   0.00045119
81.3250   0.00045104
81.3500   0.00045089
81.3750   0.00045074
81.4000   0.00045059
81.4250   0.00045044
81.4500   0.00045028
81.4750   0.00045013
81.5000   0.00044997
81.5250   0.00044982
81.5500   0.00044966
81.5750   0.00044951
81.6000   0.00044935
81.6250   0.00044919
81.6500   0.00044903
81.6750   0.00044888
81.7000   0.00044872
81.7250   0.00044856
81.7500   0.00044840
81.7750   0.00044824
81.8000   0.00044807
81.8250   0.00044791
81.8500   0.00044775
81.8750   0.00044758
81.9000   0.00044742
81.9250   0.00044726
81.9500   0.00044709
81.9750   0.00044692
82.0000   0.00044676
82.0250   0.00044659
82.0500   0.00044642
82.0750   0.00044625
82.1000   0.00044609
82.1250   0.00044592
82.1500   0.00044575
82.1750   0.00044558
82.2000   0.00044540
82.2250   0.00044523
82.2500   0.00044506
82.2750   0.00044489
82.3000   0.00044471
82.3250   0.00044454
82.3500   0.00044437
82.3750   0.00044419
82.4000   0.00044401
82.4250   0.00044384
82.4500   0.00044366
82.4750   0.00044348
82.5000   0.00044331
82.5250   0.00044313
82.5500   0.00044295
82.5750   0.00044277
82.6000   0.00044259
82.6250   0.00044241
82.6500   0.00044223
82.6750   0.00044205
82.7000   0.00044187
82.7250   0.00044168
82.7500   0.00044150
82.7750   0.00044132
82.8000   0.00044113
82.8250   0.00044095
82.8500   0.00044076
82.8750   0.00044058
82.9000   0.00044039
82.9250   0.00044020
82.9500   0.00044002
82.9750   0.00043983
83.0000   0.00043964
83.0250   0.00043945
83.0500   0.00043926
83.0750   0.00043908
83.1000   0.00043889
83.1250   0.00043869
83.1500   0.00043850
83.1750   0.00043831
83.2000   0.00043812
83.2250   0.00043793
83.2500   0.00043774
83.2750   0.00043754
83.3000   0.00043735
83.3250   0.00043715
83.3500   0.00043696
83.3750   0.00043676
83.4000   0.00043657
83.4250   0.00043637
83.4500   0.00043618
83.4750   0.00043598
83.5000   0.00043578
83.5250   0.00043558
83.5500   0.00043539
83.5750   0.00043519
83.6000   0.00043499
83.6250   0.00043479
83.6500   0.00043459
83.6750   0.00043439
83.7000   0.00043419
83.7250   0.00043399
83.7500   0.00043378
83.7750   0.00043358
83.8000   0.00043338
83.8250   0.00043318
83.8500   0.00043297
83.8750   0.00043277
83.9000   0.00043257
83.9250   0.00043236
83.9500   0.00043216
83.9750   0.00043195
84.0000   0.00043174
84.0250   0.00043154
84.0500   0.00043133
84.0750   0.00043112
84.1000   0.00043092
84.1250   0.00043071
84.1500   0.00043050
84.1750   0.00043029
84.2000   0.00043008
84.2250   0.00042987
84.2500   0.00042966
84.2750   0.00042945
84.3000   0.00042924
84.3250   0.00042903
84.3500   0.00042882
84.3750   0.00042861
84.4000   0.00042840
84.4250   0.00042818
84.4500   0.00042797
84.4750   0.00042776
84.5000   0.00042754
84.5250   0.00042733
84.5500   0.00042712
84.5750   0.00042690
84.6000   0.00042669
84.6250   0.00042647
84.6500   0.00042626
84.6750   0.00042604
84.7000   0.00042582
84.7250   0.00042561
84.7500   0.00042539
84.7750   0.00042517
84.8000   0.00042495
84.8250   0.00042473
84.8500   0.00042452
84.8750   0.00042430
84.9000   0.00042408
84.9250   0.00042386
84.9500   0.00042364
84.9750   0.00042342
85.0000   0.00042320
85.0250   0.00042298
85.0500   0.00042275
85.0750   0.00042253
85.1000   0.00042231
85.1250   0.00042209
85.1500   0.00042187
85.1750   0.00042164
85.2000   0.00042142
85.2250   0.00042120
85.2500   0.00042097
85.2750   0.00042075
85.3000   0.00042052
85.3250   0.00042030
85.3500   0.00042007
85.3750   0.00041985
85.4000   0.00041962
85.4250   0.00041939
85.4500   0.00041917
85.4750   0.00041894
85.5000   0.00041871
85.5250   0.00041849
85.5500   0.00041826
85.5750   0.00041803
85.6000   0.00041780
85.6250   0.00041757
85.6500   0.00041734
85.6750   0.00041711
85.7000   0.00041689
85.7250   0.00041666
85.7500   0.00041643
85.7750   0.00041619
85.8000   0.00041596
85.8250   0.00041573
85.8500   0.00041550
85.8750   0.00041527
85.9000   0.00041504
85.9250   0.00041480
85.9500   0.00041457
85.9750   0.00041434
86.0000   0.00041411
86.0250   0.00041387
86.0500   0.00041364
86.0750   0.00041340
86.1000   0.00041317
86.1250   0.00041294
86.1500   0.00041270
86.1750   0.00041247
86.2000   0.00041223
86.2250   0.00041199
86.2500   0.00041176
86.2750   0.00041152
86.3000   0.00041129
86.3250   0.00041105
86.3500   0.00041081
86.3750   0.00041057
86.4000   0.00041034
86.4250   0.00041010
86.4500   0.00040986
86.4750   0.00040962
86.5000   0.00040938
86.5250   0.00040914
86.5500   0.00040890
86.5750   0.00040866
86.6000   0.00040842
86.6250   0.00040818
86.6500   0.00040794
86.6750   0.00040770
86.7000   0.00040746
86.7250   0.00040722
86.7500   0.00040698
86.7750   0.00040674
86.8000   0.00040650
86.8250   0.00040625
86.8500   0.00040601
86.8750   0.00040577
86.9000   0.00040553
86.9250   0.00040528
86.9500   0.00040504
86.9750   0.00040480
87.0000   0.00040455
87.0250   0.00040431
87.0500   0.00040406
87.0750   0.00040382
87.1000   0.00040357
87.1250   0.00040333
87.1500   0.00040308
87.1750   0.00040284
87.2000   0.00040259
87.2250   0.00040234
87.2500   0.00040210
87.2750   0.00040185
87.3000   0.00040160
87.3250   0.00040136
87.3500   0.00040111
87.3750   0.00040086
87.4000   0.00040061
87.4250   0.00040036
87.4500   0.00040012
87.4750   0.00039987
87.5000   0.00039962
87.5250   0.00039937
87.5500   0.00039912
87.5750   0.00039887
87.6000   0.00039862
87.6250   0.00039837
87.6500   0.00039812
87.6750   0.00039787
87.7000   0.00039762
87.7250   0.00039737
87.7500   0.00039711
87.7750   0.00039686
87.8000   0.00039661
87.8250   0.00039636
87.8500   0.00039611
87.8750   0.00039585
87.9000   0.00039560
87.9250   0.00039535
87.9500   0.00039509
87.9750   0.00039484
88.0000   0.00039459
88.0250   0.00039433
88.0500   0.00039408
88.0750   0.00039382
88.1000   0.00039357
88.1250   0.00039331
88.1500   0.00039306
88.1750   0.00039280
88.2000   0.00039255
88.2250   0.00039229
88.2500   0.00039204
88.2750   0.00039178
88.3000   0.00039152
88.3250   0.00039127
88.3500   0.00039101
88.3750   0.00039075
88.4000   0.00039049
88.4250   0.00039024
88.4500   0.00038998
88.4750   0.00038972
88.5000   0.00038946
88.5250   0.00038920
88.5500   0.00038894
88.5750   0.00038869
88.6000   0.00038843
88.6250   0.00038817
88.6500   0.00038791
88.6750   0.00038765
88.7000   0.00038739
88.7250   0.00038712
88.7500   0.00038686
88.7750   0.00038660
88.8000   0.00038634
88.8250   0.00038608
88.8500   0.00038582
88.8750   0.00038556
88.9000   0.00038529
88.9250   0.00038503
88.9500   0.00038477
88.9750   0.00038451
89.0000   0.00038424
89.0250   0.00038398
89.0500   0.00038372
89.0750   0.00038345
89.1000   0.00038319
89.1250   0.00038292
89.1500   0.00038266
89.1750   0.00038239
89.2000   0.00038213
89.2250   0.00038186
89.2500   0.00038160
89.2750   0.00038133
89.3000   0.00038106
89.3250   0.00038080
89.3500   0.00038053
89.3750   0.00038026
89.4000   0.00038000
89.4250   0.00037973
89.4500   0.00037946
89.4750   0.00037919
89.5000   0.00037893
89.5250   0.00037866
89.5500   0.00037839
89.5750   0.00037812
89.6000   0.00037785
89.6250   0.00037758
89.6500   0.00037731
89.6750   0.00037704
89.7000   0.00037677
89.7250   0.00037650
89.7500   0.00037623
89.7750   0.00037596
89.8000   0.00037569
89.8250   0.00037542
89.8500   0.00037514
89.8750   0.00037487
89.9000   0.00037460
89.9250   0.00037433
89.9500   0.00037405
89.9750   0.00037378
90.0000   0.00037351
90.0250   0.00037323
90.0500   0.00037296
90.0750   0.00037268
90.1000   0.00037241
90.1250   0.00037213
90.1500   0.00037186
90.1750   0.00037158
90.2000   0.00037131
90.2250   0.00037103
90.2500   0.00037076
90.2750   0.00037048
90.3000   0.00037020
90.3250   0.00036992
90.3500   0.00036965
90.3750   0.00036937
90.4000   0.00036909
90.4250   0.00036881
90.4500   0.00036853
90.4750   0.00036825
90.5000   0.00036797
90.5250   0.00036769
90.5500   0.00036741
90.5750   0.00036713
90.6000   0.00036685
90.6250   0.00036657
90.6500   0.00036629
90.6750   0.00036601
90.7000   0.00036573
90.7250   0.00036544
90.7500   0.00036516
90.7750   0.00036488
90.8000   0.00036460
90.8250   0.00036431
90.8500   0.00036403
90.8750   0.00036374
90.9000   0.00036346
90.9250   0.00036317
90.9500   0.00036289
90.9750   0.00036260
91.0000   0.00036232
91.0250   0.00036203
91.0500   0.00036174
91.0750   0.00036145
91.1000   0.00036117
91.1250   0.00036088
91.1500   0.00036059
91.1750   0.00036030
91.2000   0.00036001
91.2250   0.00035972
91.2500   0.00035943
91.2750   0.00035914
91.3000   0.00035885
91.3250   0.00035856
91.3500   0.00035827
91.3750   0.00035798
91.4000   0.00035768
91.4250   0.00035739
91.4500   0.00035710
91.4750   0.00035680
91.5000   0.00035651
91.5250   0.00035622
91.5500   0.00035592
91.5750   0.00035563
91.6000   0.00035533
91.6250   0.00035503
91.6500   0.00035474
91.6750   0.00035444
91.7000   0.00035414
91.7250   0.00035384
91.7500   0.00035354
91.7750   0.00035325
91.8000   0.00035295
91.8250   0.00035265
91.8500   0.00035235
91.8750   0.00035204
91.9000   0.00035174
91.9250   0.00035144
91.9500   0.00035114
91.9750   0.00035084
92.0000   0.00035053
92.0250   0.00035023
92.0500   0.00034992
92.0750   0.00034962
92.1000   0.00034931
92.1250   0.00034901
92.1500   0.00034870
92.1750   0.00034839
92.2000   0.00034809
92.2250   0.00034778
92.2500   0.00034747
92.2750   0.00034716
92.3000   0.00034685
92.3250   0.00034654
92.3500   0.00034623
92.3750   0.00034592
92.4000   0.00034561
92.4250   0.00034529
92.4500   0.00034498
92.4750   0.00034467
92.5000   0.00034435
92.5250   0.00034404
92.5500   0.00034372
92.5750   0.00034340
92.6000   0.00034309
92.6250   0.00034277
92.6500   0.00034245
92.6750   0.00034213
92.7000   0.00034181
92.7250   0.00034149
92.7500   0.00034117
92.7750   0.00034085
92.8000   0.00034053
92.8250   0.00034020
92.8500   0.00033988
92.8750   0.00033956
92.9000   0.00033923
92.9250   0.00033891
92.9500   0.00033858
92.9750   0.00033825
93.0000   0.00033793
93.0250   0.00033760
93.0500   0.00033727
93.0750   0.00033694
93.1000   0.00033661
93.1250   0.00033628
93.1500   0.00033594
93.1750   0.00033561
93.2000   0.00033528
93.2250   0.00033494
93.2500   0.00033461
93.2750   0.00033427
93.3000   0.00033393
93.3250   0.00033360
93.3500   0.00033326
93.3750   0.00033292
93.4000   0.00033258
93.4250   0.00033224
93.4500   0.00033189
93.4750   0.00033155
93.5000   0.00033121
93.5250   0.00033086
93.5500   0.00033052
93.5750   0.00033017
93.6000   0.00032982
93.6250   0.00032948
93.6500   0.00032913
93.6750   0.00032878
93.7000   0.00032843
93.7250   0.00032807
93.7500   0.00032772
93.7750   0.00032737
93.8000   0.00032701
93.8250   0.00032666
93.8500   0.00032630
93.8750   0.00032594
93.9000   0.00032558
93.9250   0.00032522
93.9500   0.00032486
93.9750   0.00032450
94.0000   0.00032414
94.0250   0.00032377
94.0500   0.00032341
94.0750   0.00032304
94.1000   0.00032268
94.1250   0.00032231
94.1500   0.00032194
94.1750   0.00032157
94.2000   0.00032120
94.2250   0.00032082
94.2500   0.00032045
94.2750   0.00032008
94.3000   0.00031970
94.3250   0.00031932
94.3500   0.00031894
94.3750   0.00031856
94.4000   0.00031818
94.4250   0.00031780
94.4500   0.00031742
94.4750   0.00031703
94.5000   0.00031665
94.5250   0.00031626
94.5500   0.00031587
94.5750   0.00031548
94.6000   0.00031509
94.6250   0.00031470
94.6500   0.00031431
94.6750   0.00031391
94.7000   0.00031352
94.7250   0.00031312
94.7500   0.00031272
94.7750   0.00031232
94.8000   0.00031192
94.8250   0.00031151
94.8500   0.00031111
94.8750   0.00031070
94.9000   0.00031030
94.9250   0.00030989
94.9500   0.00030948
94.9750   0.00030906
95.0000   0.00030865
95.0250   0.00030824
95.0500   0.00030782
95.0750   0.00030740
95.1000   0.00030698
95.1250   0.00030656
95.1500   0.00030614
95.1750   0.00030571
95.2000   0.00030529
95.2250   0.00030486
95.2500   0.00030443
95.2750   0.00030400
95.3000   0.00030357
95.3250   0.00030313
95.3500   0.00030270
95.3750   0.00030226
95.4000   0.00030182
95.4250   0.00030138
95.4500   0.00030094
95.4750   0.00030049
95.5000   0.00030005
95.5250   0.00029960
95.5500   0.00029915
95.5750   0.00029870
95.6000   0.00029824
95.6250   0.00029779
95.6500   0.00029733
95.6750   0.00029687
95.7000   0.00029641
95.7250   0.00029595
95.7500   0.00029548
95.7750   0.00029501
95.8000   0.00029454
95.8250   0.00029407
95.8500   0.00029360
95.8750   0.00029312
95.9000   0.00029265
95.9250   0.00029217
95.9500   0.00029169
95.9750   0.00029120
96.0000   0.00029072
96.0250   0.00029023
96.0500   0.00028974
96.0750   0.00028925
96.1000   0.00028875
96.1250   0.00028826
96.1500   0.00028776
96.1750   0.00028725
96.2000   0.00028675
96.2250   0.00028625
96.2500   0.00028574
96.2750   0.00028523
96.3000   0.00028471
96.3250   0.00028420
96.3500   0.00028368
96.3750   0.00028316
96.4000   0.00028264
96.4250   0.00028211
96.4500   0.00028159
96.4750   0.00028106
96.5000   0.00028052
96.5250   0.00027999
96.5500   0.00027945
96.5750   0.00027891
96.6000   0.00027837
96.6250   0.00027782
96.6500   0.00027728
96.6750   0.00027673
96.7000   0.00027617
96.7250   0.00027562
96.7500   0.00027506
96.7750   0.00027450
96.8000   0.00027393
96.8250   0.00027337
96.8500   0.00027280
96.8750   0.00027222
96.9000   0.00027165
96.9250   0.00027107
96.9500   0.00027049
96.9750   0.00026991
97.0000   0.00026932
97.0250   0.00026873
97.0500   0.00026814
97.0750   0.00026754
97.1000   0.00026695
97.1250   0.00026634
97.1500   0.00026574
97.1750   0.00026513
97.2000   0.00026452
97.2250   0.00026391
97.2500   0.00026329
97.2750   0.00026267
97.3000   0.00026205
97.3250   0.00026143
97.3500   0.00026080
97.3750   0.00026017
97.4000   0.00025953
97.4250   0.00025889
97.4500   0.00025825
97.4750   0.00025761
97.5000   0.00025696
97.5250   0.00025631
97.5500   0.00025566
97.5750   0.00025500
97.6000   0.00025434
97.6250   0.00025367
97.6500   0.00025301
97.6750   0.00025234
97.7000   0.00025166
97.7250   0.00025099
97.7500   0.00025031
97.7750   0.00024962
97.8000   0.00024894
97.8250   0.00024825
97.8500   0.00024755
97.8750   0.00024686
97.9000   0.00024616
97.9250   0.00024546
97.9500   0.00024475
97.9750   0.00024404
98.0000   0.00024333
98.0250   0.00024261
98.0500   0.00024189
98.0750   0.00024117
98.1000   0.00024044
98.1250   0.00023971
98.1500   0.00023898
98.1750   0.00023825
98.2000   0.00023751
98.2250   0.00023677
98.2500   0.00023602
98.2750   0.00023527
98.3000   0.00023452
98.3250   0.00023377
98.3500   0.00023301
98.3750   0.00023225
98.4000   0.00023148
98.4250   0.00023071
98.4500   0.00022994
98.4750   0.00022917
98.5000   0.00022839
98.5250   0.00022761
98.5500   0.00022683
98.5750   0.00022605
98.6000   0.00022526
98.6250   0.00022447
98.6500   0.00022367
98.6750   0.00022288
98.7000   0.00022208
98.7250   0.00022128
98.7500   0.00022047
98.7750   0.00021966
98.8000   0.00021885
98.8250   0.00021804
98.8500   0.00021723
98.8750   0.00021641
98.9000   0.00021559
98.9250   0.00021477
98.9500   0.00021394
98.9750   0.00021311
99.0000   0.00021228
99.0250   0.00021145
99.0500   0.00021062
99.0750   0.00020978
99.1000   0.00020895
99.1250   0.00020811
99.1500   0.00020727
99.1750   0.00020642
99.2000   0.00020558
99.2250   0.00020473
99.2500   0.00020388
99.2750   0.00020304
99.3000   0.00020218
99.3250   0.00020133
99.3500   0.00020048
99.3750   0.00019962
99.4000   0.00019877
99.4250   0.00019791
99.4500   0.00019705
99.4750   0.00019620
99.5000   0.00019534
99.5250   0.00019448
99.5500   0.00019362
99.5750   0.00019275
99.6000   0.00019189
99.6250   0.00019103
99.6500   0.00019017
99.6750   0.00018930
99.7000   0.00018844
99.7250   0.00018758
99.7500   0.00018672
99.7750   0.00018585
99.8000   0.00018499
99.8250   0.00018413
99.8500   0.00018327
99.8750   0.00018240
99.9000   0.00018154
99.9250   0.00018068
99.9500   0.00017982
99.9750   0.00017897
