# # xx                                                           FEFF 9.9.1  
# # POT  SCF  30  6.1000   0, screened core-hole, AFOLP (folp(0)= 1.150)
# # Abs   Z=22 Rmt= 1.188 Rnm= 1.384 K  shell
# # Pot 1 Z=22 Rmt= 1.188 Rnm= 1.384
# # Pot 2 Z= 8 Rmt= 0.823 Rnm= 1.086
# # Gam_ch=9.030E-01 H-L exch Vi= 0.000E+00 Vr= 0.000E+00
# # Mu=-1.041E+01eV kf=2.313E+00 Vint=-1.855E+01eV Rs_int= 1.568
# FMS rfms= 8.1000
# # PATH  Rmax=-1.000,  Keep_limit= 0.00, Heap_limit 0.00  Pwcrit= 2.50%
#  S02=0.943  Temp=   0.00  Debye_temp=   0.00  Global_sig2= 0.00000
#  Energy zero shift, vr, vi    0.00000E+00   0.00000E+00
#  Curved wave amplitude ratio filter   4.000%
#     file         sig2 tot  cw amp ratio   deg  nlegs   reff  inp sig2
#     0/   0 paths used
#  xsedge+ 50, used to normalize mu           4.6585E-04
#  -----------------------------------------------------------------------
#  omega    e    k    mu    mu0     chi     @#
    4965.739    -14.224  -1.000  2.39216E-02  2.97887E-02 -5.86708E-03
    4966.463    -13.500  -0.900  2.90291E-02  3.59706E-02 -6.94152E-03
    4967.111    -12.852  -0.800  3.60866E-02  4.43074E-02 -8.22077E-03
    4967.682    -12.281  -0.700  4.61745E-02  5.59389E-02 -9.76435E-03
    4968.178    -11.786  -0.600  6.11027E-02  7.28062E-02 -1.17036E-02
    4968.597    -11.367  -0.500  8.38599E-02  9.82057E-02 -1.43459E-02
    4968.940    -11.024  -0.400  1.18765E-01  1.37062E-01 -1.82975E-02
    4969.206    -10.757  -0.300  1.68722E-01  1.92796E-01 -2.40741E-02
    4969.397    -10.566  -0.200  2.25734E-01  2.56041E-01 -3.03068E-02
    4969.511    -10.452  -0.100  2.69200E-01  3.03263E-01 -3.40634E-02
    4969.549    -10.414   0.000  2.84828E-01  3.19815E-01 -3.49869E-02
    4969.649    -10.314   0.162  3.26084E-01  3.62995E-01 -3.69107E-02
    4969.749    -10.214   0.229  3.66657E-01  4.03114E-01 -3.64570E-02
    4969.787    -10.176   0.250  3.81651E-01  4.17120E-01 -3.54684E-02
    4969.892    -10.071   0.300  4.20462E-01  4.51498E-01 -3.10368E-02
    4970.016     -9.947   0.350  4.62033E-01  4.84834E-01 -2.28015E-02
    4970.159     -9.804   0.400  5.04300E-01  5.15457E-01 -1.11572E-02
    4970.321     -9.642   0.450  5.45199E-01  5.42973E-01  2.22575E-03
    4970.502     -9.462   0.500  5.82783E-01  5.67729E-01  1.50542E-02
    4970.702     -9.261   0.550  6.15363E-01  5.90344E-01  2.50184E-02
    4970.921     -9.042   0.600  6.42867E-01  6.11434E-01  3.14336E-02
    4971.159     -8.804   0.650  6.62903E-01  6.31502E-01  3.14008E-02
    4971.416     -8.547   0.700  6.57591E-01  6.50910E-01  6.68033E-03
    4971.692     -8.271   0.750  6.09969E-01  6.69925E-01 -5.99559E-02
    4971.988     -7.976   0.800  5.31026E-01  6.88739E-01 -1.57712E-01
    4972.302     -7.661   0.850  4.44288E-01  7.07447E-01 -2.63160E-01
    4972.635     -7.328   0.900  3.68893E-01  7.26132E-01 -3.57240E-01
    4972.988     -6.976   0.950  3.16564E-01  7.44806E-01 -4.28243E-01
    4973.359     -6.604   1.000  2.86206E-01  7.63479E-01 -4.77272E-01
    4973.750     -6.214   1.050  2.67819E-01  7.82126E-01 -5.14307E-01
    4974.159     -5.804   1.100  2.57762E-01  8.00700E-01 -5.42937E-01
    4974.588     -5.375   1.150  2.59631E-01  8.19152E-01 -5.59521E-01
    4975.036     -4.928   1.200  2.74245E-01  8.37436E-01 -5.63191E-01
    4975.502     -4.461   1.250  2.99127E-01  8.55480E-01 -5.56353E-01
    4975.988     -3.975   1.300  3.33114E-01  8.73216E-01 -5.40103E-01
    4976.493     -3.470   1.350  3.76165E-01  8.90587E-01 -5.14421E-01
    4977.017     -2.946   1.400  4.28267E-01  9.07509E-01 -4.79242E-01
    4977.560     -2.404   1.450  4.88117E-01  9.23923E-01 -4.35806E-01
    4978.122     -1.842   1.500  5.52253E-01  9.39769E-01 -3.87516E-01
    4978.703     -1.261   1.550  6.17381E-01  9.54987E-01 -3.37607E-01
    4979.303     -0.660   1.600  6.84472E-01  9.69498E-01 -2.85026E-01
    4979.922     -0.041   1.650  7.59292E-01  9.83278E-01 -2.23987E-01
    4980.560      0.597   1.700  8.41379E-01  9.96276E-01 -1.54897E-01
    4981.217      1.254   1.750  8.98716E-01  1.00844E+00 -1.09722E-01
    4981.894      1.930   1.800  9.14617E-01  1.01974E+00 -1.05122E-01
    4982.589      2.626   1.850  9.30216E-01  1.03015E+00 -9.99318E-02
    4983.303      3.340   1.900  9.60192E-01  1.03967E+00 -7.94746E-02
    4984.037      4.073   1.950  1.00398E+00  1.04826E+00 -4.42779E-02
    4984.789      4.826   2.000  1.06669E+00  1.05594E+00  1.07451E-02
    4985.561      5.597   2.050  1.15063E+00  1.06270E+00  8.79328E-02
    4986.351      6.388   2.100  1.24546E+00  1.06855E+00  1.76906E-01
    4987.161      7.198   2.150  1.33032E+00  1.07352E+00  2.56800E-01
    4987.990      8.026   2.200  1.39510E+00  1.07761E+00  3.17484E-01
    4988.837      8.874   2.250  1.43646E+00  1.08087E+00  3.55591E-01
    4989.704      9.741   2.300  1.44716E+00  1.08331E+00  3.63853E-01
    4990.590     10.627   2.350  1.42740E+00  1.08497E+00  3.42431E-01
    4991.495     11.531   2.400  1.38640E+00  1.08590E+00  3.00496E-01
    4992.419     12.455   2.450  1.33198E+00  1.08614E+00  2.45842E-01
    4993.362     13.398   2.500  1.26920E+00  1.08573E+00  1.83472E-01
    4994.324     14.360   2.550  1.20196E+00  1.08471E+00  1.17248E-01
    4995.305     15.341   2.600  1.13329E+00  1.08313E+00  5.01537E-02
    4996.305     16.342   2.650  1.07125E+00  1.08105E+00 -9.80412E-03
    4997.324     17.361   2.700  1.02928E+00  1.07851E+00 -4.92330E-02
    4998.362     18.399   2.750  1.01536E+00  1.07557E+00 -6.02161E-02
    4999.419     19.456   2.800  1.01035E+00  1.07225E+00 -6.18987E-02
    5000.496     20.533   2.850  1.00524E+00  1.06864E+00 -6.33949E-02
    5001.591     21.628   2.900  9.99084E-01  1.06474E+00 -6.56581E-02
    5002.706     22.742   2.950  9.93016E-01  1.06062E+00 -6.76076E-02
    5003.839     23.876   3.000  9.88010E-01  1.05631E+00 -6.83030E-02
    5004.992     25.028   3.050  9.84377E-01  1.05186E+00 -6.74861E-02
    5006.163     26.200   3.100  9.82010E-01  1.04732E+00 -6.53103E-02
    5007.354     27.391   3.150  9.80945E-01  1.04270E+00 -6.17507E-02
    5008.563     28.600   3.200  9.81547E-01  1.03804E+00 -5.64933E-02
    5009.792     29.829   3.250  9.83942E-01  1.03339E+00 -4.94527E-02
    5011.040     31.077   3.300  9.87641E-01  1.02876E+00 -4.11160E-02
    5012.307     32.344   3.350  9.91831E-01  1.02419E+00 -3.23611E-02
    5013.593     33.629   3.400  9.95732E-01  1.01970E+00 -2.39687E-02
    5014.898     34.934   3.450  9.99068E-01  1.01532E+00 -1.62516E-02
    5016.222     36.258   3.500  1.00189E+00  1.01105E+00 -9.16456E-03
    5017.565     37.601   3.550  1.00447E+00  1.00694E+00 -2.46348E-03
    5018.927     38.963   3.600  1.00686E+00  1.00298E+00  3.87462E-03
    5020.308     40.344   3.650  1.00868E+00  9.99203E-01  9.47430E-03
    5021.708     41.745   3.700  1.00928E+00  9.95616E-01  1.36689E-02
    5023.127     43.164   3.750  1.00819E+00  9.92227E-01  1.59635E-02
    5024.565     44.602   3.800  1.00554E+00  9.89040E-01  1.65052E-02
    5026.023     46.059   3.850  1.00203E+00  9.86091E-01  1.59409E-02
    5027.499     47.536   3.900  9.98510E-01  9.83387E-01  1.51233E-02
    5028.994     49.031   3.950  9.95939E-01  9.80983E-01  1.49567E-02
    5030.509     50.546   4.000  9.95167E-01  9.79003E-01  1.61642E-02
